218.592139473
290.634160146
393.249839442
513.124329874
588.240011782
634.461742908
678.361169851
645.657333433
550.69296166
407.397126404
272.014414188
188.297966435
92.9591637432
162.632541661
280.515406538
434.239870342
565.515760537
646.613593805
659.302140498
572.322702973
418.888123014
250.874474493
128.325358037
72.1825566787
194.730434416
272.20005368
385.21758012
512.53361275
602.242263931
651.979187701
680.410203978
624.496796495
505.767555451
356.382673313
236.393867869
170.067589967
