68.3464468767
115.373199608
147.966876262
206.002853249
116.858750496
307.394273592
230.132847811
153.941530288
282.393739077
141.363253244
138.873950705
178.313086901
172.225076156
151.626003641
156.495680519
219.329578225
212.429709148
75.6136112219
94.9268367678
90.2804985836
248.598415052
143.941280584
180.300986776
27.6332943589
179.425596387
262.0594465
83.9456176452
32.749731
120.247324839
42.1869876
22.5503018065
18.1047570645
17.7962840333
18.0777731935
16.3947776
20.0665387742
14.1978209032
121.703904679
953.512101774
56.4040489
35.6648688387
27.1230493
21.4672336774
15.6202725484
12.1691143333
18.3408853871
23.0342625667
74.796632129
116.836052645
698.39255831
201.75963529
66.6369238333
37.1759809677
33.2567942667
26.2640053548
18.2939223226
14.9345824667
23.1864748387
22.5823721667
537.134649194
1069.09956371
602.620762786
131.706976839
90.5018698333
69.897863
55.9165334333
33.5578431613
26.9537536129
21.5021003333
29.6794831935
40.5501101333
318.573602484
202.784150935
450.577496429
65.4652597097
58.2684759
41.8807915161
27.7497114667
21.2385819032
16.6269556452
13.9913971667
15.1152414194
216.681543667
299.358057097
1638.12128935
133.9007065
1039.10043732
136.1885215
101.235839581
60.0839813
44.4494777742
35.4036216129
27.8496717667
21.6265782581
16.9928792
385.102706613
379.598405387
678.552257621
249.984374581
108.693329067
74.8545557742
46.3394504
33.2982254194
25.5711114194
20.5173128
23.1544468065
90.1289719
1038.70774845
829.123153806
103.516026643
67.6728770968
47.5992864
37.404056
30.9619205667
19.9442339677
23.6129995161
15.6293582333
20.1227420323
351.2366418
290.100376258
698.105598452
1746.28138089
202.541856161
178.534632667
147.662992032
69.3817106
48.7108332581
38.0328748387
29.8007818
29.165541871
195.530514
125.470849387
145.725683935
821.127133
269.465707452
164.749321433
62.3850287419
48.3756771
37.1428468387
28.9849958387
23.7593019
23.9322332903
82.0331085667
46.5088406774
261.863012548
848.11362131
233.955069194
91.6745762333
56.6815220323
39.6644954333
29.0395272903
22.661482871
20.1034514333
36.0795455806
32.1051362667
28.3050391613
216.74119471
569.226808607
227.515305871
56.4714641333
37.0576253871
30.6113864
23.3652711613
17.3240877419
14.1744498
15.9275100645
275.1599524
683.146698484
359.622747
92.5059858929
84.2251407097
47.5975091
40.6472355161
27.2852871
20.7816501613
15.9609265806
12.1618676667
9.19120319355
65.3790454667
1266.32186819
288.106957839
117.689892214
116.758307194
229.4584055
112.082386581
45.0072752
35.0232880968
27.3518994516
21.5489995333
16.6088102903
57.2900409667
741.133921871
280.740696742
635.020052345
99.5266316452
58.7859946
41.647292129
32.5946499
25.6470978387
20.0106203548
16.1637836333
52.8244760645
54.2065479667
576.677645516
459.717634839
224.034794643
244.646943258
120.9123893
107.987116226
53.6525390667
35.6598739032
27.6146986452
21.7026071333
21.2222747419
49.2449902
1245.63358842
586.19819829
235.237650429
596.128560258
543.4014342
82.0630685161
60.0756807
46.5083557419
36.1992303871
28.1735482667
24.3504631935
41.4573728
265.873044516
64.6561834194
483.321137571
91.1329262581
59.9842736333
37.1848415484
26.0632019667
21.0274255161
15.7839395484
12.6172949
22.880564
11.8042777
94.1697583548
683.677373258
193.161245655
42.6283839677
28.4586459333
20.7220497097
15.8636748667
12.4338311613
9.72388222581
7.64760676667
14.4547739677
57.7914505
50.1888925161
26.6245381613
452.840599821
273.812458742
36.8756203
83.6771006774
21.5543481667
16.8956486452
13.3788115806
10.8875448333
42.0520346129
22.9338539
108.246638935
964.954390129
372.357068179
190.803618161
292.5017469
92.0021225161
50.7929864
37.7798803226
29.9435013871
23.7810840333
139.684411516
131.956868933
652.620559742
159.003428323
340.873699536
801.672211548
97.6431666333
74.9987336129
67.9954998333
40.4373957419
30.1611575484
23.4714238
40.5593052581
40.9953528333
17.391656129
194.85477971
63.8842573103
292.42091071
112.701134433
37.5252162581
27.7146604333
21.2928932903
16.5608304194
12.9279680333
21.5149993226
453.7434247
897.278824161
97.2314890968
47.10154075
49.8542136452
37.7421715667
22.2377916129
22.5735754667
14.2510220645
10.2316486774
9.5773211
6.38302732258
9.0526335
6.22817051613
83.7213398822
139.484615633
214.35871212
234.260246518
136.170961756
366.438271595
213.030954421
140.844577814
289.119872244
127.068422189
119.472737954
151.486739085
126.044120923
128.811862542
124.627400872
199.95962543
215.996976362
61.0684130356
134.310862347
101.418339595
199.169658671
128.504092548
161.329757798
22.8986744356
213.721727194
314.361625643
82.3824532581
31.8924953667
196.034486129
54.7226551333
26.942894
21.9223529355
22.2472449
19.5063487097
16.698735
19.7906934839
17.092952
139.821860607
1129.2880989
60.5475938667
37.013551
28.6533738667
23.7368331613
18.3666113871
14.8080808333
27.175083871
37.3875364333
126.519613516
224.380682548
916.733636828
240.367069226
74.6376816
41.9843100968
37.9602129667
30.9943149032
22.5437366452
18.1568896333
38.6923066452
42.6431929
906.459317194
1200.27977471
674.966468071
125.458547839
95.6780954333
74.9053561613
86.3675369333
40.4279393871
33.3508616129
27.329551
28.3308240968
40.6979995333
403.818740903
203.001161097
583.446235821
65.2253866774
58.0394776
41.0512539677
26.8074869333
21.7327992903
17.549524129
14.1810571667
16.6375849032
275.311894833
348.857417097
2190.271949
129.053796429
1172.04135768
122.3842617
91.7714469032
50.1292935
40.401393
33.0081720323
26.7683290333
21.3409266774
17.0647124333
439.747494452
493.635110419
612.813623379
244.454924516
91.3062211333
60.8598941613
38.5519373333
31.4044042581
25.695824871
21.0901775333
22.8040246129
49.7507842333
868.783256935
668.038962613
89.4983539643
55.2427268387
37.9687723333
32.2855912258
27.2943055333
19.5149917419
22.8667220645
14.9069709
17.1795664839
392.864238533
304.590418774
645.715555935
1812.60968632
177.527333129
144.846013867
220.67666029
74.9871152
49.2234144194
39.9772523871
32.5912330667
31.8658703871
230.653312433
134.476878452
109.574870355
730.111382679
258.934422194
161.966044533
54.3328837419
44.1597164667
35.1740557419
29.6845494516
23.3308671
22.1487302903
57.4814515333
49.14123
242.706099742
704.709570276
186.955315774
87.2748072667
54.2545839677
38.7221489667
29.0449333871
23.7540567742
20.0420581
25.4412436452
23.3219343
25.2507374839
177.924005484
488.58819225
233.918172774
44.8074739333
30.8545820645
25.4752170667
20.8194511935
16.5739234194
13.9891214
13.6810937419
221.435625933
552.71158529
273.837490129
80.8893581071
54.6821274194
36.4962425
33.0797996452
23.4347363667
18.6217357742
14.8245709677
11.6269378333
8.94379487097
51.8711079333
887.569557677
186.362819065
103.931810857
83.131673871
264.3485108
88.0104190645
37.3353749333
30.6633517742
25.5422886129
21.0105304
16.4496471935
38.4031097667
643.172489032
164.22508129
628.961274759
88.257489
47.8191277333
36.9331936774
29.7365153
24.309765871
19.6189480645
15.8176411
49.6984436129
35.044917
375.70565
434.566712194
181.330677607
134.361792903
100.6548546
65.7372957419
40.2601815333
29.0345129355
23.6375803871
19.1704840667
17.2420508065
49.3835407667
1283.28884471
672.694782387
176.9745205
562.55145029
662.2116139
67.2399440323
50.555394
41.3582588065
33.7258196774
27.4871378
22.8469333548
33.9904506333
233.656098806
56.3959549677
340.562950036
72.5802307419
45.1451927333
31.6163976774
22.5312888333
19.1345113548
14.9667110968
12.5298432333
19.4351710323
10.3025941333
109.707816323
967.019538032
318.943962241
56.7535198065
36.1692521667
28.6456438387
23.3515425667
19.2162453226
15.6153855806
12.8968331
16.0262401935
57.6367952667
58.2320730645
35.9499526774
633.10034275
324.179649419
39.3212219
39.8817986129
23.3008604
19.0771455161
15.6483103226
12.8507728333
40.7206978387
18.7109323333
55.6834369355
880.159107935
262.899112893
162.865312806
245.4109589
57.9884769032
40.1299904333
31.5374655484
25.8577803548
21.1511197333
83.3441418387
80.2692622
491.373853839
145.647221516
233.136948107
788.999267516
76.6607167333
61.8167768387
60.7988460667
35.506313871
28.3263997097
23.1527191667
32.2445999677
37.5985271
18.0992580323
107.899962
71.6362457241
388.917147677
137.4768797
38.1467454194
29.8112788333
24.0600115484
19.7163303548
16.1197955667
19.4106757097
318.3773252
753.967896613
75.7418885484
36.6908228929
39.7706942903
31.6266704333
19.2287258387
17.3406509667
13.5611352258
10.2257944839
9.80652486667
6.99277777419
8.1208964
6.21546280645
89.4307931808
150.729682416
226.802814131
253.716515619
148.192790597
396.357154195
238.083584495
158.09112049
321.304780726
144.547018688
136.037653202
172.242198825
145.669723342
147.629201389
138.845340596
224.399938586
239.852786268
70.9549004466
148.096099519
111.515135548
221.720877195
142.911101633
181.706766014
25.812094137
225.734360903
335.755341929
89.3889066452
34.9086067
205.01821771
58.3448172667
29.1962700323
23.8783567419
24.4194844
21.9156931613
18.9056533
22.4079718065
18.7290423548
148.132244536
1225.98549348
66.7675710333
40.9118140323
31.7996005667
26.4889277742
20.4920271935
16.6173085667
29.0197972258
39.2729946333
129.821510548
230.977628129
983.379901793
261.449164097
80.1773143333
45.556368
41.6082653333
34.0178910645
24.7460618065
20.1516380333
40.7599942258
44.5730868667
939.799463097
1305.22331419
731.857237964
135.445023226
103.7902133
82.203495871
92.7033254333
44.2452530968
36.7404581935
30.2550430333
31.2549175484
44.3276501333
428.830717903
226.101974774
630.760253536
71.6633186129
64.5292720667
46.1151480645
30.3585068667
24.6496966129
20.0187691935
16.4814441333
18.7045506452
292.404516267
377.129422387
2313.23035897
140.838043571
1288.04540732
139.773277933
104.628806645
57.6389224333
46.4730870968
38.3804698065
31.3232969
25.1679438387
20.1376909333
482.806197774
516.797185968
675.564613621
270.042975129
101.728616067
68.7543842581
44.3528113667
35.498498871
29.009042871
23.9918744
26.2401146129
63.8271416
1006.24505077
754.89302171
101.511636071
63.2000316129
43.4595364667
37.1224505484
31.7667884333
22.6248795806
27.0749512581
17.6583357
20.3160775806
433.809279367
334.772296419
729.742234742
1970.12244436
204.83941629
169.066110533
237.148933516
83.4474977
55.7213626774
45.5578831613
37.3523927
36.5960425161
266.727806733
155.394201065
128.047639419
823.406909214
291.225457871
181.914422
61.6182737419
50.2199954667
40.2728489677
34.07009
27.2962806333
26.080046
70.2744124333
57.8183874516
279.010507742
796.046030655
212.903288581
96.8697268
61.1088099677
44.0184657
33.2476849677
27.3546228387
23.4518305333
31.3858055806
28.0918121667
30.1986715161
206.539421968
553.16317975
259.537297194
50.9637375333
35.1408479032
29.1809244667
23.9753173871
19.1709820323
16.2717120667
15.997245
258.605383733
624.451172516
300.60170729
90.2306145357
62.261738129
41.5917130333
37.6016994839
26.830505
21.4631872258
17.1972028387
13.5744813333
10.5119704839
61.6131539333
1045.03011435
214.267285065
116.429839321
99.5793480645
309.039453067
100.015401871
43.0075481
35.4813325806
29.6597554516
24.5716059333
19.4512633548
46.7939765667
724.843855419
185.131507194
682.642803207
96.3898540645
54.0540966333
41.5886553226
33.7007273667
27.6949906452
22.4715089677
18.3144284
57.7840268387
39.7599977667
428.483839548
491.41212129
199.347242643
160.342902419
116.373430167
76.9836336452
47.1679811667
33.7742613226
27.6637315484
22.6459066667
20.6042459032
57.9247849
1415.0543201
722.621556968
204.578232929
631.262171387
728.375899267
76.1010763226
57.5642005333
47.321388129
38.8571852258
31.8751445333
26.7459086129
40.1894872
266.056343032
63.9850324194
399.359952643
82.2182653548
51.7911678
36.041376871
25.8711479
22.091815
17.3882184194
14.5934544667
22.907368
12.1905011333
129.015402968
1063.64591906
346.266844138
62.4280870968
40.4444071333
32.0857154839
26.3030747
21.7737101613
17.7892635806
14.7190602
18.5789916129
65.6498793
65.8899679677
40.8441076774
696.590515786
346.331176194
43.9456868333
45.578144129
26.2995048333
21.6653449032
17.8838145484
14.7601708667
45.8587682903
21.6917695333
62.4056142903
958.690866452
289.793046286
181.566360581
270.394285067
65.2876366452
45.1737969667
35.6236025806
29.3728672258
24.1551261667
102.851023774
96.6370263
553.15950871
159.438281935
260.534828357
869.529339484
86.4870348333
69.4316050645
68.5145884
40.5272073548
32.4550195484
26.6494573
38.182352871
42.4785117333
20.8777787097
125.824270968
78.4916292759
431.79575071
152.190564967
42.8509342581
33.4915773333
27.1379756129
22.3531402903
18.3744455667
22.2557354839
362.392212933
851.490421323
85.1769534516
41.3196645714
44.6418079355
35.5891599667
21.8468309355
19.5860391333
15.4384442581
11.7487318065
11.0893842667
7.99857087097
9.00902643333
6.89883680645
305.249456756
708.737055652
429.449936556
564.827967587
77.2744355507
504.383330805
283.643979348
44.0315392258
35.5787016
129.160227097
75.5428851333
341.042594613
2803.26319794
987.787010714
557.316958032
887.134177433
225.326475161
133.794271
100.341098097
80.2830982903
64.3134789667
409.807063194
415.617324433
1823.83022084
482.085103032
926.774314964
2486.316801
270.140985767
207.009517065
200.928818033
111.880775065
85.3378191613
67.7273324
128.812522935
141.6918816
59.3598969032
551.568791871
223.349266931
1159.97789623
413.127744833
118.540592677
87.933202
68.7049317097
54.5913555484
43.447733
64.6291840968
1310.57192267
2646.42238726
269.632993065
128.121104321
147.157463419
106.969518933
61.0183164839
58.0155794333
40.4682835161
29.5019780645
27.4270880667
19.2573346774
24.6146004333
17.0595807419
11.5865224194
1261.0833685
667.074541097
358.406439533
81.7599627419
60.9722405667
48.6973503548
39.3242656774
45.4296242667
49.7804742581
185.034500933
3272.56066626
140.556025935
1177.78700564
116.542540129
139.4006102
79.898717129
54.2919289667
48.5814084516
33.1022194194
37.4353165667
23.462315129
66.8426633333
1545.36970065
255.770393277
478.51739674
641.690131861
799.042503921
475.763777564
1266.28130019
933.341222071
614.772956353
1179.76602597
575.87613051
557.689441421
738.522672838
658.637765074
623.866945868
586.480911842
852.568232022
871.433548427
314.614107247
479.495843811
386.243019414
896.549365178
547.038662792
726.252436369
98.5881487562
660.889925161
989.56552325
309.719308935
115.334953533
462.748728581
153.7254992
82.1349010323
66.8237695806
69.8038462667
69.6921330968
61.8042087
77.9365130968
54.9132546774
459.113260143
3932.7532861
226.7853502
135.453247032
143.7503492
86.7082891935
66.1497463226
51.1098183
78.5466929355
106.463614333
353.875631
582.269978452
3006.31430738
853.98891729
252.816819867
141.955440452
136.060294967
108.356447774
77.1456308387
61.0652108
107.899887226
99.9029265333
2360.0003361
4059.25861645
2456.62987329
491.144293548
352.8311848
274.899600935
250.8599099
132.642967258
112.966227968
89.9798667667
114.362941548
145.826472767
1191.49807655
835.71560629
1927.87944021
239.935857548
223.391412567
157.333489419
101.907645933
79.0297253871
63.3408540645
54.1553804667
57.4960039032
918.611198333
1171.38024939
6677.45932445
470.712180071
4315.05562623
553.7553913
405.038549032
219.4631968
163.787988387
137.669436645
107.420219133
84.7842260645
67.7403134333
1782.70033006
1693.13258642
2723.36592266
927.835463903
400.813185667
266.775489
166.050376633
120.249172871
94.7656518387
79.3468192667
95.4418163226
420.520015067
4241.26316229
3208.52018481
389.604000571
259.829786452
168.899650233
139.29144729
117.8768462
76.6477605161
97.9645105484
63.8577617333
82.5559890968
1604.69324773
1129.49328503
2932.23862645
6904.83066271
897.385613968
726.697353
655.120049
263.0361635
182.622504258
146.313142968
117.477261033
120.700431419
1095.93024417
587.71996329
612.696636419
3298.98830943
1143.09843542
632.935801167
222.444060419
174.2892057
136.74956129
111.751629839
91.6160366667
92.3912123226
380.777600467
243.273485323
1131.1214579
3381.40008276
876.855767806
349.813984967
215.893337516
151.4147937
110.720199065
88.7353686452
79.6238157
157.59246471
142.4923441
140.158340032
930.749620323
2355.57423332
912.690079323
202.8715332
132.158353903
110.41379
86.1733961935
65.6159460645
54.7788810667
60.6892268065
1380.0881477
2688.0564901
1254.63509668
374.906578143
314.455065387
168.985680667
146.553916419
100.5300514
78.5743113226
61.9312739677
48.6275103333
36.9746382903
354.6507091
4872.088005
1072.48041097
486.829205464
475.644520065
1201.37952183
397.152372161
162.930715933
129.618642387
103.993989806
84.4258018667
66.4431356129
241.2006053
3025.05783677
948.146690774
2617.98335707
356.059764452
205.546230033
147.28394571
116.664073733
93.4668606452
74.1810384839
60.8533156333
256.529489419
256.034323667
1981.02763268
1833.372243
823.676584143
903.320788097
509.562894
388.801152484
196.299909433
128.976375194
103.208116161
82.8557506667
82.2491441935
251.365264333
4847.87688342
2139.36793697
1015.79059182
2642.04361687
2402.6712114
287.828702194
211.5378486
167.23750471
133.392823194
106.4754454
91.9812670645
163.264501467
1090.16874252
238.127124161
1984.88852282
334.940004871
213.457497333
131.837917935
91.9181946333
75.8209730645
58.5139997097
47.7992243667
96.4774565806
45.8135559667
589.68950229
3413.00029071
1035.56223876
198.704252161
132.141725867
99.7251406452
79.2475293
64.0764945484
51.2487943871
41.4412966667
64.6338265484
286.864133733
278.718728226
148.569318871
2277.06675825
997.158270645
151.726532167
221.752056161
88.0444672667
70.9007036129
57.2798934516
46.4280093333
158.516974323
96.5054642
466.458223774
3512.71964448
1288.80765361
701.566444355
1110.09053897
279.651560516
169.1869376
128.098910516
103.329491548
83.2727782667
501.667087806
536.493588733
2327.24391503
611.659964806
1217.49019114
3143.83040177
339.279989133
261.887040806
248.893645033
143.193865677
110.121818484
87.9461084667
163.102753516
182.1485685
76.8924527742
754.433312806
284.143909966
1478.14124132
524.553506633
150.726777548
112.873579067
89.1979775484
71.5419297097
57.3822575
83.4473189677
1695.85826313
3367.61434958
342.806925161
162.395801286
186.179970484
135.2589597
78.7041379677
74.5096494
52.6885042581
38.8834872903
35.5331041
25.3092086452
31.0843319667
22.0732663548
357.282342745
679.259180718
894.526013033
1128.44667042
653.918969192
1771.04092086
1353.13102825
897.359384003
1682.59151605
831.916690699
795.973592038
1090.52747824
946.243851981
878.628576945
847.372779921
1193.75769175
1216.30997898
458.051148521
689.424595068
544.330964066
1263.84371174
773.81479357
1063.46340167
141.95569197
980.638111323
1374.945697
436.007483871
161.211574167
612.634601581
212.5701068
116.224269323
93.3392449032
92.3482936333
90.3061474839
82.2162803333
105.017494355
80.3383413871
684.174588821
5388.86398984
316.690493
188.72363029
346.3770651
130.918149871
105.322394129
77.2635911
116.395658839
158.468761433
499.396389065
832.458671871
4141.54696879
1178.88565932
350.974318033
198.067251258
201.8532311
174.231365484
120.521520613
86.6935836333
174.821570355
147.982641367
3245.74123371
5722.00692365
3341.77469357
713.963988613
490.760205533
372.270976613
350.847730267
195.824350387
172.574708871
131.618723333
240.754314839
239.157552833
1677.50205713
1084.30809945
2575.24654296
333.324620323
305.968932
216.664297742
140.250839467
109.571384839
87.4053849677
72.7627689
83.1058101935
1372.10992593
1628.87029161
9274.76689606
672.990941036
5887.54307861
782.396327967
562.852230903
324.836283767
238.613999645
205.131611903
149.285063367
117.512712161
97.3093086
2648.14012406
2641.54514281
4047.35289331
1314.45674616
589.454217
393.618311806
232.671594367
172.745818355
137.191598645
117.734514333
143.070189968
633.8621725
5863.85759506
4762.73076148
559.523563071
377.079961097
244.273295633
203.73187971
168.403576167
110.915735581
136.051751968
91.4300969667
116.196068129
2363.87135947
1578.13789197
4292.11978406
9920.39349036
1200.73364439
1035.66400357
876.912603774
362.682268833
253.198609677
203.01627471
162.892305533
166.218995065
1536.83319113
860.468880452
944.112588097
4874.89466593
1623.10713416
877.401100667
310.071700935
243.7914434
191.92829429
155.789378484
126.611837267
122.499592194
523.1276763
330.703561194
1550.27223235
4905.84202821
1290.90124458
475.545152633
294.991893355
205.0957493
153.098555645
122.616987774
110.3330336
223.122719452
203.102651667
211.274374968
1374.83217465
3261.51083964
1198.89806258
282.971045767
187.184052613
156.9149448
122.185269935
93.0104800968
76.5606374
88.984781
2255.3556195
4146.71674761
1838.92602071
574.665024321
511.496880613
252.4262699
220.606685194
150.7633545
117.566271484
92.8559415484
74.137637
55.3709915484
475.703579533
6863.09527548
1626.09982045
687.470557286
665.952541677
1499.49791347
553.13837729
224.6308442
179.162883806
143.608755484
116.007684133
90.9603719355
320.418945333
4374.41897087
1461.42325265
3759.16857583
525.950846968
291.9885695
209.032386935
165.611355267
132.406042677
104.829575258
84.9264457667
330.584213419
337.0463725
2872.39840665
2474.36743884
1173.13136104
1437.63636258
734.688962567
648.800229419
276.7196121
186.969896161
151.232046548
119.735840767
122.646753129
340.034420433
6550.5574121
2884.188952
1472.25130836
3752.49797526
3267.01079553
402.326985355
297.3831999
235.417197387
187.763806806
149.629833867
131.189351161
244.655831
1566.92914771
332.553566806
2805.06816425
460.160939548
303.6758381
185.679583323
129.8746533
106.538337226
82.5148824194
66.6752533
150.576964161
68.3155010667
991.347443871
4866.62731158
1513.87084786
285.410888387
192.987927767
146.669167194
116.542626867
93.9712951935
74.8017859677
59.7700531667
88.9029369355
414.412151567
408.641273645
213.982370161
3233.03472075
1339.71749874
213.7747758
300.250806903
125.325236733
100.931622484
81.3495807419
65.8076928667
270.180848871
138.1748246
656.921265742
4951.33612387
1926.18550418
1054.61059535
1499.258066
395.846199871
241.781381567
182.995145871
147.485481774
118.4721727
636.162112
701.475549033
3294.14968287
851.087010484
1800.54877304
4420.77071023
473.4100682
372.127540419
336.2580713
199.34261871
152.648500774
121.544551067
223.894423677
264.8047811
107.435965323
1347.68414832
430.996370759
2227.29960152
771.3108059
217.200698194
163.409048533
129.787497387
104.127106097
83.3323257333
121.709306032
2388.76805373
4707.80787613
489.927290065
233.123889536
261.116293
205.567333
114.521224903
107.120734733
76.4281982581
56.6655909355
50.7088828333
36.53632
42.3987801
32.9498164516
21.5078501808
25.205610863
45.8824104945
49.285212189
29.5037012822
73.6090803178
66.678392694
39.2374324932
79.7855247808
44.3363597836
37.1268217404
48.0281665425
43.2799744849
47.0861818822
43.7758345574
61.9666092329
55.3054508
21.8513056466
29.7732833798
22.5736325644
59.8352329507
32.8685649315
50.3069808525
6.21737189315
40.2130883096
26.7104301616
55.8552565806
87.22443475
30.7344916452
8.1923362
41.8107608387
11.1140676
5.78546732258
4.56747193548
3.6361106
3.35417658065
2.9727789
7.26728941935
9.34010054839
33.4786858571
153.490969258
11.7922051
8.532336
6.01678086667
4.64941448387
3.36041048387
2.5125433
8.62340116129
24.1736566
35.4804385484
51.0936261935
184.287340345
51.0141662581
15.5083416667
8.91299922581
7.82528876667
6.00662522581
4.07351974194
3.04831306667
12.5082629355
17.2345788333
193.491887548
226.088997323
133.353828393
31.6453935806
36.7418549333
26.5810913226
20.9384656667
9.39441135484
7.24283670968
5.53645113333
4.57066441935
6.62623306667
86.7316088387
53.5256117742
118.101463571
12.6521053871
15.3812629667
9.39522425806
5.85230096667
4.42120083871
3.35546287097
2.51341276667
2.41365751613
67.0098939667
67.1175072903
344.065510484
26.7343815
179.826445742
54.3849865
38.2675224839
12.9703459333
10.420402
7.53066867742
5.67512183333
4.3433613871
3.63071713333
183.898234129
203.496288774
168.110307103
65.9914708065
33.9914224333
21.7663660645
10.2430359333
7.83672087097
6.027023
4.92350633333
5.19221612903
43.2113800667
230.270962
161.964026258
32.2830765
24.0704712258
12.8273004667
9.61689551613
7.5219191
4.85915051613
7.57197935484
4.05766103333
9.19548019355
126.062736567
69.9364550968
241.402165161
400.145418857
67.1710855161
49.8674557667
35.802282871
14.9801599667
10.2680477742
7.85827858065
5.95116863333
5.68553577419
86.8365
57.2508716129
54.5204162258
249.3097095
81.729101129
45.1089490333
12.5361225161
9.49183043333
7.3426416129
5.5801016129
4.29112016667
4.13178825806
42.1487069333
33.2205143871
93.4590616452
218.990796793
41.4806892258
19.3274019
12.0169641935
8.11161943333
6.02692754839
4.54845412903
3.7167887
11.1092061613
14.4343617333
20.7128421613
57.272181
150.387591857
41.3458464516
11.2217002333
7.42446006452
6.2523696
4.70970790323
3.31789245161
2.5169838
2.33198609677
118.958664567
178.789431516
67.2705882581
53.52315375
25.6512619677
11.8788941
9.03375477419
6.37040573333
4.77609112903
3.55419606452
2.6075809
1.88053641935
33.1074775
296.853301548
59.0641350323
42.4954935357
43.7121139677
122.828543533
27.1652172258
10.4634302667
8.12993919355
6.28753709677
4.9691894
3.57920680645
33.4827957
201.876812
64.1875146129
208.498479931
20.8620939032
12.3986501
8.69014709677
6.60775436667
5.03181651613
3.76482787097
2.97392916667
21.8302804839
11.0332573333
165.474990516
109.874620968
52.9393173929
91.7872967097
56.3159072667
48.8437772903
15.7368519
8.82604367742
6.75552412903
5.1714722
5.30203490323
43.2882118667
293.776450258
114.41402171
88.3796901786
145.198428032
123.3102678
15.0846962581
11.3293538
8.71806993548
6.65402487097
5.00801333333
4.08459764516
38.3829911333
104.908723968
17.5808914194
131.856417143
16.3775217419
14.0123117
8.1290153871
5.51352293333
4.406305
3.24133154839
2.42007866667
5.4340253871
2.89851786667
58.973294871
187.635362742
93.0809508276
10.1038790645
7.5592399
5.52086848387
4.2190685
3.22892222581
2.41700193548
1.7839177
3.62037945161
6.58784033333
32.4146231935
16.4505081935
127.806408321
44.6812561935
9.10861153333
15.4641423871
5.74744153333
4.49797693548
3.45856770968
2.64412623333
8.13552790323
11.4993088667
29.5962725484
186.701483097
65.719369
54.6499903871
91.6403076333
21.358390871
11.6708546
8.3191806129
6.38690225806
4.9626994
69.1266040323
49.0452921667
146.365290065
30.887943871
68.6843305714
185.072120387
18.8288135
14.8302662903
15.9831657333
8.05707658065
6.02232416129
4.5727231
15.7458124839
20.1935395667
6.6914783871
74.2493798065
32.3153461034
113.952574903
40.1619292333
10.3568567419
7.68471006667
5.83071641935
4.45670022581
3.33297196667
4.21879251613
94.4465325667
209.722903258
17.2831974516
9.94695964286
12.6180559032
10.7892477
5.19265412903
4.9756702
3.30287383871
2.260652
2.4884028
1.73893593548
2.44465963333
1.79351658065
1.24295870968
139.346114286
61.4358386774
30.1151995333
6.40164619355
4.84078766667
3.815283
3.01122729032
3.1029074
4.17465474194
34.6778900667
197.143633097
10.143087
83.9053300357
7.69117096774
8.80488363333
5.58053125806
3.6140602
2.78495883871
2.03033816129
2.19964383333
1.24434174194
6.00254253333
189.277954677
105.92460417
126.684198244
237.104981986
262.80896617
153.982895186
411.577741597
359.409601265
217.732209833
433.493804989
233.941588205
197.073007932
256.309291526
233.576245556
252.494348345
237.768699205
333.609974047
306.343906816
113.905228995
170.040620027
114.257150433
325.164675822
177.057263274
273.893888156
33.2631113178
210.083665627
138.427115208
288.855890677
474.757893929
134.01532329
44.5474618333
153.989244871
60.4186002333
30.4731587097
24.032294871
19.2847452667
18.266120129
16.4379365
32.5807796129
36.33428
139.795819679
849.653894194
68.6120807333
47.1673506452
33.4953449667
25.8877871613
18.6805927097
14.0776681667
38.3818074516
87.1842750333
152.422298839
279.287169
955.299211759
268.118402355
79.0440423
48.0601189677
41.8941790333
32.4136789355
21.661142871
16.2500333333
50.9766433226
74.2783437
1000.53924181
1366.72152316
682.883508179
149.951414387
159.744934233
110.024340161
90.5770708333
45.2342129355
35.0930928387
26.9354381333
23.1258805161
31.1686736333
448.93827529
288.303750968
620.987563143
75.1213859677
75.4294313
48.1031803871
31.2544488667
23.3257667419
17.6004709677
13.1274025333
13.343355871
325.346490633
355.536662484
2061.77998687
155.942039179
1022.90909558
254.414530233
173.368680871
70.5486170667
55.6054520645
40.7893414839
30.7579230667
23.6277029355
19.9389612
963.522889839
1176.47265352
375.208316774
164.802868967
100.064414548
54.1399655667
41.420959871
31.7899843226
26.1801635667
28.7146292581
192.447172933
1235.17187323
978.910530903
172.371212179
122.732071581
69.0016123667
51.1590667097
40.3012971
26.1062772258
32.6662591613
20.8674496667
39.3217401613
649.3569961
402.653795903
1381.04645384
349.448945677
284.661857
169.927877097
86.3045853667
58.6404985806
44.895556129
34.061869
32.2890991935
410.355673767
319.055956774
294.361470742
1278.68347879
460.047081839
253.313888033
73.4981790968
55.4743948
42.8795836452
32.6417579677
25.2172754333
24.0147636774
177.576321633
177.011546645
514.720083226
245.910840419
101.5921848
67.8317147097
45.942267
34.0322422258
25.7342659032
21.2518990333
46.8007759355
60.1477680667
92.2590404194
309.61873571
784.964672071
231.092240355
64.1585463
41.7402797097
34.8797189333
26.4500189677
18.6438302903
14.3004832667
14.1770373548
589.176815067
987.258944129
391.472754774
246.629620964
130.221427161
65.6370938667
50.1102672258
35.0201600667
26.2704333871
19.6348090645
14.4992743
10.5357310968
142.2094688
1650.10039439
356.528737806
210.560086464
220.509519645
640.997388633
160.766739032
60.0094107
46.4831557419
35.8798788387
28.4790134333
20.5625167742
133.7423133
1106.62141806
391.811636806
1090.4131841
127.069180935
72.3496830667
50.2694454194
38.0117894667
28.8460911935
21.5438776774
17.0597398
98.1490810645
57.4570136
890.536970516
661.213684774
263.29049525
502.775059032
313.557725033
227.397420323
84.9345442667
49.4571480323
37.749402871
28.9048566667
24.5954637419
158.391104067
552.882765968
104.62912871
671.410124214
99.2719585484
74.8388101
45.0897420645
30.5184813
24.0849652903
17.8075494839
13.3532414
26.1226050968
14.6656886
288.627549613
1148.16665177
491.312134241
58.0055732581
42.8471621333
30.7439121613
23.1851885667
17.6509812581
13.1907992903
9.73267093333
18.6919295484
38.7409942
150.69965471
87.5857403548
655.13233525
262.264984645
51.388091
63.5246670968
29.4820579667
22.9634734194
17.6222521935
13.5544357333
38.804419129
42.73226
128.055404452
1117.96331523
345.286832
297.347857452
477.6784436
109.851602097
62.1690256
44.6858994516
34.3804260968
26.8720173
330.837943161
247.015164967
794.127660871
189.257398548
379.523714036
112.0485048
81.2874622581
75.0526340333
43.0605617097
31.7805364839
24.0435052333
66.6922344194
84.0625592667
33.3732810645
416.481650323
159.449295793
620.066362452
237.326846333
59.107881871
43.7456199667
33.2419596129
25.5012586452
19.2521450667
23.8709502258
454.709584967
1175.60437548
104.811389355
55.6287938929
65.3755773226
52.2628573
26.6822792258
24.6981625333
16.7054016129
11.1457918387
13.0765048
9.12859396774
12.0222641667
8.78437758065
5.91705651613
671.673818786
319.535022677
164.7738907
36.8632623548
27.6696986
21.7360615161
17.1055219032
18.0932134
22.4904686774
133.9328769
1109.88746571
60.0113301935
407.818244821
45.5135030968
49.8234850667
31.0827887742
20.0605249667
15.2664030645
11.1668908387
12.5218296
6.9638283871
26.9087389
985.722637581
1545.45498855
198.289976219
1355.14669782
695.226618641
166.530128871
3186.1160148
326.480118821
365.641007774
293.206936833
159.445095387
150.8673311
105.583316129
76.6334289355
72.7116454667
51.9775976452
63.3756397333
48.6420826774
30.439319871
4175.0145055
1728.60617268
954.3541937
210.899129548
159.054273033
128.093820484
104.139303419
112.025796633
125.379708258
534.000254867
8154.54264258
350.426606419
2639.72910957
276.531240968
315.673956
186.244080968
132.610729967
110.70235171
80.4041464839
88.1928743667
54.2443245161
151.755092867
4076.87696313
790.482586458
1930.08126815
1140.14273301
1646.0764384
213.111693849
1432.80955578
736.798333225
148.583200226
118.749769839
96.1844227
377.960792645
214.6873706
907.512539484
7334.42848197
361.659376533
271.273150226
217.05546629
174.568213867
1258.15099797
1163.2248302
551.188092968
486.131524433
290.633416581
221.472847452
175.049088133
363.94961329
431.945775433
171.371716581
2270.21904845
764.222728
3531.81972877
338.541387323
251.944028533
198.403027226
158.523305452
125.766990567
178.765128742
3407.25545827
345.932582786
385.71794729
323.7259096
170.276647935
167.278638267
114.255332774
83.7549751613
78.3044589667
56.0462796129
70.7619298
54.0162020968
32.9123950323
4413.11679725
1825.60871177
996.550398267
221.944458581
167.3431967
135.528433387
110.308524419
118.2664335
131.919570194
556.0512034
8646.99986084
370.987262226
2803.26240686
292.037787323
331.720143833
196.753088484
140.4105738
116.906457452
85.1906807419
93.5924313667
57.6897695484
159.473167767
4321.85930042
137.861593525
20.5699889616
107.186177734
68.691809063
19.2436362581
291.729608133
595.15070329
51.8244081613
27.7417131429
32.9210946129
34.0762908667
17.1995354194
22.1735615333
12.6408441613
9.80632187097
11.4781784
8.57106470968
12.2654739
6.76166209677
4.81217364516
290.992248071
189.416935516
72.5971978
17.588245
13.4146801333
11.6143382258
9.8290963871
12.0264432333
21.7770093548
95.3809711
556.981336032
30.7155314839
223.151227143
24.174332129
25.9240492333
16.3650946129
12.7341625667
10.8530363226
8.52771819355
8.95784596667
6.12509496774
17.0060116333
447.936413774
636.441799345
1086.4945828
1561.26634675
1864.83990741
1133.32715598
3009.23366223
2397.58661885
1526.76370398
2989.10068025
1544.27292932
1398.43969046
1884.01559013
1652.40015097
1611.9536603
1547.99202893
2157.30855868
2125.6885576
849.880337386
1205.46550458
904.545863386
2249.64370004
1318.69313582
1922.46905822
253.560079707
1652.86384502
868.552688737
1751.90896081
283.2160397
1123.25266426
371.750013367
203.059280806
162.401353419
149.988730867
149.908291452
135.2514375
193.64134771
168.031832613
1095.26218161
322.390016452
444.601259667
207.346949774
162.279072355
122.136814367
239.386184
460.822591733
1044.46077865
1593.86956913
344.070258355
328.0202444
273.468556226
190.957691839
142.0915887
391.055986355
325.2013938
5927.64610529
323.843037968
274.71663
212.839183167
324.349813387
354.2038705
2927.56034942
1906.46096184
535.441952667
382.175814387
238.717070467
185.293646097
147.102992323
119.541703333
136.135898935
2401.13728153
2861.03676687
534.700908933
402.168667032
330.970020548
248.548229433
196.089264161
169.975172467
5181.75822306
391.0010163
296.493076581
235.682408774
201.060469233
241.628968226
1131.61306533
363.448539226
293.887929567
192.639387516
236.780926903
158.822162267
242.765056194
4073.37221247
428.293362226
342.082432839
273.203142767
292.626352613
2837.43650313
1842.51125371
531.984793
413.176905433
326.30518271
262.337749161
211.975367
217.084351774
1142.2850599
747.309763581
2981.77388384
509.352850194
348.4097707
261.073250129
207.953928581
181.944055533
416.374167
354.751517367
417.908487129
2345.64662852
5500.50876818
475.688465633
311.600761677
262.3458536
203.562106613
153.425012129
125.490109867
161.36446971
4156.32343727
447.237036367
382.496332871
262.376907533
204.446621613
161.115843387
126.919162
96.0089022258
833.0593556
11666.3613534
393.979444933
313.357270548
250.704753548
203.921203533
158.103078935
632.433238867
7981.9722989
528.087210567
367.740060387
287.490319133
228.614960548
180.319510097
146.0583965
588.066202613
501.9211172
5243.34502423
523.447632533
333.260462258
266.159403129
211.1446829
224.379567097
768.315643733
11491.386974
507.060146067
399.295016806
317.496502484
252.157658
218.780526613
611.559830567
3080.90196029
622.219694161
5012.92761736
537.074039633
327.207857226
226.021076033
185.285955839
142.686882645
113.815935867
328.841239742
138.467029267
2113.37574335
8137.32815848
504.750851677
342.7721007
256.570450065
202.412198467
162.239916323
128.543374032
104.523396533
172.353134097
632.6954754
793.19683971
437.586398161
5262.97203532
371.8015366
551.867735
220.415515567
176.552383516
141.507518194
115.756109933
440.438598645
263.233845867
1075.24828206
8199.99784452
424.1001397
317.370155581
254.629509484
207.5670956
1815.30055487
1437.3757213
651.415545258
569.722622967
340.35058729
260.519126355
206.683288233
467.082498194
508.9198645
207.056427645
2704.03589335
892.288863379
4084.71926919
398.727746677
294.6092125
232.008799613
185.955981258
147.892806933
213.97360729
3985.68601037
405.03824525
450.129484032
391.0038609
202.731435581
207.9713387
137.555092226
101.662224548
97.3865928
70.4714889677
92.9601084
66.9373630968
41.2499286129
5071.85831986
2174.24228526
1132.4632738
258.900017903
194.477208
158.257605032
128.869361968
139.170337067
167.406720516
715.681832967
9839.76733623
437.073351065
3239.63636714
342.437815097
382.454269267
228.400212032
164.423763167
136.745476355
100.467834097
109.817573733
68.5341560968
187.028939367
5170.21782439
637.784015984
1089.66835107
1564.37637222
1868.34961655
1136.87464847
3016.6534538
2402.88531142
1531.51552754
2998.14783044
1549.36104247
1403.02639599
1889.97561026
1657.00899826
1616.94762485
1553.43771938
2164.03589968
2132.18329339
853.128207096
1208.98920963
907.110193167
2257.67666162
1322.91774746
1929.56491165
254.496590953
1754.91678929
2488.61350364
758.920807968
283.976332733
1125.63129013
372.4908483
203.31730171
162.558918129
150.108473367
150.133761613
135.525781767
194.422571387
168.545793839
1097.57120046
8180.91668542
524.173642267
323.058107129
445.058980067
207.623082258
162.415980742
122.225260067
240.344311129
463.122423667
1051.27492158
1597.99967329
6946.49218769
1877.89688065
605.012668333
344.544957065
328.3954591
273.757432742
191.078094581
142.177551233
391.99699971
325.904974067
5937.84722671
9431.20604039
5303.07588536
1251.99620761
920.912091567
674.690778355
571.088242333
324.044968419
274.848542419
212.931855767
324.628441548
354.896768933
2933.63716613
1912.43109416
4407.06866625
570.522595871
536.719620967
382.971822
238.9816115
185.447597903
147.20652229
119.6136777
136.426185129
2408.26851347
2873.18196745
15802.4274548
1163.37403661
9255.06311726
1423.17001643
984.144323226
535.326376133
402.493250161
331.176888677
248.692198267
196.190716903
170.3334902
5195.54860968
5610.64002174
7043.60805817
2297.78900371
1017.7749213
699.851946452
391.397890067
296.725429419
235.838854806
201.210074433
241.942984871
1133.26574867
9742.43534797
7900.95793239
1041.68075686
685.111614839
449.6614002
364.058877
294.406698233
192.793526613
237.370433871
159.0489077
243.75651829
4085.8653986
2639.39091052
8406.4585389
16896.287072
2169.76790268
1759.53821617
1361.84403429
607.054083333
428.669639742
342.331078484
273.3755744
293.568162935
2846.13068353
1727.84333232
1850.10001797
9082.74574354
2877.13994523
1556.68722823
532.781702548
413.645656267
326.603363161
262.539042871
212.132164067
217.517453903
1147.09658187
749.868499129
2990.19167481
8539.79257272
2144.81488206
792.0449089
510.564092871
348.913654933
261.33063571
208.124494258
182.1225283
417.691940742
355.5116517
418.762731484
2353.20085058
5515.62241243
1894.20269516
476.7626765
312.076037419
262.731034867
203.807147097
153.545355935
125.603472433
162.065943774
4169.61787353
7319.88321123
3242.99663932
1325.99936461
915.416072935
448.180713533
383.269040258
262.698389667
204.63966271
161.262782194
127.0138774
96.0935822581
833.831925467
11690.7917356
2968.35051629
1229.56444264
1294.40122316
2872.26516817
957.439985968
394.402034767
313.626422516
250.88458371
204.045578333
158.189487871
633.912651967
8012.56957655
2623.80807629
7189.2941449
945.143827194
529.5335809
368.325148806
287.8179146
228.828257452
180.466244871
146.161910233
589.305563806
502.7600542
5260.26711684
4231.87330881
2030.07044882
2804.3763089
1506.21876557
1337.5865099
524.740509633
333.582772065
266.357187871
211.280890533
224.848795032
770.4155223
11532.0673811
4912.81220913
2926.87203336
6322.58335742
5353.077876
687.712888581
507.785896933
399.728164516
317.776740387
252.349046267
218.956340645
613.677931967
3091.64844832
624.099667452
5029.74500314
779.038753935
538.303411333
327.769866097
226.2652165
185.472507387
142.802281677
113.896530633
330.562553387
139.0050069
2127.50696816
8160.78287671
3043.12163055
506.369395484
343.5119629
256.982757871
202.666149433
162.409854548
128.661473
104.6957658
172.961349839
633.8317818
795.650151903
438.678448548
5279.34129121
2138.01707626
372.7477084
553.664276645
220.7264123
176.744174903
141.630841097
115.908277267
441.495586065
263.919491133
1079.91823129
8223.64546668
3093.0218605
1891.58697084
2798.6380679
702.384246355
424.794043
317.714973387
254.864863484
207.8121916
1825.28066758
1443.62830673
5855.5289769
1442.83746135
3090.94965143
7366.21003835
823.874331567
653.78000071
570.8761081
340.819983226
260.822689226
206.899585933
468.494929
510.480186933
207.502033839
2713.73997106
896.594602448
4098.05562813
1425.12082707
399.744688548
295.063234367
232.284420839
186.185525387
148.0487969
214.746741839
4002.16236143
8416.7803661
829.470184
406.104602429
451.413434129
393.4570264
203.142037419
208.893225633
137.874371484
101.955615581
97.5773902667
70.582793129
93.5297315333
67.3875518387
136.38056203
297.867753293
395.017273137
462.3611054
291.012905967
775.241750619
616.185312098
396.603177156
784.174020688
408.527236225
393.451901904
519.553852866
419.596035978
441.890538973
453.830249082
574.047811378
546.986468964
288.293104008
349.734997623
291.555828803
603.972579142
334.271481458
576.857671361
58.5845746438
448.041453537
181.21018046
432.331205871
574.194189857
155.465841258
46.9140027333
227.005527903
65.6236537
35.0098647742
27.9312309355
23.2350886
23.9033112581
22.6869267
32.1490719677
30.625958129
415.177113893
2422.98188903
98.3355902
58.3843558065
75.34232
39.0409239032
29.8477813548
23.6978055333
33.8027261935
65.4162930333
263.155413968
371.273396774
2040.16875497
536.026988742
125.025365967
63.4184705484
56.2866920667
47.796427
33.7879559032
26.2697892
84.8226183548
53.4637192
1365.45675819
2375.5731479
1517.94980314
254.839691548
170.101958333
103.003020903
85.0619382667
53.2628521613
42.2529887742
33.3083784333
59.3402359677
76.7215317333
831.192410484
420.545796419
1231.18642521
116.712121355
98.5725887
67.1644912258
43.2174882
34.431036129
27.4283633871
21.6854504333
29.6641544839
766.015363467
718.949651452
4397.64524526
215.182189929
2588.24020281
227.504067133
166.583979903
88.0649974
67.7383480323
53.6924894516
42.0820311667
33.3266149032
30.9808473333
1250.16600245
1303.59361745
2358.1643049
523.696733419
191.498273833
129.010425968
69.0069766
54.9933760968
44.3367979677
36.0548625667
53.7413910323
316.5842266
2366.19956768
2234.7986429
187.91852175
161.782974194
86.0428728667
66.231425129
54.7451668333
37.6260863871
40.4047264194
27.7190908
38.8327093548
1140.71310337
653.285823903
2095.04168319
4930.56255675
424.558754548
414.5197701
384.435270677
126.771787267
85.0598077742
67.9758859355
54.3116564
59.8906542258
769.6377311
341.442382871
499.862627968
2401.75336857
824.976719129
352.0224484
101.589143032
80.4761212667
64.6809022903
51.8872223871
41.6806613667
44.3681890645
425.739295433
182.499425419
974.34341171
2522.30729034
588.339147935
175.160747633
104.152724903
68.7504675
53.5255985484
42.739946129
35.1636061
98.9228874516
72.9960753667
82.9555665161
805.767006677
1626.93588646
429.327239645
96.0054733333
61.8806765161
50.4738325333
40.3875199677
31.6541921613
25.8903578667
63.5543276452
1225.2982111
1862.68436739
635.219535258
246.596498679
263.384034935
89.3284997333
82.5816336129
53.9301069667
42.25216
33.4661992581
26.4200804333
20.6337831613
205.4087929
3277.14738823
940.340623742
358.05979825
431.411684
476.891868267
215.570749806
76.9176674667
61.6788633226
49.4269768387
39.5518590333
31.2817823548
96.4519808667
2482.22387171
801.827253452
2226.65996959
218.397354613
111.494237
72.9630305161
57.9854887667
46.4281923226
36.899188129
29.3987774667
153.203413548
164.3758178
1593.86551629
1010.407387
715.81822475
967.898717774
312.075831667
638.89074729
111.630740867
74.6717203871
59.3436553871
47.3970042333
52.6429323226
112.882002967
2743.40204848
1121.850358
882.625087429
1824.8882651
1424.7318129
129.171949387
97.187938
77.516895
62.2459749032
49.7875725667
46.0658263226
86.7220574
776.443869935
116.575810129
1820.25280882
163.092445355
137.541201667
66.2827452903
46.7142018667
38.9043984516
30.597911
24.6320023333
212.041484935
39.6935950667
882.262439935
2394.86571952
732.251069
114.728105645
75.5345140333
58.5482634516
46.723569
37.5128728065
29.6994902903
23.5201443667
40.9813572903
396.799054133
242.709664645
112.80470771
1890.94433107
690.917228387
82.5938547667
110.642254032
48.6049653333
39.2999222258
31.5701135161
26.0318618333
229.495415516
64.0609948
296.002163161
2396.34661216
1125.00531954
526.73317929
637.7233111
133.601005581
83.2861898667
64.0281459677
51.3028020323
41.1004648
310.340533258
372.580006433
1514.71685958
339.433551613
951.941489036
1809.569513
160.582739167
129.413683613
104.9021346
67.3384210968
50.8161634516
40.3885565
137.749430645
198.805531033
53.2392430323
1072.60311984
393.378260276
1420.28006013
450.380470267
89.9164181613
67.5978661667
54.3217691935
43.7103584516
34.9354325
49.2434720645
1036.05025687
2174.86084719
191.521924387
82.7564703571
98.5587530645
111.175608967
44.2952542903
49.2759210667
31.4095636129
22.7180668387
19.9556490333
15.380448871
20.4739078667
16.7532781935
8.77285864516
1628.49094179
504.515042161
288.480479533
49.5059368387
38.1794733
31.3601063226
25.4528243871
23.6654913333
28.8461796129
105.314993333
2715.03644061
79.2795969032
971.390961679
61.5206043871
67.4651487
39.4316254516
30.3033760333
25.1874013548
19.0773755484
18.5257495333
12.7779317742
33.2404585333
874.232785774
357.832608025
612.32780777
63.7565159945
475.344508605
196.660582564
205.635690733
56.3123141935
1119.71112213
410.465195655
1494.62407348
471.298147067
97.9514681935
73.4832453
58.9859963871
47.4942787419
37.8796130333
52.9005592903
1106.95397453
2338.65629442
206.54559271
90.6579350714
106.448217065
121.027801433
48.6262790645
54.1058077667
34.4449637742
25.1675561613
21.8627836
16.7838056452
22.5486328
18.3176303548
9.55562687097
1709.92926818
540.064633677
303.363534133
54.1741613226
41.7775798667
34.4046224516
27.9068194194
25.8861326
31.0531881613
112.309858167
2887.4413671
86.9874805484
1028.79049664
67.7582245806
73.4351582333
43.5630602581
33.3894135667
27.6051775161
20.9119456452
20.2866250667
13.9455052258
35.6130275
968.043186839
171.449407647
380.208481222
477.713239046
557.837171877
380.731702216
978.155409408
757.797515063
519.651982808
1026.27158632
546.063070529
513.739691104
671.077646395
540.729220838
572.207549099
594.123037899
748.37724326
722.109230307
368.210507997
443.179516784
355.706777973
810.91243566
449.016999236
759.30925823
84.6447941315
505.62012329
724.820426321
206.86275429
68.6899246333
284.331972419
84.9119026667
45.9243773871
36.3095977097
29.8400162
31.1600700968
29.9623000333
47.2729611935
41.9591366129
471.335614607
3001.27750068
134.0263177
78.8298901935
91.8032639667
51.1767813226
38.1874110323
29.9589610667
53.3643710645
123.298402667
419.272330871
466.069630161
2437.90480359
629.289803258
173.433395633
85.2742641613
74.7777201
62.4452553871
43.3024072258
33.3311794667
105.530011806
69.6120940333
1627.73941865
2853.05273006
1778.202333
339.308017
223.7158296
140.457866903
114.137319733
68.5221877419
53.6870762903
41.7872932
68.8396700323
92.8865091667
980.812899065
572.735825323
1570.74826164
157.820930355
133.7607938
91.7825012258
57.2252971
44.6938359032
35.0955839355
27.3332783
37.5778084516
950.924288033
992.835781452
5625.49079587
296.37816975
3086.89383532
314.119003633
220.829245548
119.1832168
90.0913102581
70.4243731935
54.5943255
42.5130377742
42.230304
1600.02611761
1588.81296635
2890.98693955
659.969747548
258.0175823
171.468917742
90.5809868667
71.3028238387
56.760100129
45.9335711667
64.5587783226
359.198366233
2900.13808765
2886.56893635
282.345992643
216.275758258
121.375997733
89.9766561613
75.3055168
49.2324837742
56.5651941613
36.2839543
58.9291409677
1476.6018878
851.492644258
2853.44944594
6319.53918814
580.958086452
542.921598167
447.542549968
162.980936233
111.001513968
87.7786396452
69.2308344333
84.0421129677
1013.33307493
480.003084161
694.216717129
3302.68025757
1021.07479497
471.486956933
135.737321097
106.412439767
84.6443765161
67.1109059355
53.3476111
58.3102937419
548.3757779
243.721395774
1194.70361384
3319.80742728
813.774795
234.417309133
142.195351839
92.8479838667
70.7110853226
55.7374771935
45.7014011667
127.552349032
90.6928718667
106.439023645
1000.48573974
2011.50017418
565.924266
127.2491732
82.0118650968
67.7164516667
53.2076958387
40.4519908065
32.8259884667
79.0117415806
1581.65195823
2512.39150448
1062.12092713
415.476853429
351.048487097
124.133012167
111.897359871
73.0398095333
56.4411269355
44.2309647419
34.2053930333
26.4618737097
223.901740467
3898.5868429
1299.12256658
412.388689357
530.948199452
618.123916933
263.572796032
99.2476332
79.1371020323
62.9087434839
49.8238112
38.9104378065
129.417841833
3222.51228442
1022.63757481
3025.90704445
314.342932742
155.069706867
99.453962129
77.6249754333
61.4037222581
48.1468432258
37.7450929
180.283414032
186.033316633
2015.78106135
1358.4357109
930.032434464
1167.77777474
411.2809115
697.429437226
154.1509723
94.6667786129
74.4692224839
58.8790366
67.3639199677
168.490667533
3744.13902661
1519.71594203
1172.1758695
2352.1712179
1840.68714357
177.263532355
132.042971633
103.958158968
82.3922642581
65.0246408333
58.0660887097
141.924787633
1040.57984113
160.050857065
2246.42820343
218.728027355
172.342624433
87.7455716452
60.9787155
50.1999124516
38.8411175484
30.7006898667
244.984387032
51.6170288667
1200.34283539
3009.69573368
1011.27503986
157.148818323
103.027021767
78.8381803226
62.1614983
49.3065556129
38.5342922258
31.1874664
54.7287132258
421.184330667
300.454721871
138.126278871
2299.80799664
801.312776677
109.419977933
153.255565677
62.8639708
50.3709471613
40.0155298387
33.2764871667
250.67999829
79.9803639667
400.823615032
3016.14055706
1343.67194943
694.130999774
972.8045517
181.607068323
113.023728867
85.1012469355
67.5142741935
54.4846253333
558.98722771
520.429768467
2123.5490841
472.033373
1246.55774339
2442.26093442
227.448230967
194.515696677
151.2368318
92.6354655806
69.6798847419
54.6519642
169.248674806
242.6580919
66.3270785161
1327.95320435
490.234603172
1799.29092655
544.4925025
121.897330871
88.6056374667
70.2370536452
56.4753409677
44.4865084667
67.6493165806
1475.1278012
2979.36816674
262.425723742
113.997831786
134.914363161
186.9602824
61.3854854516
75.8901378333
43.655498129
32.9093344839
27.1909871
20.3941802903
32.6031446333
25.7371569677
1288.53410147
3142.39391762
1811.96174141
2753.52356803
348.069075279
2306.39392866
1148.20289309
289.916350867
231.769970806
185.162233387
152.364672667
711.94986229
3847.84483267
901.449203452
548.177661167
409.984470161
327.862412161
267.015021633
2506.84524816
1076.8821617
871.775677645
736.6721065
441.997575129
336.881962032
266.502570133
654.249464484
2001.23892383
533.532841677
391.488868933
308.227559161
247.124578484
195.980675633
291.35338171
597.651025767
270.188770548
295.195848333
185.707601677
138.114668323
127.765402333
92.901854
1523.24127663
332.731746742
249.5019038
203.845991355
165.415547097
173.692483
208.410478548
288.49813971
209.305397133
172.773890581
127.526420226
138.111356667
87.0531709677
878.377006786
1577.12286522
2189.28221881
2595.05641456
1627.61172879
4233.52158579
3403.63815697
2213.75144143
4340.96649913
2256.26276073
2057.14463175
2742.2516089
2354.1486121
2336.21794498
2318.63795669
3120.25579633
3056.68406339
1317.46890812
1770.11168969
1352.17577334
3293.42045851
1907.25694728
2869.51612489
371.501810932
2488.05465352
3455.79974743
1046.0282981
390.604794333
1527.37339361
495.156021767
271.850490839
215.988666387
194.051917133
194.868828613
178.3709603
259.05191871
230.974939452
1678.02587025
11925.9912911
723.353059467
442.507272839
567.9495101
282.488826613
218.012775548
165.604258867
337.947892903
640.322751933
1586.21358306
2197.66520629
10015.98611
2689.34737774
855.516492267
473.799559581
439.471607533
364.275252581
254.126167968
190.4182543
532.593738419
420.0756581
8122.03897252
13124.3185391
7561.83622661
1735.70781187
1232.19043973
884.808948097
737.403453333
425.530442742
352.651598903
272.855838867
413.687868
482.985993533
4150.42721723
2678.93360752
6385.84387096
795.246499387
733.019900233
516.696839387
323.442523367
250.153903613
197.445664419
158.3823286
189.547545355
3577.5491098
4130.1319649
22636.9126895
1570.99773661
12895.6045346
1870.01089957
1307.26591758
708.003278533
528.357417839
429.116645839
324.5801129
254.581492161
227.698403767
7346.18263626
7720.70616968
10655.7280777
3166.53849419
1391.0225613
968.317981419
532.061418267
405.417021968
321.061006129
269.219421833
328.781623774
1611.06847157
13625.1227031
11675.5773616
1440.40003714
986.791884129
631.758314667
496.858449097
403.8054893
264.863368484
321.035874194
211.9372086
335.094628194
5946.30142963
3722.16558965
12187.7375009
25025.7255416
2974.98362006
2469.8102922
1930.75804971
842.4515288
592.964949774
471.234743355
374.0551963
413.459909226
4132.44233273
2369.81853403
2746.30283465
13389.0296086
4161.06384213
2193.34710703
737.47605129
572.6957883
451.673468323
360.721529194
289.334204667
299.078413871
1778.6142661
1037.98507477
4407.09135139
12756.6713282
3185.70982516
1114.88656083
718.741010387
487.499868833
362.971576484
288.265180742
248.279311567
584.197004581
472.859722067
558.369303032
3558.21214184
8003.57200943
2652.65754658
663.372997233
434.785702419
363.331144133
281.529245032
211.899506774
172.1785421
261.637068484
6132.3737829
10563.2828855
4664.94700423
1900.72251046
1383.85223432
628.729860233
539.857248419
367.8551493
286.105411645
224.82673971
174.575327767
133.124440258
1101.00995393
16569.8322242
4626.67093974
1761.78730232
1957.06500123
3666.5406214
1306.420345
541.462809133
428.609188355
341.08313671
274.893688333
212.983661871
811.1769947
11919.6606963
3909.5002619
11092.9886706
1385.74598881
760.484887533
524.514743065
409.871671667
320.36092371
250.953429032
200.724474467
811.671248355
738.169909733
7753.61767613
5983.20412932
3162.4702485
4234.56548981
2044.07206043
2137.00015626
736.080947433
465.768814548
369.346272774
291.8742843
316.361829
1002.00197963
16433.2152614
6830.33060742
4441.64684779
9263.4384801
7645.02383873
965.296867419
712.5547092
559.016524065
442.611348806
349.772104467
304.308912258
820.936036033
4392.25438074
853.905154516
7838.3736665
1081.47132106
775.0602355
463.016432226
320.102910533
257.446090419
197.784366129
156.7349641
611.098438
203.492870967
3559.14785474
11871.1616118
4378.47976159
735.131405
495.898690333
372.594510935
292.962176967
233.362125774
183.694342161
148.9110781
244.179213226
1102.8981582
1187.77557281
614.30568871
8106.88268971
3105.95625319
530.236834967
780.986459194
313.150590133
249.127992258
198.291739516
163.195036167
747.470430065
369.549875
1570.554078
11960.3156546
4764.05883386
2787.66661539
4034.5149819
961.669337774
589.368750633
441.193600419
352.105927032
285.876876833
2627.78363587
2091.80624007
8567.90440713
2058.93695532
4687.72742386
10479.5625286
1156.62028017
936.008978032
788.0185861
476.251487161
362.221786839
285.6811341
688.561142452
796.748641033
291.371916742
4376.84243026
1459.94594345
6166.75996042
2048.22966417
551.992002258
406.177635567
318.787432355
255.422462452
202.463679867
306.959189323
5932.96928367
12223.5352795
1188.43160419
574.09052825
641.942167839
635.8329587
290.076416032
314.397363333
198.12571671
147.19782271
134.804315767
97.8742460323
144.2602247
102.312682097
254.617424882
322.171525219
319.860939608
306.454384666
139.376040748
107.913350891
127.999526323
260.269909989
195.882884745
320.245127806
39.0238559452
230.151692751
101.406078422
12.3745446774
132.952343833
1355.74167916
441.870952032
1425.05856228
977.429097065
57.4296718333
33.2982052581
24.6824241333
18.8343749677
14.2658577419
10.8001898
109.886872516
52.5326599667
734.244690484
505.781278065
254.409006929
436.964881548
176.559753733
299.021204806
55.5920161333
29.897033129
22.6394901935
18.3668001667
19.9685433871
159.608989567
1825.14576161
604.021958742
597.251935179
844.194892871
672.013213067
61.042007871
42.1182352
31.7128547097
24.167804871
18.5007152
14.3127602903
160.628525167
624.901770935
102.460702032
923.100635357
101.837447323
71.9565046667
35.6925080968
21.0301536667
16.9950320323
12.5456842258
9.69926553333
65.7702516452
25.5257061333
347.894767645
592.982611258
356.940516172
54.2103218387
33.0287937
23.0560143548
17.2771338
13.1973724194
9.96763580645
7.76226403333
9.32131680645
53.5700886
129.389342129
161.94140229
583.703162429
236.021276161
38.0892992333
89.818229871
23.8772726333
17.4840789355
14.0517507097
10.6197155333
67.2218473548
55.8549566667
269.038873968
975.41485
281.503968643
262.925019129
509.7065231
84.069026
43.9348639
29.7863306774
22.8208500645
18.1656778333
150.316926032
146.2161765
590.012442742
114.565739871
420.1232295
1381.67148103
66.6437578333
50.2763027742
40.8423835333
25.1844413548
18.3805947742
14.0043233333
108.025267516
86.8224764333
27.199858871
541.769893097
149.969512448
767.272724258
193.6305391
42.5671573871
29.0940441
22.013425
16.7926053548
12.6614564333
26.2148389677
725.977186667
1293.68239229
122.219190548
48.3199231429
87.1364744516
81.6092323
24.9732052581
30.862399
15.7002806774
11.132633871
10.8305827
8.39128309677
18.2060271333
9.33410429032
6.50963393548
634.61842325
580.408885645
112.108695433
25.0613065161
18.1041724333
14.182190871
11.7978629355
10.0305712333
25.148032871
206.784628367
1137.70531235
51.4831364516
414.49751525
33.3363584839
36.8561430333
23.0494308387
13.569675
10.6528476774
7.58016451613
7.94178696667
4.95494435484
19.0607346333
613.602408258
