76.6605619863
98.8310619096
142.999448093
113.497628249
142.539421052
257.610525564
455.018821915
248.035203704
140.129911151
209.849462668
290.574838609
428.467705532
156.278845088
45.2642641753
30.1095817514
18.7436191151
71.6549156877
42.9732824438
247.395942902
441.15875231
321.735457452
343.160230348
577.858913415
343.186676816
36.0909477742
37.6689199643
65.4369988065
151.306905767
102.516951065
86.9437068667
89.8988575161
65.3964524839
58.6756094333
95.6570536129
68.4858802667
59.9708773226
54.1239859677
50.0833987857
72.8065079677
202.344453333
139.370968258
113.0384112
101.102466194
109.793084323
87.7862044333
81.5929474839
81.6218221
90.4769978387
94.3144961935
140.555146517
185.116146677
161.732934633
131.111369355
136.9266134
145.063147613
160.733066387
131.831739333
150.182283323
137.439816733
140.697736581
130.950084258
135.189955107
122.514075161
104.234988533
98.0147627097
109.831457833
89.7819632581
74.8864807742
66.8769142667
99.6423437742
172.1310677
159.987151935
143.270481677
151.159682607
248.600338129
197.882008767
162.333135452
145.357782233
130.99523871
120.365675774
110.4631945
98.3062563548
102.634770933
99.4929022258
106.849253548
176.33300025
161.962988548
190.631938367
147.808713871
131.861282433
128.718240161
235.823671
603.2755771
414.647445839
421.452205867
374.315097065
404.175657484
486.896273172
487.759210097
505.616588733
510.20129229
495.574003567
480.094993806
472.743726226
533.098152167
367.49692229
367.840623167
353.431935548
375.612539032
406.129186679
348.141318452
291.311874667
264.080758645
226.914456833
201.473086452
183.239974935
222.1683883
155.88378929
168.1830511
145.88785571
121.046957097
110.254635964
194.773842935
165.116081667
139.354768452
113.789174633
106.183720258
122.755273839
95.2165153667
103.634894323
210.447829567
196.869889097
157.850546645
127.551206786
112.794218258
108.866096333
159.592384258
262.998817467
761.138331258
187.002920129
156.860336433
130.812142226
168.053842633
172.107757161
198.028405129
319.031091862
413.014605516
532.937817033
351.02411671
262.725908233
215.959777903
274.686410516
281.939629867
223.187522548
208.057369433
212.120694903
289.136408323
393.707611143
633.520334935
594.9603411
572.964572194
409.8117322
432.979547129
769.342066645
311.859069133
271.788470129
239.950183167
213.154395452
194.567904226
193.732927964
282.151611161
257.439300267
185.494174065
161.828025567
136.488542
117.651518645
102.6317884
89.6814621613
78.4136608333
78.0897303871
86.3064084516
62.9892821071
53.6316742581
46.0244331
41.0485856129
36.1817181667
74.1571733871
44.3264377742
30.0902183
26.1078603226
22.5431495333
19.9886650968
17.6401716129
15.2179802414
13.572178129
16.9519417667
52.6136150323
36.0563464
27.5579654516
70.2163185161
35.0801088667
27.5999090645
24.8474891
22.758194129
20.4883673226
18.3794410357
17.8741048065
25.9513509667
18.5714449355
13.2301504667
12.011937
12.4364924516
37.4003688333
17.6167443226
15.3928107
16.0833671935
47.6536799032
60.9160697857
42.754222871
65.3850721
96.5873090645
155.7243608
87.5335579032
71.6920287097
65.9091090667
60.1923989355
55.3794443667
50.8917923548
46.5243778387
43.9842516429
40.2549308065
40.3067772333
44.6421017419
29.2091873667
24.9044664839
22.4063730968
19.2852806667
52.3968180968
82.5898987
69.2565682903
101.984097097
155.613474759
250.439213935
410.5770323
344.164074645
254.532242533
219.95516871
196.532284677
193.4176865
238.225992129
315.795329333
287.55257571
346.05214829
404.511191536
445.900210742
517.214726367
507.418555581
421.830131067
451.495827839
411.532323032
428.951410933
464.563597419
455.4498402
437.335658806
472.600654581
445.473064357
409.215654
357.506643233
318.658759323
304.0047997
267.405111968
273.746348161
351.7227286
239.856096097
208.677916333
221.834586581
313.209790484
356.896641821
425.586407194
438.427387067
406.515877032
366.353633667
361.386991194
316.555286323
355.0981796
259.807706581
242.635289333
277.742567516
326.382052
415.655931724
364.114529774
328.4697183
400.483304548
339.822745967
942.06154171
1309.27008181
785.378972
707.90187271
513.405531633
479.787625613
422.998883742
367.300384036
324.581189871
374.113903033
348.235166452
311.137216933
399.739379323
415.876740226
293.306307233
253.382170742
314.488667667
292.842709613
21.0697433562
11.9613543288
3.23979977322
0.772544736986
3.50116402192
6.22242067123
69.9705904536
78.9485012356
90.2735076795
233.76203103
731.062323309
805.75301551
491.275613449
211.136068074
70.5047381557
46.981989989
29.5367366959
7.97228852055
1.66132464481
0.532119550685
0.562382479452
54.9228874685
560.909446301
620.740286529
3.54662074194
2.00813842857
1.37998135484
1.10120513333
0.95562116129
1.87942933333
117.261527129
26.8021251613
29.0018601667
25.4556175161
22.616734
18.0259775806
16.8100276452
15.9985130714
15.8197509032
16.303841
13.021791
11.8582185
10.9281826129
10.0824760645
9.58858966667
8.62574693548
7.65948566667
7.15176416129
6.11847625806
5.45035913793
4.93992212903
4.40551176667
3.79878022581
3.20767473333
2.66169364516
2.24718180645
1.91876416667
1.62267132258
1.40813556667
1.17591058065
1.83051832258
1.28031614286
0.837142516129
0.6954927
0.518475322581
0.6080937
0.451745612903
0.404794451613
0.3229702
0.262321483871
1.13444483333
0.962742096774
15.4236289677
5.32483692857
2.62241541935
2.01531303333
1.91119287097
1.91781016667
1.87287706452
1.55002458065
1.53288886667
1.91274896774
4.25588283333
1.71267945161
1.2846776129
1.04777975
1.19614106452
0.9743977
0.536975419355
0.543194433333
8.49454719355
35.7492823226
12.5833333
4.37099187097
3.7760777
3.38466251613
4.52944854839
3.45393682759
19.3690348065
108.166591633
169.646008968
122.807804867
83.0788820645
71.5733923871
75.9881183333
65.1320227097
58.0707484667
56.2865020968
92.0931336774
85.942213
70.1244193871
61.4993631333
65.7375642581
54.1894405333
48.3795943226
52.7982235484
193.9203305
84.5330498065
76.8680023
64.2535921935
61.7198882903
57.9799025357
96.8693411613
168.455366233
112.797055419
97.6977478333
109.52315671
106.073846484
79.7210943333
68.8010510323
63.1109062
58.952422
75.3130271613
60.6842425357
54.923387129
147.301290067
304.651342645
280.4236724
196.485708548
206.378825032
443.564272133
284.953594161
318.278416867
423.647437613
538.785032774
586.016521448
545.527608677
707.7227852
714.82584629
960.296091867
853.799420258
1058.47713603
872.797067
712.75027871
608.9233905
610.742779581
629.759790839
716.050081821
952.769680484
849.2272611
680.105197871
591.9214204
940.569892065
2149.00073258
644.676400067
555.714284742
491.071705833
438.646381032
393.141339258
354.890250214
320.708957968
288.3583275
266.773962032
254.504323533
1368.21090435
1014.32936023
600.470862733
380.584704258
320.796104767
303.179266968
275.85714929
248.487021143
228.504560097
211.084682533
198.893177677
184.998486367
365.453141613
201.864703323
179.293963033
161.32833171
145.950410967
131.55706429
117.776736871
105.720263793
94.8753840323
87.6032645
82.6938343226
66.7533965
58.5848382903
50.6428409677
43.9081641333
37.9583314839
36.4149288
63.8697726452
72.6094694839
55.5676395714
48.4769439677
43.1480113667
38.6252243871
34.9290345
32.8056999677
31.552714
91.0271149
43.439475
38.3174664667
34.7447835484
31.8348261935
29.0352594643
26.365521
58.6883146
39.3329523871
27.9211968
37.604893871
27.2413480323
23.7588167333
19.9321572581
17.3766374667
15.61
14.0406852581
12.5734083571
11.5622916774
10.6132252333
8.88960019355
7.75323513333
6.75713351613
7.52110770968
5.1779322
4.28771312903
3.66325956667
3.12212374194
2.643086
2.24091582759
1.89395167742
1.5907188
1.33226180645
1.11429006667
1.152443
1.31150841935
0.864394433333
2.77233880645
2.60543526667
0.436768483871
0.329387677419
0.284244892857
0.232712741935
0.259160233333
0.166813741935
0.135659733333
0.114014774194
0.102216483871
0.0978451
0.069223
0.0907171666667
4.4296093871
4.63338348387
0.188268714286
0.0574365483871
0.044114
0.037905483871
0.0326898666667
0.141717
0.103912129032
0.0236777666667
0.0173634516129
0.937325066667
0.45550383871
0.0260771612903
0.00931760714286
0.00721216129032
0.0059509
5.7250566129
113.838911067
36.1713590968
75.2274209355
83.2207658667
46.0137490645
75.8328188667
219.398145355
346.243407194
329.392316241
256.657621323
271.232432267
426.715894935
354.4933135
332.899181226
1110.55525503
999.0231038
1017.91043406
618.612858633
652.232042645
523.638045161
460.807770536
418.083038613
592.206383767
450.598297903
423.026431667
1170.34010671
1063.82104926
540.105549067
488.398435613
678.356632833
615.983513452
24.363305211
13.2136271589
3.6474252623
0.956080024658
3.56123778356
6.3854924137
85.3506864863
92.667456737
104.582773036
291.117942405
819.592498284
894.682007715
546.066869852
235.06986217
79.6005241858
51.2741391397
32.0735523397
8.8461304411
1.8692703224
0.580016134247
0.681203531507
59.8941973452
633.561322959
647.866334652
12.006486129
7.94547353571
5.30377170968
4.36833963333
3.75473951613
4.2838234
120.291249903
28.9956883226
31.1087745333
27.4185881935
24.5080658333
19.7153807742
18.3985867097
17.55341
17.2802385161
17.8432192333
14.4449912903
12.9815648
12.4454830968
11.2959794839
10.5710085
9.50659770968
8.53925223333
8.02899706452
6.71708593548
6.14745003448
5.4871893871
4.86521823333
4.18241432258
3.5441975
2.95713377419
2.50599241935
2.14564023333
1.82056054839
2.129022
1.36701896774
1.97844232258
2.20607871429
1.39673351613
0.818027266667
0.610421032258
0.687019733333
0.534895225806
0.46630516129
0.370853166667
0.302369709677
1.1921311
1.00625454839
15.6999083548
5.41429807143
2.66974603226
2.05332506667
1.94830667742
1.95202186667
1.90175054839
1.57304270968
1.554597
1.94039729032
4.3260729
1.74010451613
1.30070687097
1.05902628571
1.21000193548
0.985242966667
0.540566709677
0.547428233333
8.59628874194
36.257047
12.8973497667
4.670869
4.29500326667
3.53101225806
4.5743143871
3.47625065517
19.8335545806
109.983393533
172.458459484
124.947992833
108.421635032
102.009857871
128.3290123
82.5347526129
83.8421209
81.9243420968
114.100572774
103.580110643
85.4485046129
75.1354750333
78.3038983871
65.6253461667
58.9052947742
62.704154
205.301796733
93.8535885484
93.7972750333
78.5414650323
73.1406525161
67.9342135714
107.72040829
180.1325259
121.912554355
106.0203807
117.705639097
113.62377171
86.4899519333
81.2733171935
102.900231
94.4385436774
103.991420968
83.4096554643
74.5788844839
168.1448683
335.872820065
334.638731567
460.094160742
255.090691581
499.127764033
325.337976226
371.202172067
468.555740968
582.966313613
658.456662966
648.576039194
869.445923533
823.448577161
1076.0918187
952.128150129
1138.84733865
945.993661867
780.684355548
678.6731854
678.816111548
709.975248613
811.111709821
1091.167763
980.069999867
810.517942258
683.299095367
1023.843083
2236.71392506
711.551889767
615.674600484
545.214009667
487.712440839
438.734733387
401.202973571
391.669492839
353.383815033
311.231411129
294.088042667
1485.17858313
1098.25815787
646.957977733
414.642370161
352.162636
333.928802871
309.896557194
277.69204825
256.001792516
237.175615433
223.706063194
208.537880567
392.478525419
225.971248903
199.352601733
179.78666671
162.9405784
147.156631774
131.923095065
118.547499414
106.456769258
98.0796179333
92.243796871
75.0607527
65.9522748387
61.8994291613
51.4025500667
43.6451266129
41.4758476
69.342454
78.0995609677
60.4795507143
52.9915680968
47.3823856667
42.619613
38.7144191333
36.4113565806
35.0287874516
97.7555649
47.1398314516
41.8397603333
38.382491
35.0718059355
32.1066313929
29.2853422903
62.0276674333
42.226007871
30.4931911667
40.2996497097
29.5792962903
25.8924706333
21.8581882903
19.1323125
17.2116990645
15.5002606129
13.9060739643
12.7734676129
11.7149226333
9.86542748387
8.62528423333
7.53370158065
8.25977183871
5.79276856667
4.82690287097
4.1388456
3.54088441935
3.01495474194
2.56495289655
2.17736290323
1.8384842
1.54864125806
1.30304183333
1.32219174194
1.46514887097
0.994693433333
2.94618803226
2.7610769
0.520687064516
0.402041645161
0.348674642857
0.289497258065
0.310797066667
0.210614451613
0.195605933333
0.154614709677
0.131581064516
0.123285433333
0.0907065483871
0.1096601
4.51973603226
4.72495858065
0.20192
0.0672953225806
0.0561825
0.058026
0.039883
0.176875032258
0.112091
0.0359501333333
1.01211916129
1.1092339
0.485668548387
0.0453935806452
0.0188698571429
0.0128584193548
0.315034033333
24.0695142581
121.246093467
40.9891427742
82.6361594516
89.2176713667
49.9119097742
80.0528586667
226.073858806
354.919115839
337.280490414
263.364479484
277.763328
435.310696935
363.2580479
598.389550806
1396.04269719
1097.41479027
1084.96708532
672.7145532
698.225355065
562.237600419
494.399896393
447.897280645
622.361784
476.665241935
446.4753889
1203.95068265
1091.60467361
561.423095867
507.784659677
700.311020667
636.017163194
622.497369299
388.877230912
611.752470129
1560.84401166
1077.20115432
1009.53437649
1021.1716429
577.372808065
586.602277533
621.420222194
589.897678167
562.282927387
585.236642419
542.217928464
494.906324968
432.922487267
386.923807613
389.6435751
327.543253774
324.206365032
396.0408526
287.230263226
247.194973033
264.405944452
421.327353
494.538198857
594.576599645
592.7026866
666.311140226
647.9094551
647.452417677
697.708574387
841.770430833
533.405129129
517.094062833
679.808559097
841.914232871
921.931886379
824.224625387
792.2618395
993.549264419
856.600254333
2633.26650265
3714.37041071
2245.04925023
2066.29524674
1415.36065997
1353.95144116
1131.14028261
986.665287643
874.543550194
1085.88691207
901.413920774
819.806875233
1744.2894519
1574.93234358
909.2597983
810.998839613
1084.99119537
980.534832129
1166.19232842
1244.46858671
1252.40665997
1057.95543217
957.890530452
814.3199247
1046.03928797
855.014335516
1222.61423387
881.108988516
857.676223233
778.701177968
816.581720484
898.825722571
914.431113645
844.928271633
681.807835935
656.172991667
1781.35939519
2196.71103994
1154.56085677
837.175756968
727.611873167
709.426996871
413.333283353
482.373953677
516.226045639
418.937206575
325.261933225
583.083262496
1143.98064917
613.509138562
422.221891638
1012.41626954
2029.74360427
2000.43878238
1196.56913404
511.850962173
365.89923173
452.615068003
335.522014668
184.526022562
463.82215074
819.538805419
490.190665986
776.350501208
1757.49080643
1143.57446383
130.308405129
146.35419625
305.337932516
712.040418667
477.652153516
417.937227967
486.964128581
351.935089387
395.8567626
588.018761968
479.5945584
453.521009548
482.979508387
443.311250893
474.207155065
728.2651303
591.136342516
507.653701967
470.945753903
532.206433903
391.574533767
367.441933677
372.591115533
424.671376419
447.748956871
489.822448483
484.566992161
478.906812233
411.914601258
458.2725384
506.28954329
689.137239
496.479997967
595.326788968
564.2170695
568.16391571
570.125753323
597.917753107
541.464870323
468.8298816
430.312464839
416.128823633
391.17509
329.676574903
296.1615424
304.973431452
357.120981433
336.244281
395.748401258
403.671966429
568.813392484
416.8963946
345.521902516
303.9666177
269.931931258
242.716893742
219.079142767
205.403865742
260.447465133
275.286256903
335.270352774
535.000142036
534.074959387
572.498705533
479.850334226
440.282943667
451.200927032
623.931713968
959.8307717
704.679858774
701.405090633
665.342224419
744.187439032
912.276097759
1035.2604901
1224.13727163
1363.14830616
1321.13544297
1306.59683061
1242.36403574
1551.98772693
996.754627903
1039.34772807
993.709743742
990.654977742
932.777954643
806.866313677
690.742818233
625.375028129
542.959007467
483.793222742
436.391649968
609.8756565
401.130445645
474.954200667
393.114244645
330.040200194
291.555339786
430.588076097
483.489674433
358.075096226
308.76702
333.698685516
447.820504452
309.358825233
348.921030258
739.423062967
677.188131613
582.191306548
462.360857964
422.925884935
583.480150167
947.79536429
1150.71040027
2615.17536848
874.348756903
1304.67991033
907.485341032
1128.3033939
1120.09793652
1231.81223974
1726.30579845
2122.04334813
2992.74185403
2328.097648
2543.9323364
2194.42652006
2261.28305697
1962.7971286
1805.47923494
1642.83934197
1558.59895784
1770.68156435
2067.71799196
2876.35312852
2626.6549024
2371.61397561
1778.94838023
2032.43360529
3525.83826616
1505.11523823
1286.01510403
1132.55129297
1006.93394894
916.147306839
893.708796179
1203.62221352
1094.37469537
829.916498
733.7749999
2718.55022303
2161.86660419
1384.4092402
898.595476839
756.5255183
711.667936194
713.695494097
600.222690036
608.831687129
553.9799991
566.240787839
479.6493767
697.248586097
483.937348226
400.0664554
369.077064258
346.088180467
323.093081452
322.050875968
273.417236931
241.678127258
242.677642967
397.305592
330.958364733
265.172638355
488.07375529
430.9204734
477.626123774
422.265751767
491.491337548
495.382073419
479.214924321
527.418999258
602.504945667
536.277732452
466.903724033
409.376588065
359.975477129
570.211746133
367.583524548
322.169601267
301.817264065
302.143584806
294.192638357
299.043120903
458.7525501
447.349728581
478.298206267
378.330096806
309.297562226
278.062623233
258.569619258
240.773461833
281.122295065
227.978507452
202.870318464
182.389635129
170.977378467
159.69763771
135.167624367
113.771794419
114.611421806
177.112795833
206.050114194
289.291741033
237.279699839
230.433182968
297.198607793
472.300083645
611.2321926
490.513697935
382.4588966
337.48099729
298.07028329
327.3672199
694.003234032
762.809863867
658.621177484
781.947730581
865.393947357
920.145135548
979.670887467
933.155321871
801.570646233
832.677264516
753.150517871
755.899382433
780.182311903
730.939084733
703.846021774
774.343421613
701.029587286
626.790422129
548.194313467
493.182150032
501.782291733
414.781439419
400.207483355
463.429007133
348.840311677
302.602585433
322.839246226
531.964547645
627.272410107
738.867340774
716.5953852
806.365301581
770.047252667
862.203088323
929.853135387
1129.68470123
706.829644323
669.355573467
818.556234903
969.273217387
1055.06616586
979.262436032
936.6687576
1118.1188131
971.847718867
3149.58027726
4138.31683297
2434.1675077
2226.177855
1555.6431927
1473.94479529
1238.69958423
1085.134674
960.160888839
1163.07976597
971.125602613
880.926448
1815.42778226
1628.19029739
955.404044567
853.760117548
1133.26801443
1017.81508961
799.592049633
1517.82390904
1053.93105045
719.124478562
782.522595756
781.86650029
1368.91176149
806.464150019
514.217358592
1066.19439476
2283.97935054
2385.47953868
1659.16590657
1006.24130351
1212.81860294
1804.28374262
1309.54853611
1204.31865887
1559.86708058
1393.83500164
881.050153005
1021.86563419
2010.21397902
1215.81824633
177.599172161
262.692849036
512.943397
1017.4855227
657.200025484
584.684275
743.10200271
832.222823968
990.925734367
1279.32209413
1264.68181607
1241.55815871
1491.584537
1530.33734329
1601.62235874
2384.7554382
1946.74056181
1710.6681475
1627.41269194
1460.00326894
1191.32601957
1089.90722065
1087.86848203
1102.65641148
1133.60374761
1206.54082276
1201.32097884
1211.5197934
1082.35751139
1002.4746411
987.755758581
1129.3590471
914.5194811
994.509650871
902.341451733
884.752001871
920.614589742
936.028133357
828.481645484
713.384534967
663.557372
676.7147536
725.652698968
580.834070581
702.834183267
655.170169194
621.945107733
620.053633194
965.956694097
1109.73925289
1460.84392858
1035.34345603
848.972873677
739.8928485
653.85980529
582.479215484
527.343784033
476.706012935
509.1578524
501.372119645
543.594887742
740.807764393
720.672666452
740.654895567
634.366778774
610.345644933
622.592441742
859.845221645
1240.89859323
919.47515729
908.009512033
849.175292484
908.60717729
1069.62827831
1194.00101255
1390.69369657
1517.58191152
1470.74696577
1672.07843845
1723.46477313
1806.36830457
1199.700909
1265.4558802
1204.06704323
1208.548218
1143.38172718
1033.92814142
919.680572533
872.987253581
737.841150267
664.824996
585.193928968
805.2485768
591.639395484
616.680609733
525.497392871
451.083799387
394.322823393
523.279019677
568.405187267
458.282544065
428.765069967
416.356878968
548.410624452
402.218871633
416.091433452
811.151184033
745.595294968
658.259773161
538.933165143
506.935387806
652.6085078
1012.11524629
1205.22313157
2666.14059342
917.106105645
1342.19833993
940.708488903
1159.2681256
1146.85964074
1257.21761216
1746.37001203
2139.71458768
3008.2512768
2344.17039158
2560.70948597
2426.01984613
2337.67951661
2229.86250873
2726.68614087
2423.66588613
2207.77117006
2368.38985752
2585.76088571
3349.84672006
3037.4470563
2737.01512555
2107.66253563
2439.60785026
3863.05346474
1897.13927243
1586.89789223
1396.06977847
1240.6461069
1126.95463003
1101.32656707
1447.36288406
1471.5295062
1300.27953006
1229.62909373
3701.97418319
2989.15120484
1877.82085113
1331.71275319
1163.82746403
1085.60367165
1096.06075926
957.441346714
1203.41917045
1097.4866728
1309.99056619
1015.42723977
1296.72782961
921.083675516
786.3126429
756.483383548
797.870319333
821.293061516
937.987165968
810.45523931
814.03238129
747.923759133
836.065757452
884.4855765
965.953355355
1313.28571123
1730.6607838
1955.14523061
1718.815241
1820.49316981
1805.95591635
1861.82165807
2126.58379319
2569.84154767
2373.814855
2100.57847993
1948.86063581
1606.85275032
1649.41293077
1353.61947277
1175.72054353
1092.89175629
1053.71272739
1086.814449
1118.75990319
1562.26319697
1542.49094187
1462.35971353
1749.00823926
1326.55570794
1239.0879225
1171.77609348
1107.91412097
1276.58872526
1055.30682919
973.718495
1006.82069458
958.7153516
1005.81742139
964.490945633
1178.37802348
1224.03427923
1494.06347187
1431.11476155
1720.03260973
1427.33835384
1261.15117142
1393.14196403
1854.02999926
2029.42801047
1685.19087584
1501.51598437
1349.63274716
1213.21167319
1268.2882058
1821.51860452
1817.7164848
1524.99957294
1563.60736526
1571.48353232
1559.05069358
1611.1021313
1609.28234703
1354.40701893
1350.65884861
1219.50634261
1425.48999563
1228.22353148
1131.3479117
1117.34264455
1394.51385465
1253.17355654
1094.34846626
944.8698001
855.036025355
819.1194717
712.323574129
834.327480806
857.2652402
667.607365
571.7102074
593.633707419
809.993099226
873.662741536
980.534513226
957.7498423
1021.31541558
979.2513625
1065.65568958
1161.16942671
1499.69365007
977.106611161
896.553982233
1033.28765103
1206.59331477
1347.82066945
1294.57517448
1245.47337743
1419.83514542
1236.73251283
3390.17573471
4400.06390939
2677.74542067
2453.22951394
1738.24755847
1632.48045974
1377.78915355
1208.14959993
1067.034738
1256.39700977
1052.60872723
951.008242467
1875.99545713
1680.25755287
1000.10845967
892.079405484
1166.02646907
1045.82418132
2.83826468767
4.75217989863
37.2508445328
118.21515431
77.2982740466
72.4545786849
182.523836098
190.243086937
98.8770312959
58.6432361808
12.4546510519
9.27315487945
16.8147836
19.944191611
18.4797675219
12.5058445123
6.87627926301
36.9956505315
87.213996918
39.3205323123
88.2830608822
165.262439611
200.705394585
69.7634317205
42.3581936986
34.2796718795
0.225701096774
0.903166392857
1.71353119355
4.25446686667
4.22962135484
2.26303573333
2.70235632258
3.09602141935
3.37371536667
3.54599990323
3.66268236667
3.97260554839
4.47262796774
4.40724342857
4.35347506452
4.43218566667
4.43487219355
4.55535846667
5.72491370968
4.55646167742
4.7693504
4.56197606452
5.9411353
4.80541370968
4.58051719355
6.28473662069
48.4811250323
27.7413962667
22.6648330645
21.2441064333
30.7882330968
20.0278283548
71.5836108
95.6030249032
51.2750611667
45.4746479355
39.8700634194
43.0133211786
51.2697703548
39.4530448
59.6293539355
134.1411728
82.0174437419
129.569012548
288.5775452
234.884209968
168.9246826
145.059015968
137.452673161
121.580952429
111.716614806
102.2534893
87.323361871
76.5867285667
68.6569172581
58.6752731613
50.8427607667
44.2790574839
38.1765255667
32.987013
27.7605797419
23.5731433571
19.9628084194
16.7233308667
13.9658882903
11.6199576333
13.7289267419
126.435825677
210.130220367
147.201196161
140.067754933
116.416881161
96.5444705806
84.8257585172
80.8372201935
83.5468015333
66.5234837742
81.7346185
350.742976742
430.14539271
329.679711433
218.143179161
177.5922347
181.81089071
183.593850839
190.526383286
221.670222742
227.657138433
227.255982903
191.695341733
191.505426839
146.045596677
211.9284588
210.050751903
143.60917
137.855094903
124.41875429
105.391497357
96.0833383226
89.6876167667
109.383408774
146.752819267
88.6883014194
104.535739516
100.634179
70.3595566774
78.2118570333
73.6457505161
82.617788871
83.4921379643
96.8445240323
77.0685874333
64.7077133871
56.6313622
57.1346547742
52.7385867742
40.6764211
35.0240877097
30.5483405667
27.6829671613
25.5203693548
21.3200892069
19.1011602581
16.2325023333
13.9657269355
11.8935431
10.0983844516
8.55979177419
7.24224196667
6.0115696129
5.36895926667
4.42049109677
3.92285706452
4.55185421429
5.75960293548
7.04445743333
25.4879705806
11.5909127333
6.67597258065
12.3570725484
7.38276496667
7.57725903226
7.6732334
10.6872832258
11.9279519677
8.72735082143
8.76220241935
8.68703503333
8.49360206452
8.19250406667
14.1300066129
41.3497927097
38.6506822333
26.2945940323
14.1117684333
11.7441243226
13.3684958065
13.08791825
14.585651
15.7298091667
21.5765275161
33.9849857667
38.6106213548
18.6445608065
17.7421178
17.4626960968
17.1200063
16.9082427742
15.9965502258
15.0781911379
20.5914534839
16.5308132667
16.4543624194
14.7061029333
15.7793777742
31.6077809032
31.4129949
14.4024769677
14.1764074667
14.8950244516
13.6016923548
13.2656119286
12.8614020645
12.3737576
11.8075303548
11.0900412
16.5500019355
10.1084994516
13.8614502333
15.3904574516
10.3302843
8.82654906452
8.33252683871
7.92069028571
7.50414848387
7.06053183333
7.08624164516
6.6025792
8.62821767742
6.0970423871
7.1317216
5.61752677419
5.410815
5.18246309677
4.92109829032
4.64413107143
4.35101403226
28.0897379333
36.137285871
18.2511402333
22.8919543226
31.5337806129
46.3758425333
92.1457764194
84.4903656667
67.9276124839
60.6678404516
93.6162781034
80.9482796129
101.002962367
72.8817182258
65.1118858667
58.5104726129
86.689747871
189.677545833
94.9263546774
77.2135444
68.4488979355
76.8625466129
68.5031185
57.5637969677
49.9489225667
43.773706
37.9923
32.9600763548
28.3825779032
24.3737093
20.8156282258
17.6731235667
14.940549
12.8805062258
12.0351736429
9.31089467742
7.45078036667
15.9898956452
28.3853142333
63.027805
227.000108742
238.197897
176.090870097
130.889248267
132.430086194
141.600923355
115.960852357
126.730050903
152.766949267
121.836879516
123.513885967
105.541892
169.079466742
318.211605133
231.693315548
186.674276067
188.64279771
181.567774097
182.062842345
179.505711065
209.179989033
245.771542355
214.826903
203.137186419
251.724828903
223.4179798
215.221639581
161.638517633
139.408424226
121.889909097
107.851888143
95.4979260968
85.4937871667
76.2635718387
70.7098565333
62.9691180323
57.7013730645
51.4595489667
42.8443037097
35.4447450333
31.5615910323
28.0576311613
24.1352288571
29.7720553871
32.5889239667
120.353289645
67.7135656333
46.1741614194
40.069833871
34.9487752667
31.0207069355
27.3980776333
24.0837414839
21.162024129
18.3239796786
32.7464838387
36.3195088
25.3228938065
21.1396965
86.788340871
40.055784871
35.7162401333
34.8178850968
30.1932777
26.7823006452
58.5039232904
86.1912011699
245.00756209
662.383347047
412.85914237
383.006308477
936.642482492
964.083994844
507.413405233
302.204876871
66.7073641803
25.2566383205
37.4690421945
31.5810200932
87.0310447432
52.7122139123
93.6015613068
310.427607756
539.928986117
251.456261803
477.159930704
926.17591446
1092.52485727
343.854057885
192.260603181
144.651086973
11.034124871
25.1063295714
52.5996894839
71.8606674667
39.0479489355
30.3066705
48.0002742581
135.194467903
70.3028531
72.3495452581
75.6005256667
67.865345129
72.1134560323
99.8396991071
98.7398457742
148.783075367
133.441047903
92.8759147667
78.6812457097
65.6669506129
56.8781321
51.3386056774
68.1742135333
69.7910024516
70.3064014516
96.7806941379
375.715185968
238.185125533
189.047365
162.6277316
158.650750742
132.521880161
421.0086611
522.388912161
302.5753471
265.376654032
230.426112645
238.024217643
279.659436323
215.721940667
347.060703839
680.243910867
408.370884258
627.483538613
1824.59525593
1332.63116239
942.2290878
813.772604516
749.783986323
664.524725929
598.906554
546.519890267
463.421040129
404.961026767
360.224727935
308.527224839
269.512075367
231.637589677
199.952394367
173.25800729
146.065872806
124.402305857
105.917436161
89.1279091333
75.0592279032
73.5646784667
74.0210329032
558.184541419
1123.26670237
792.12244371
778.3917738
648.097384355
537.179136065
440.376437645
452.9786326
359.472853065
433.951561433
2073.54634065
2540.54801865
1185.6412525
871.214816097
846.278936467
975.033310387
1036.45065981
1085.45466193
1124.23140284
1201.26291307
1050.09675032
882.691446233
825.368338613
675.54260229
1186.5460794
1087.30817197
716.5778086
713.440144
633.152689645
490.785597355
456.9854626
620.446952129
710.0227862
469.784243806
504.511747581
519.2716317
363.048613226
414.665771533
374.031675032
433.835002516
488.184671286
502.259750097
396.401925767
339.383174935
296.106580167
280.073238935
237.718425935
201.948512467
175.055795129
152.908313567
135.372977065
126.185776516
88.2590270323
76.0248588667
65.6453621935
57.823766
89.1857894194
51.9464093871
44.944121
38.0548126129
33.0406634
28.488701129
24.8597600968
26.1790882143
22.6344806774
25.9338447667
38.8574268387
22.308583
30.857938129
35.4505054839
20.5704518667
18.6764946452
17.285853
19.072959871
19.2414136129
15.174242
14.746294
16.5958604
13.2315909677
12.2863814667
81.7464622581
96.4980426129
69.1501770333
50.238623
30.9640279
26.9242903548
27.1791407742
25.7920712143
26.3228427097
26.5804033333
31.8172586774
44.0411765667
47.4465045161
26.8653565161
27.8287532
25.733806129
30.9202434
37.9827372903
48.6549003548
56.952704069
93.3752610645
73.3928003333
57.0254332903
53.5635083
118.979062484
142.077646161
168.0003428
80.0468137097
76.7955957667
74.3301262258
81.8195848387
72.3896843214
60.5016845161
79.1904661333
60.2616766774
51.6003438
50.851075871
39.4894436129
39.8828810333
137.390930516
119.971723833
101.105343419
95.6914080645
104.333421786
111.200498613
244.043057867
311.563434194
227.9316759
313.335806452
287.167737613
365.3110929
606.046379516
583.3342379
460.999222129
422.967887839
591.194763241
537.130942
651.506045233
491.117614419
421.856035533
367.441125355
459.528929065
1164.0873924
534.824873097
449.4016384
408.402416548
452.301852903
391.945804464
332.477623097
306.760870267
282.286113935
237.393999033
206.444636
178.528719806
233.708122233
157.433907065
134.661741567
114.117825903
105.585972032
97.2962150357
86.0977454194
69.3534566
99.3606503548
169.774208567
251.663110452
1097.71275039
1346.50831377
915.479186226
686.416000267
775.633530613
727.665721323
602.866170821
829.206761733
631.396812613
645.271558433
530.724414806
805.928749548
1905.12717937
1460.98984606
1172.8205058
1081.7445149
1058.11702732
1125.34959159
1132.48790732
1270.7597312
1365.12746158
1105.55910033
983.075691226
1151.57403194
1181.34643
1142.97294752
859.642810733
737.92614071
641.037079065
562.041026821
492.867348839
433.5047738
380.238683323
340.327702633
298.335386226
264.778477194
232.621646333
193.452512387
161.330623
140.130513097
121.850043161
105.380521857
135.173243774
137.630149267
563.036445871
276.7098331
213.911630613
187.26868129
164.271881033
145.947486613
129.9873446
115.602446387
103.54071071
91.1646805
157.024650968
169.3988645
123.446577677
104.2509375
315.354948774
171.24179671
145.019110233
133.085534419
114.232671833
101.40217329
3487.87434772
1698.86555587
1350.82841849
1350.44419425
3942.70155371
2875.9069912
1978.15706196
1749.97662948
1862.6776304
1589.41547419
1432.6276115
2301.28764194
2058.39153032
1333.64511473
1175.0058141
1406.29428353
1255.2678331
1407.91280277
1462.82439543
1500.31477568
1301.40976047
1788.77866645
1223.61181847
1408.85797655
1167.07111039
1611.83318333
1194.72587916
1130.81087887
1018.25235168
1029.59609152
1126.73896461
1229.60942845
1166.2861406
918.114951742
870.274065367
2346.89655261
2731.81742513
1496.6096087
1200.70653965
1051.28063823
989.385665903
2148.78071963
1841.16922327
2536.02813746
3751.15918113
2280.27955592
1675.19565503
1539.76440906
1984.89347242
1774.07993606
2501.12194383
1840.27417723
1656.1227421
1571.04157042
1846.63924326
1222.54705887
1188.40233487
2464.33524332
3364.23529787
2402.77447129
1911.6312663
2103.29324171
2082.46766947
2147.97883165
2436.529181
4307.45752023
3234.63491313
2782.62568873
2666.05402916
2884.40272977
3290.82110962
3259.41489435
3487.58747126
2925.94855493
4900.20577284
6075.09469223
4649.15719333
4199.01411026
3116.01596803
2256.98228868
2062.05446881
2429.65500253
2283.90635419
2289.36749177
3190.04196871
3009.41828652
2015.875311
1648.15848965
1920.13346017
1777.34131355
1932.31149365
1961.96467289
1986.92650797
1712.62842523
2165.40164713
1535.35242257
1689.18942548
1418.91069539
1832.87231523
1404.68100616
1306.17374873
1173.56618852
1165.62581703
1246.65711318
1340.7028319
1264.8659438
1002.197703
960.5844169
2507.29864294
2818.21831268
1744.3886546
1652.81050871
1406.91378353
1313.30831839
73.6928834235
250.560229373
152.149328729
222.654776063
64.5697723548
66.3160798667
51.9326982581
62.1898626452
91.6268877143
106.355373742
215.384034767
274.813220419
367.195236567
392.66833671
420.882691548
371.7743282
217.995923774
225.083564333
251.088654032
228.087243419
217.9430775
216.29332429
183.933579333
187.995501613
166.1402152
134.017559194
121.051971645
106.884117533
102.587278806
87.2052056333
77.9414850645
68.9424300323
72.0338144286
231.553089387
324.731377233
246.193747194
182.670780433
198.128210516
142.046654806
219.280208367
339.280798516
300.7633758
336.070366452
1421.85941074
2404.40750204
2019.45015855
1828.36427146
1527.76122607
1422.9048359
2959.65604701
2542.99278547
1392.5661527
1913.76654315
2814.58350758
2988.95822488
2690.29065498
1931.8789012
2443.94365292
2573.45154606
2259.69333367
2918.6743886
3150.83786637
2218.71418613
2077.43112227
2793.33559985
3945.13046059
2928.87163007
2037.45997361
1967.61175136
316.053871355
1898.67354587
1205.93674868
991.297133833
1297.08454342
1968.49324329
1601.45280987
1977.14891558
1971.85747007
2012.96162645
2312.66304442
2544.12145625
2985.59086581
2533.2014127
2358.84397819
2104.00369223
1764.39514233
1707.3805609
2012.4346759
2048.60157116
1982.96757423
2022.59477606
1842.3051292
2005.01914132
1837.57878174
1931.0494646
2097.53896529
1679.4116064
1587.8626499
1567.64662003
1534.88418329
3470.43519913
2665.08237174
2010.8391832
1822.1943401
2102.37729913
1927.6922697
1619.18840348
1425.66367137
1275.09352323
1140.98873819
1080.48969377
1131.63412297
1041.1935788
932.621691355
893.6015117
866.482880774
1662.63630794
2748.49399847
2090.23904877
2122.6832743
1886.90415665
2225.72340853
4491.37279881
5472.08390013
4492.08602633
2779.38517784
2815.37917987
2797.15686981
2338.7630489
2139.46664874
1832.35293284
2762.16100983
2276.92003606
1811.4878428
1186.44805194
1334.86304906
1236.13791303
1022.47494355
1609.77103983
1777.99935619
1711.01506187
1837.89317053
4166.37076432
1608.10048568
2126.4706628
1551.24308674
1710.27213967
1855.88308258
2068.40501323
2839.91787368
2979.43238057
3158.60513271
2745.6968629
2601.2389009
3081.49734003
2827.6219939
2542.08925406
2660.41891523
2963.94541193
3811.40002153
3970.69555771
2755.74614367
3094.37387103
4463.17593932
2340.6900779
1997.80035339
1886.10561907
1866.1321201
1640.60474297
1533.10882753
4749.73577423
5060.52139071
4313.7734716
3254.3875019
2405.1686929
2175.52649442
2275.1514985
2248.4876231
1717.02526742
1483.50344517
1375.71045323
1500.37731703
1556.02605132
1760.3993366
1807.22845274
1792.3362432
2441.61719013
3480.79182255
3401.4364395
2955.98707074
2812.70078657
2914.37646035
2745.3218443
2696.99034771
2169.91199458
2438.25225747
2352.07701781
1779.96967427
1602.07129571
2350.26601317
3282.98437861
2778.26484423
2683.07931127
2423.52384545
2081.83284667
2124.87520274
1891.407448
1909.21423693
2111.0313222
2517.81771065
2267.313062
3951.10198165
4009.81553042
3771.5568565
3629.74280574
3759.24724383
3154.11679971
2873.8260501
3706.95941129
4116.43825503
3334.30056532
2976.9990888
2653.11978368
2549.94494597
3517.53590157
3133.92647413
3022.84885043
2711.67910852
2745.04634445
2597.48683593
2565.6391115
2601.17415939
2123.47302993
2040.81678377
1822.94422671
2543.20126903
1876.93523926
1688.1479805
1598.74211097
1882.73316023
1268.7773994
1233.53551116
2594.95124294
4058.27271917
3080.79563658
2453.15537097
2293.60041539
2284.4415223
2532.35217155
2656.88181361
4490.31277113
3487.70012042
3092.15178037
2884.88044158
3066.30020845
3460.08313559
3452.10774439
3649.11767277
3062.7904364
5049.60154674
6207.90834413
5099.14244637
4406.39605161
3306.51116683
2522.81479393
2402.43820855
3069.4319337
3062.85800271
3249.38564787
4180.28275535
4092.13512552
2833.0846501
2183.39001697
2488.3505734
2384.75101358
2514.56363158
2516.21891286
2529.83150265
2166.48192997
2584.73528261
1906.47801327
2000.00536648
1696.69925055
2076.21769047
1638.17768045
1502.23335963
1348.13022142
1319.5890251
1405.55635075
1735.41402523
1816.6166908
1407.40233035
1286.36290043
2880.96450106
3081.40154223
2192.86691897
2373.12948171
2037.6225047
2002.70041623
1421.97657272
2404.46127398
2019.51126721
1828.39446621
1529.05403746
1424.33885626
2968.74603738
2557.9889815
1397.04910817
1927.32736452
2825.7005755
2990.50622775
2699.60812005
1937.07597175
2444.73535113
2573.5161308
2259.7110027
2918.67914395
3150.8538483
2218.93819488
2090.9339786
2810.10967394
3956.531716
2972.97169265
316.144719129
564.378412964
1199.11964884
1898.75382887
1206.12718765
991.425509033
1297.27377455
1968.73004287
1601.6585615
1977.21567935
1971.95197837
2012.97466197
2312.75675032
2544.14404557
2677.14937103
3835.05474293
2985.59367681
2533.20370057
2358.99631171
2104.04730581
1764.4292657
1707.39481623
2012.51719377
2048.77740161
1983.05420794
2214.84384893
2669.38425168
2367.31956213
2022.62519519
1842.3337235
2005.06020061
1837.59732029
1931.1049712
2097.661332
1679.5307733
1587.9072109
1544.13533881
1535.80510193
1453.35154894
1232.34345433
1380.54630158
1731.571808
1567.64677384
1534.95526997
3470.45039247
2665.08304303
2010.83921593
1822.19434294
2102.39690539
2257.50591364
2448.95444861
1927.81269453
1619.27889365
1425.8237426
1275.4123489
1141.71831048
1081.07780473
1137.61763139
1045.82339553
935.215944452
913.59643829
1063.22430154
1006.31324216
981.073333533
845.198644355
894.344410467
867.134481645
1663.20396271
2748.99169407
2090.67438132
2126.31873297
1891.02584826
1777.82103868
1873.5877139
2005.01829416
2280.5706471
2321.52351216
2226.44169667
4492.09017955
5488.89294971
4535.73158547
2796.28205226
2826.9369335
2929.2293959
3247.71370081
3297.92076729
3186.01098842
3292.54904727
2814.14886345
2352.27137517
2150.57574106
1841.63514394
2770.10673677
2283.83889574
1817.423626
1713.29193135
1521.82450726
1322.96897264
1383.68159652
1365.29306503
1552.19145965
1546.22791273
1188.45846113
1336.51712361
1237.51489087
1023.92530268
1617.5071648
1667.06291187
1798.40495316
1659.840985
1496.6157029
1457.8338173
1718.09749265
1844.5379929
4199.63302503
1619.85071074
2139.3886123
1559.29105313
1717.7867069
1873.02727487
2092.48687539
2570.50486562
2834.71293884
3589.03447977
2851.10954319
2988.24121763
3165.98976477
2752.71282019
2606.72303447
3086.17681448
2831.67575947
2545.5704299
2663.85554658
2966.674548
4016.98920703
3813.5923897
3972.64140658
2757.2162335
3095.45786832
4464.07689616
2341.41222673
1998.38288871
1886.61174513
1869.33515213
1737.36599216
1563.02392825
1861.36886071
1867.15495267
1641.38726065
1533.7349248
4750.294304
5069.33153071
4356.03111467
3281.58312052
2418.3707049
2185.55741248
2254.11824461
2032.98525846
2280.42812371
2027.82207833
2462.88611416
2279.74822207
2253.19793216
1722.55075819
1486.80460467
1378.449785
1502.66004207
1557.9849789
1856.75380006
1877.21903745
2193.87722852
1761.43198563
1808.20024213
1793.28330543
2442.21521397
3481.26734494
3401.82351227
2956.30082577
2812.95368213
2914.57927565
2852.73828023
2758.85029604
2917.22864868
3490.54702067
3101.11436358
2745.37280887
2697.05306984
2169.94288458
2438.2751556
2352.09458119
1779.98312563
1602.09385348
1577.40215626
1766.00484032
1704.55024284
2124.46942277
2177.88568977
2350.27134417
3283.02124158
2778.27741042
2683.0841672
2423.55000287
2081.83975217
2124.87583261
1891.40770484
1909.21441771
1961.60104132
2111.0356985
2517.83049848
2267.31615853
3951.10366742
4009.81563203
3771.5568806
3629.74282074
3759.2603697
3154.13768761
2873.83964248
3252.27043945
3706.96006194
4116.43828733
3334.36389097
2977.0221593
2653.1310191
2549.97999097
3517.5373532
3133.94329665
3022.85247383
2711.6904051
2745.07363713
2597.48781621
2459.08973194
2565.63911423
2603.37843094
2123.7087619
2040.86741842
1822.97798855
2543.22674477
1876.95666581
1688.18070413
1598.75685384
1882.74415223
1737.67406839
1616.17690732
1371.40243677
1260.58627345
1268.825724
1233.9980869
2603.06315203
4108.83055943
3124.01597994
2488.10566983
2389.77340206
2441.71914219
2370.84950879
2544.89541216
2513.47653917
2305.1867261
2296.79078803
2554.28877903
2670.39281271
4500.62908943
3503.59704806
3114.9738122
2900.247108
3077.72238068
3470.79079945
3465.80571987
3571.76954573
3659.67214603
3071.0533114
5056.15696806
6213.92731887
5122.910272
4417.04151023
3318.26369967
2977.98911784
2647.15713077
2542.03668643
2425.94430484
3113.65255567
3118.45430161
3316.2314622
4249.32400355
4162.52871726
2882.7975579
2219.62208287
2528.49135277
2426.0808379
1077.6050571
1806.8784575
1476.16816262
579.200475408
402.323011
213.221436874
170.829361292
263.647768178
90.9275003753
101.197721734
311.145914801
330.960137282
690.916623093
470.136151926
1569.11405927
1176.31669848
1945.09294865
2943.38211287
2487.40768286
1412.05152021
794.708512526
465.359872912
592.418474601
337.134205764
231.898390874
115.380267803
190.534067613
442.1119755
929.220370194
1441.42398087
803.292093903
618.517513133
1019.54658174
2092.49815584
1137.7916491
1444.02643248
1464.2937616
1297.84692361
1378.9084329
1877.34250686
1883.09250665
2815.36822653
2563.03246374
2103.1398721
1807.85571526
1528.29443813
1343.70230543
1285.41012303
1566.65706517
1555.95544029
1526.60476732
1860.31366738
2121.759383
2260.9435637
1943.00106965
1577.20992313
1372.56695987
1223.54395113
1104.34577583
1005.00339784
898.513895033
842.941646484
762.483250677
683.766507357
616.715907258
546.8437895
506.457250161
481.655983867
1050.91973048
501.080374065
553.9461978
482.333510161
400.9996783
362.569391194
409.649959355
699.552072679
676.829398903
494.685530367
431.289720484
386.806535133
350.529504774
319.945466258
313.167298967
282.666720935
256.7804603
229.645559516
207.391949452
188.190892464
172.339911645
153.7849625
142.716926
286.621366767
339.716560968
260.033837065
221.2788829
203.014925903
201.786675833
179.699528645
152.290074452
130.005882793
117.297227032
111.434600033
91.9676715161
85.6531507667
174.338345419
233.426785387
217.441854533
128.120070419
355.751856667
252.396334548
337.613348194
312.284079393
314.456470097
345.3675117
398.641082065
262.175063433
247.022548935
206.737689194
224.417681667
199.157398129
163.7565149
154.951399226
141.13146471
121.708739893
112.006598065
99.6059586333
114.19950271
93.0459029333
74.8397195806
68.458950871
60.8558490333
49.3792719355
73.0482135333
84.6301436129
109.291765065
125.742022714
109.641079194
87.292711
76.0356702903
71.3502852667
196.804305548
100.763423258
88.6288768667
74.7297302903
78.3009469667
95.6116777742
108.271605548
123.208506448
115.593475548
95.1046702
84.9697646774
95.1680553667
1245.32805526
416.384871226
337.839305967
396.314987355
353.6737621
338.065766871
323.622635968
311.474694214
290.681076097
265.7515641
246.796128387
217.8821759
747.747099484
467.990921194
326.8278182
283.357249548
252.173731967
226.904888194
216.621898032
206.058540714
208.642345032
285.892636833
270.108640516
315.146929433
1719.95894013
1965.38708745
997.416610467
773.38642029
668.2049522
601.220295032
577.12102671
531.931647643
532.909013774
483.516563
495.320013806
451.557770667
521.971216097
397.597939839
379.874077
336.691672774
428.1643071
506.525497194
712.198508903
844.227668862
1533.84425661
1285.1800077
970.552424484
916.654368533
2071.04914558
3027.12001184
2628.17729557
1712.40456997
1569.24177693
1515.91301274
1640.30310294
1502.51544611
1349.28107861
1700.842798
1432.9995331
1241.68866927
1130.77619855
995.562153226
896.862540467
819.527058194
741.360623467
691.632279194
767.744036129
1159.813164
1079.98595087
1200.31556927
1114.51452771
1723.58326583
4171.10957642
2881.65873742
2723.21246427
2596.20916968
2016.91540327
1826.30563361
1794.06535965
1964.90447507
2247.81998384
2246.09886077
2834.66157213
2885.53942077
4616.49255245
4233.32882787
3657.6479529
3092.93613771
3024.63760793
2629.06429623
2462.82874684
2539.68283628
2666.90375974
3137.94090467
3011.23125329
3042.68688437
2689.21555097
2375.61354897
2222.79922623
1971.96114142
1883.24289497
1859.03026874
1628.95869281
1457.44999725
1330.47474358
1537.25911927
1702.6529301
1353.4966802
1328.17364732
1129.93358761
1976.6872793
1332.70781626
1153.42030743
1029.81804577
1064.73163506
987.389281214
1065.41278526
895.519708333
786.627998419
707.5095679
646.591367645
738.541491065
754.8991523
661.689306452
589.019093
649.737079065
627.614348355
596.362861107
536.473113581
479.6194422
484.656226645
469.1048307
457.799425935
381.265543645
420.637529533
403.273803839
388.647514233
348.205086452
527.131511516
849.001326897
1003.6496251
862.435412967
683.646203581
584.033488
515.655270323
471.534337355
490.3394645
425.349242258
380.5648901
330.547537516
308.649612419
305.1011595
300.098959968
316.023445733
334.469271548
374.4586656
376.74687229
382.48008971
405.8105055
342.857767258
306.310949633
291.24728629
298.953908516
280.280976429
290.465448484
288.741447
311.405249903
268.981631567
228.46724371
200.770584581
178.346468167
166.381744645
144.3596947
128.787048742
114.146156548
101.067926286
98.1263932903
86.7903777667
72.7453103548
70.4035816333
102.892493839
66.7353209032
101.6255728
210.230072935
185.716923067
172.150128065
555.796411304
679.022709011
486.590071433
342.257848438
171.404957466
506.347713833
443.742312323
614.165413806
939.311798138
1102.62109426
972.157881
778.184781645
664.512947767
588.241170742
542.134774774
599.495432133
509.256928903
458.050462933
396.227049968
376.666235645
386.963717143
390.432816129
448.2219831
492.847133548
573.099244433
566.793067258
607.260972774
614.6799075
488.543365387
451.7196569
436.771513613
453.358840452
430.762261214
442.567770613
425.400869833
445.250318935
380.415217133
330.166300613
293.506947645
261.979852167
245.029475
213.344235967
191.041834258
169.742121
150.800940607
145.287674323
128.990932333
109.118469516
105.294901033
152.574134903
99.0274599355
160.9787996
308.077547548
271.251748533
253.104582871
1079.47175423
1807.7907613
1483.72315095
600.835835151
441.731900855
259.017639348
369.172404041
659.020509677
229.727406589
426.666099181
596.738734456
385.049958868
859.357478427
597.346377929
1594.0998919
1178.95373318
1945.48454197
2948.56483606
2504.07813246
1425.04289128
1040.75104002
895.777208115
923.92772606
1266.25009733
191.927008548
443.186142643
929.834365742
1442.78403313
806.266192065
620.767282167
1022.81445665
2096.04410355
1140.740575
1445.07594432
1465.85214293
1298.15590665
1380.51816919
1877.86288607
1883.34310971
2815.54298533
2563.14307077
2103.24107847
1810.53891542
1528.97426084
1344.24991717
1285.66987681
1567.98188333
1558.55424684
1527.93797916
1862.19631752
2134.70527635
2266.10137753
1947.81933403
1581.8235587
1377.38485797
1227.66545335
1114.54082937
1023.37119384
910.580050133
852.974149387
772.218706742
693.684118464
628.313034548
557.1982337
522.993429677
500.412304767
1063.52571458
517.955094323
613.376510633
520.241372484
429.435242833
389.889930065
436.004918452
724.36112875
700.899174194
518.0773327
451.832818935
407.0864071
371.839009355
344.601728806
333.9089452
394.596680903
349.4947034
290.322784032
258.450788516
232.440841643
210.938061581
187.769255633
172.810652548
313.318343867
363.75169971
289.793405419
262.694243067
241.18376471
295.4653967
277.770905516
216.271582129
185.545226517
167.789707226
158.539752167
133.659484065
124.611750233
257.322226323
607.674746516
974.063279367
463.136001194
609.4364376
532.751147032
776.407675355
857.153193821
913.978388097
1023.2413866
866.792935419
656.147359233
594.640329065
513.565888806
518.430264733
457.451560806
387.6541602
360.324560581
336.659533839
294.57822
277.062357065
245.496408833
250.346789258
201.290618367
167.412291903
149.344194
131.585815133
113.520922548
239.312636033
353.129682161
482.828776935
484.559716893
397.557451774
324.1511143
280.555096968
268.162430533
950.267938387
432.788889065
404.807502267
313.529718548
302.4021442
470.851431194
583.132208484
664.628387828
552.919694355
453.282327433
394.831766419
359.653203433
1477.83076432
631.700866
519.676784367
555.626690226
493.6635941
460.212083871
436.758190097
406.007740536
370.953076968
339.6487505
310.896091871
270.099825233
789.529416097
503.055326613
355.893151967
307.445344516
272.603979
249.996329677
291.275532484
246.487271929
241.339672032
313.5499046
293.467335161
335.289845
1738.16583587
2125.85704361
1711.19625477
1232.71668619
912.880610267
805.446848613
759.267165355
706.987527571
742.290120129
642.322181433
632.971556516
574.797704533
643.398632581
525.410843613
469.6290577
414.421646194
495.329074133
565.25412071
763.046359226
888.735511793
1571.75365726
1317.7783255
999.854280065
943.975211033
2090.90207726
3043.45994658
2641.77798353
1723.684503
1578.55668
1523.57609897
1646.56226213
1507.74903479
1353.66484674
1704.27749883
1435.78825071
1243.93936707
1132.95544952
997.017030581
898.0303542
820.46743971
742.319059333
692.388309452
768.556051742
1160.35273389
1080.30590884
1200.8971787
1115.12294232
1723.80462887
4171.78948116
2881.90730361
2723.32904333
2596.60722865
2017.04757827
1826.34425774
1794.09226542
1964.92538329
2247.83893303
2250.15320177
2839.2486681
2887.8929749
4618.66777429
4235.38164765
3663.62590197
3106.28616726
3040.1587688
2640.84999613
2474.84286081
2556.89363666
2684.22022668
3156.94822563
3027.22412445
3057.03039047
2702.4347779
2389.78056413
2254.55866277
1989.02127752
1898.00709073
1872.68100494
1645.09998539
1471.53950607
1342.93093548
1548.36858173
1747.44973906
1366.6643144
1337.80280539
1138.50027432
1984.30518647
1339.44564123
1159.54020223
1034.93838052
1069.18788342
991.446586643
1068.83661429
899.695314567
791.302946581
711.889380767
658.610622129
890.738143
1642.4830975
1408.65698781
1214.06650377
1147.16990868
1109.37446432
1110.2180095
973.702662581
858.2356622
813.62942271
816.9448633
1024.55938574
753.591149613
776.029994933
833.021607161
921.322656633
772.656191226
876.833552677
1186.18377897
1395.05419406
1302.25435487
1025.10257642
873.3947971
765.201032387
702.855439032
997.8474967
719.440977419
692.553764833
572.825316484
599.417927548
725.34725325
810.146233871
1125.58418833
1332.71136548
1612.18047127
1675.33624871
1759.21028958
1655.0408946
1323.75426123
1284.353135
1259.32050445
3673.043518
3257.49670885
3795.95955849
4956.70862956
4450.39986191
3121.36878686
2505.76015633
3513.7994721
3398.1520349
2978.58670871
4542.27353053
3229.40397171
2376.15645603
2115.26965752
2032.14502447
1937.86292981
3568.80229548
6038.49578053
4800.48431281
3457.3521983
3194.65901042
3192.72083997
3685.09386587
3495.0888079
5338.24749027
4425.94839635
4945.00599307
4736.73052445
3989.3990107
5861.09755487
6959.69443223
6351.33082123
5246.77942871
4539.39559183
4771.64202842
5227.93676337
6247.42480361
6187.60448126
4693.16875273
3679.57377477
3548.0632871
3902.95853032
3076.0427705
3024.39200552
2596.60815823
2867.5183412
2383.55753568
1701.61103435
1588.02986533
3320.51928071
3344.12497974
2793.44386047
3477.54263881
2505.3076147
4234.7085653
3535.96621909
2486.72621245
2158.30024673
2134.05083195
4373.97886957
3696.3542797
1836.69380459
2658.82924048
3729.42475098
3482.48774348
3627.11686909
2575.40133136
4091.42305298
3769.92759244
4219.22437459
5897.47322494
5687.31149258
3710.24378668
3376.21970479
3902.29359525
5028.29845248
4831.36494393
509.401104806
1008.96737964
2130.75293226
3343.41042753
2015.37550535
1614.4011895
2322.90259529
4067.57158032
2749.187417
3429.70900368
3444.46534373
3319.19893645
3703.69593148
4435.24820254
4576.14239316
6669.48062957
5569.06439116
4658.3605702
4193.41370094
3657.41216755
3141.5720071
3021.45498216
3609.12429783
3637.70519235
3543.34434777
4111.28539221
4838.33586135
4667.94620987
4005.70057655
3458.92145207
3416.514311
3098.18560768
3077.02238313
3154.72140019
2619.99604353
2466.41651335
2340.02899068
2250.73843157
2103.09135935
1816.16782893
1966.344664
2261.74736397
2655.95365919
2075.87621784
4108.70676817
3415.93252606
2559.85722827
2289.22470487
2602.50207003
3096.70435125
3321.2377211
2562.78661263
2171.46872187
1927.8863726
1927.518218
1631.22409345
1655.67917157
1941.72756403
1691.22146643
1434.79449942
1350.45613935
1451.90753686
1511.80687294
1533.4825181
1384.47052061
1512.99735557
1464.92694413
2244.42151758
3644.3128166
3181.14037945
3315.90539757
2994.20343226
2871.59914339
3082.70027814
3206.61216332
3561.07829633
3661.16897277
3214.66903553
5539.01810306
7315.48533571
6976.85120383
4448.52356219
4325.8952865
4219.62960758
4736.50986997
4865.04450914
4825.51602252
5025.65583103
4264.76611661
3483.87552887
3156.71009281
2714.81390323
3604.31901367
3019.02780077
2448.65094457
2317.26994545
2070.40904071
1799.71215968
1823.00105126
1755.68742153
2096.02390139
2076.188016
1544.54475119
1644.72441906
1607.21201947
1298.76264181
2062.09491923
2263.36732097
2616.5042821
2442.78701461
2122.953683
1974.95549163
2198.5719581
2280.74365587
5437.91964094
2251.16352158
3189.4786141
2273.25210242
2389.38791713
2681.49500555
3047.81827106
3621.53529655
3890.92626039
4499.3540829
3612.54375084
3624.74819157
4882.11759155
3596.69654774
3369.87367393
3821.65718752
3559.55114123
3223.69595768
3291.16327361
3533.07849289
4540.76242539
4282.07999783
4397.295547
3126.82941973
3972.10493452
5043.82322994
2771.86149187
2384.09064248
2225.0366601
2177.45676906
2093.3127621
1855.87710718
2146.52133129
2215.6277618
1964.55547758
1894.7706146
6510.95815623
7256.87921729
6311.72647273
4633.64356106
3398.8710805
3049.07208571
3073.03553526
2797.43687632
3085.0544911
2716.88074713
3137.438659
2893.02531387
2935.06837
2292.05264065
1987.74707687
1819.86486823
2021.87879957
2144.81754184
2640.0246079
2785.82707155
3849.583016
3209.0484419
2875.449174
2796.997845
4585.97775874
6572.69380503
6086.3982429
4718.71802084
4426.6198169
4470.45432445
4528.50846319
4293.32827939
4295.12100326
5216.59230043
4556.4156331
4006.9672396
3846.13691026
3180.95412539
3348.53915403
3183.29065523
2531.71848667
2302.98817713
2354.73487732
2937.24089561
2795.76973248
3337.73634597
3307.18493497
4088.54134513
7469.65575694
5675.10990974
5421.26023843
5037.06101274
4116.31851723
3968.82113861
3704.60275071
3895.34724718
4233.00511948
4387.194882
5390.89558755
5186.6175884
8598.74273581
8273.83235023
7463.51299543
6764.01457468
6858.1370529
5829.87877248
5379.43230019
5838.08381883
6442.10122726
7309.30069637
6392.3705881
6061.76795837
5381.21823913
4963.24768839
5792.64663703
5143.14242371
4943.47640823
4654.48187323
4542.58628777
4200.06885896
3894.95219948
4188.03139847
4429.62621277
3546.44697893
3426.00542387
3003.3273581
4564.76484293
3248.97913703
2876.79035017
2659.55715426
3012.4573111
2896.19413014
2909.53076374
2564.23006123
2247.20054361
2127.357249
2019.40313374
3648.29045139
6146.40276787
4987.2832389
4154.2660036
3803.546627
3827.21954006
3758.93672304
3755.28944023
3577.1899648
3300.16699974
3290.6435825
3801.87876577
3583.65567048
5416.16612943
4502.14857623
4216.75673123
3812.35848435
4075.10282171
4773.80599393
4985.72478955
5006.92986367
4789.19755974
4039.09375987
5908.08440503
7004.83326497
6517.6273156
5357.0796479
4171.7227877
3681.77260719
3383.36600819
3483.31430864
3578.91795071
4705.9905647
4952.83772935
5388.38902317
6752.65013848
6867.36153694
5605.60857987
4343.82220513
4499.90956097
4311.96288387
48.5253412685
105.306909672
78.5330247041
176.582547729
270.602472995
445.344096503
139.548349679
108.754938956
160.840424403
145.730341645
282.401886921
265.980925129
118.62007197
28.775085129
27.2688073333
28.832392871
42.5712695484
135.315420517
122.616979419
154.609291133
125.91087571
103.021043133
109.187844226
120.816797613
109.216515667
81.3225485484
80.0426862333
81.8154804194
77.403386871
70.7365174643
78.9105114194
170.8425132
105.056242161
88.5705248
75.8482738387
70.3940687097
60.0386559
53.163218
46.8826899333
45.479138129
52.2171979677
67.9049631786
64.1527629355
152.062155667
459.716133
263.3871902
215.786033258
185.654006806
174.649219233
168.696708419
157.434210567
148.141921548
144.036299355
146.937140143
156.07134
145.069621233
266.193206323
286.039057267
475.515279935
316.002107355
257.203600933
268.633224097
376.275827367
396.710462774
404.44994071
512.106959483
541.99632629
488.7525466
797.705540065
591.096568533
442.762063871
386.477846065
343.302628633
305.110355452
281.128995833
251.059711645
229.083904226
207.891631321
181.12232671
164.040157833
166.567730484
134.9388973
117.597234387
104.330699871
139.177590833
89.1312546774
75.9257437333
69.9639549677
60.681967
53.8596846071
62.7900341613
70.5969401333
69.2893393226
55.0435718
53.4911293871
80.6219220645
209.7556518
221.571637871
191.321009967
173.681916613
188.620506871
191.187437357
163.634149548
145.419979633
121.808905129
127.8049782
214.861669774
133.791697065
153.836583833
165.897016935
167.459449
157.124020516
129.952212387
134.136071793
150.276759645
187.361845967
185.549005613
135.598116533
117.871020452
112.607043194
211.226344067
139.057556871
138.054634067
109.206748323
119.620519355
148.612905964
174.097500323
208.421323767
251.08370629
331.318109933
396.223247581
363.923764452
402.655698833
369.183149323
315.949950267
298.938269935
317.832037323
292.538729714
308.907363806
328.6026668
355.862406065
338.145020067
289.795326387
250.118814774
210.727150533
192.368789742
163.847043433
144.866772065
127.609955097
113.420976107
100.959195129
89.4716038667
79.1723468065
82.8060394667
116.544105968
74.7485150968
118.676753733
197.812313032
167.947785333
153.265616161
