  single point
      jh_cof_1    1.2052294000000000E-02     1.000000         0.000000    
      jh_cof_2    1.2209239000000000E-02     1.000000         0.000000    
      jh_cof_3    1.2216502000000000E-02     1.000000         0.000000    
      jh_cof_4    1.3147479000000000E-02     1.000000         0.000000    
      jh_cof_5    1.1468545000000000E-02     1.000000         0.000000    
      jh_cof_6    1.1469914000000000E-02     1.000000         0.000000    
      jh_cof_7    1.1186234000000000E-02     1.000000         0.000000    
      jh_cof_8    1.1015664000000000E-02     1.000000         0.000000    
      jh_cof_9    1.1431709000000000E-02     1.000000         0.000000    
     jh_cof_10    1.2530996000000000E-02     1.000000         0.000000    
     jh_cof_11    1.2828988000000000E-02     1.000000         0.000000    
     jh_cof_12    1.2956805000000000E-02     1.000000         0.000000    
