  single point
      dinctp_1    -2.252535100000000         1.000000         0.000000    
      dinctp_2    -1.866870500000000         1.000000         0.000000    
      dinctp_3    -1.870281600000000         1.000000         0.000000    
      dinctp_4   -0.8824048200000000         1.000000         0.000000    
      dinctp_5    1.0000000000000001E-05     1.000000         0.000000    
      dinctp_6    -2.106322300000000         1.000000         0.000000    
      dinctp_7    -2.011635600000000         1.000000         0.000000    
      dinctp_8    -1.957401400000000         1.000000         0.000000    
      dinctp_9    -2.273670600000000         1.000000         0.000000    
     dinctp_10    -2.461594500000000         1.000000         0.000000    
     dinctp_11    -2.934696400000000         1.000000         0.000000    
     dinctp_12    -1.996606800000000         1.000000         0.000000    
      dslope_1    0.2441223800000000         1.000000         0.000000    
      dslope_2    0.2610825000000000         1.000000         0.000000    
      dslope_3    0.2071145400000000         1.000000         0.000000    
      dslope_4    0.2850563100000000         1.000000         0.000000    
      dslope_5    0.2000025400000000         1.000000         0.000000    
      dslope_6    0.3249619000000001         1.000000         0.000000    
      dslope_7    0.3840907500000000         1.000000         0.000000    
      dslope_8    0.6738773800000000         1.000000         0.000000    
      dslope_9    0.5786967400000000         1.000000         0.000000    
     dslope_10    0.6101617700000000         1.000000         0.000000    
     dslope_11    0.3664023300000000         1.000000         0.000000    
     dslope_12    0.2853765400000000         1.000000         0.000000    
