  single point
      dinctp_1    -1.186034400000000         1.000000         0.000000    
      dinctp_2   -1.8510448000000000E-02     1.000000         0.000000    
      dinctp_3    -1.329302500000000         1.000000         0.000000    
      dinctp_4   -0.5699965800000000         1.000000         0.000000    
      dinctp_5   -0.4729214100000000         1.000000         0.000000    
      dinctp_6    -1.386774100000000         1.000000         0.000000    
      dinctp_7    -2.816145800000000         1.000000         0.000000    
      dinctp_8    -1.984000900000000         1.000000         0.000000    
      dinctp_9    -1.626308200000000         1.000000         0.000000    
      dinct_10    -1.205853400000000         1.000000         0.000000    
      dinct_11    -1.509713700000000         1.000000         0.000000    
      dinct_12    -1.278582800000000         1.000000         0.000000    
      dslope_1    0.3030971700000001         1.000000         0.000000    
      dslope_2    0.3018950600000000         1.000000         0.000000    
      dslope_3    0.4198069800000000         1.000000         0.000000    
      dslope_4    0.4150981300000000         1.000000         0.000000    
      dslope_5    0.3640378300000000         1.000000         0.000000    
      dslope_6    0.3432789200000000         1.000000         0.000000    
      dslope_7    0.4187074600000000         1.000000         0.000000    
      dslope_8    0.4147810600000000         1.000000         0.000000    
      dslope_9    0.3652918200000000         1.000000         0.000000    
      dslop_10    0.3138476600000000         1.000000         0.000000    
      dslop_11    0.3550488400000000         1.000000         0.000000    
      dslop_12    0.2958334200000000         1.000000         0.000000    
