  single point
      radj_fc0     1.000000000000000         1.000000         0.000000    
      radj_fc1     1.000000000000000         1.000000         0.000000    
      radj_fc2     1.000000000000000         1.000000         0.000000    
      radj_fc3     1.000000000000000         1.000000         0.000000    
      radj_fc4     1.000000000000000         1.000000         0.000000    
      radj_fc5     1.000000000000000         1.000000         0.000000    
      radj_fc6     1.000000000000000         1.000000         0.000000    
      radj_fc7     1.000000000000000         1.000000         0.000000    
      radj_fc8     1.000000000000000         1.000000         0.000000    
      radj_fc9     1.000000000000000         1.000000         0.000000    
     radj_fc10     1.000000000000000         1.000000         0.000000    
     radj_fc11     1.000000000000000         1.000000         0.000000    
     radj_fc12     1.000000000000000         1.000000         0.000000    
     radj_fc13     1.000000000000000         1.000000         0.000000    
     radj_fc14     1.000000000000000         1.000000         0.000000    
     radj_fc15     1.000000000000000         1.000000         0.000000    
     radj_fc16     1.000000000000000         1.000000         0.000000    
     radj_fc17     1.000000000000000         1.000000         0.000000    
     radj_fc18     1.000000000000000         1.000000         0.000000    
     radj_fc19     1.000000000000000         1.000000         0.000000    
     radj_fc20     1.000000000000000         1.000000         0.000000    
     radj_fc21     1.000000000000000         1.000000         0.000000    
     radj_fc22     1.000000000000000         1.000000         0.000000    
     radj_fc23     1.000000000000000         1.000000         0.000000    
     radj_fc24     1.000000000000000         1.000000         0.000000    
     radj_fc25     1.000000000000000         1.000000         0.000000    
     radj_fc26     1.000000000000000         1.000000         0.000000    
     radj_fc27     1.000000000000000         1.000000         0.000000    
     radj_fc28     1.000000000000000         1.000000         0.000000    
     radj_fc29     1.000000000000000         1.000000         0.000000    
     radj_fc30     1.000000000000000         1.000000         0.000000    
     radj_fc31     1.000000000000000         1.000000         0.000000    
     radj_fc32     1.000000000000000         1.000000         0.000000    
     radj_fc33     1.000000000000000         1.000000         0.000000    
     radj_fc34     1.000000000000000         1.000000         0.000000    
     radj_fc35     1.000000000000000         1.000000         0.000000    
     radj_fc36     1.000000000000000         1.000000         0.000000    
     radj_fc37     1.000000000000000         1.000000         0.000000    
     radj_fc38     1.000000000000000         1.000000         0.000000    
     radj_fc39     1.000000000000000         1.000000         0.000000    
     radj_fc40     1.000000000000000         1.000000         0.000000    
     radj_fc41     1.000000000000000         1.000000         0.000000    
     radj_fc42     1.000000000000000         1.000000         0.000000    
     radj_fc43     1.000000000000000         1.000000         0.000000    
     radj_fc44     1.000000000000000         1.000000         0.000000    
     radj_fc45     1.000000000000000         1.000000         0.000000    
     radj_fc46     1.000000000000000         1.000000         0.000000    
     radj_fc47     1.000000000000000         1.000000         0.000000    
     radj_fc48     1.000000000000000         1.000000         0.000000    
     radj_fc49     1.000000000000000         1.000000         0.000000    
     radj_fc50     1.000000000000000         1.000000         0.000000    
     radj_fc51     1.000000000000000         1.000000         0.000000    
     radj_fc52     1.000000000000000         1.000000         0.000000    
     radj_fc53     1.000000000000000         1.000000         0.000000    
     radj_fc54     1.000000000000000         1.000000         0.000000    
     radj_fc55     1.000000000000000         1.000000         0.000000    
     radj_fc56     1.000000000000000         1.000000         0.000000    
     radj_fc57     1.000000000000000         1.000000         0.000000    
     radj_fc58     1.000000000000000         1.000000         0.000000    
     radj_fc59     1.000000000000000         1.000000         0.000000    
     radj_fc60     1.000000000000000         1.000000         0.000000    
     radj_fc61     1.000000000000000         1.000000         0.000000    
     radj_fc62     1.000000000000000         1.000000         0.000000    
     radj_fc63     1.000000000000000         1.000000         0.000000    
     radj_fc64     1.000000000000000         1.000000         0.000000    
     radj_fc65     1.000000000000000         1.000000         0.000000    
     radj_fc66     1.000000000000000         1.000000         0.000000    
     radj_fc67     1.000000000000000         1.000000         0.000000    
     radj_fc68     1.000000000000000         1.000000         0.000000    
     radj_fc69     1.000000000000000         1.000000         0.000000    
     radj_fc70     1.000000000000000         1.000000         0.000000    
     radj_fc71     1.000000000000000         1.000000         0.000000    
     radj_fc72     1.000000000000000         1.000000         0.000000    
     radj_fc73     1.000000000000000         1.000000         0.000000    
     radj_fc74     1.000000000000000         1.000000         0.000000    
     radj_fc75     1.000000000000000         1.000000         0.000000    
     radj_fc76     1.000000000000000         1.000000         0.000000    
     radj_fc77     1.000000000000000         1.000000         0.000000    
     radj_fc78     1.000000000000000         1.000000         0.000000    
     radj_fc79     1.000000000000000         1.000000         0.000000    
     radj_fc80     1.000000000000000         1.000000         0.000000    
     radj_fc81     1.000000000000000         1.000000         0.000000    
     radj_fc82     1.000000000000000         1.000000         0.000000    
     radj_fc83     1.000000000000000         1.000000         0.000000    
     radj_fc84     1.000000000000000         1.000000         0.000000    
     radj_fc85     1.000000000000000         1.000000         0.000000    
     radj_fc86     1.000000000000000         1.000000         0.000000    
     radj_fc87     1.000000000000000         1.000000         0.000000    
     radj_fc88     1.000000000000000         1.000000         0.000000    
     radj_fc89     1.000000000000000         1.000000         0.000000    
     radj_fc90     1.000000000000000         1.000000         0.000000    
     radj_fc91     1.000000000000000         1.000000         0.000000    
     radj_fc92     1.000000000000000         1.000000         0.000000    
     radj_fc93     1.000000000000000         1.000000         0.000000    
     radj_fc94     1.000000000000000         1.000000         0.000000    
     radj_fc95     1.000000000000000         1.000000         0.000000    
     radj_fc96     1.000000000000000         1.000000         0.000000    
     radj_fc97     1.000000000000000         1.000000         0.000000    
     radj_fc98     1.000000000000000         1.000000         0.000000    
     radj_fc99     1.000000000000000         1.000000         0.000000    
    radj_fc100     1.000000000000000         1.000000         0.000000    
    radj_fc101     1.000000000000000         1.000000         0.000000    
    radj_fc102     1.000000000000000         1.000000         0.000000    
    radj_fc103     1.000000000000000         1.000000         0.000000    
    radj_fc104     1.000000000000000         1.000000         0.000000    
    radj_fc105     1.000000000000000         1.000000         0.000000    
    radj_fc106     1.000000000000000         1.000000         0.000000    
    radj_fc107     1.000000000000000         1.000000         0.000000    
    radj_fc108     1.000000000000000         1.000000         0.000000    
    radj_fc109     1.000000000000000         1.000000         0.000000    
    radj_fc110     1.000000000000000         1.000000         0.000000    
    radj_fc111     1.000000000000000         1.000000         0.000000    
    radj_fc112     1.000000000000000         1.000000         0.000000    
    radj_fc113     1.000000000000000         1.000000         0.000000    
    radj_fc114     1.000000000000000         1.000000         0.000000    
    radj_fc115     1.000000000000000         1.000000         0.000000    
    radj_fc116     1.000000000000000         1.000000         0.000000    
    radj_fc117     1.000000000000000         1.000000         0.000000    
    radj_fc118     1.000000000000000         1.000000         0.000000    
    radj_fc119     1.000000000000000         1.000000         0.000000    
    radj_fc120     1.000000000000000         1.000000         0.000000    
    radj_fc121     1.000000000000000         1.000000         0.000000    
    radj_fc122     1.000000000000000         1.000000         0.000000    
    radj_fc123     1.000000000000000         1.000000         0.000000    
    radj_fc124     1.000000000000000         1.000000         0.000000    
    radj_fc125     1.000000000000000         1.000000         0.000000    
    radj_fc126     1.000000000000000         1.000000         0.000000    
    radj_fc127     1.000000000000000         1.000000         0.000000    
    radj_fc128     1.000000000000000         1.000000         0.000000    
    radj_fc129     1.000000000000000         1.000000         0.000000    
    radj_fc130     1.000000000000000         1.000000         0.000000    
    radj_fc131     1.000000000000000         1.000000         0.000000    
    radj_fc132     1.000000000000000         1.000000         0.000000    
    radj_fc133     1.000000000000000         1.000000         0.000000    
    radj_fc134     1.000000000000000         1.000000         0.000000    
    radj_fc135     1.000000000000000         1.000000         0.000000    
    radj_fc136     1.000000000000000         1.000000         0.000000    
    radj_fc137     1.000000000000000         1.000000         0.000000    
    radj_fc138     1.000000000000000         1.000000         0.000000    
    radj_fc139     1.000000000000000         1.000000         0.000000    
    radj_fc140     1.000000000000000         1.000000         0.000000    
    radj_fc141     1.000000000000000         1.000000         0.000000    
    radj_fc142     1.000000000000000         1.000000         0.000000    
    radj_fc143     1.000000000000000         1.000000         0.000000    
    radj_fc144     1.000000000000000         1.000000         0.000000    
    radj_fc145     1.000000000000000         1.000000         0.000000    
    radj_fc146     1.000000000000000         1.000000         0.000000    
    radj_fc147     1.000000000000000         1.000000         0.000000    
    radj_fc148     1.000000000000000         1.000000         0.000000    
    radj_fc149     1.000000000000000         1.000000         0.000000    
    radj_fc150     1.000000000000000         1.000000         0.000000    
    radj_fc151     1.000000000000000         1.000000         0.000000    
    radj_fc152     1.000000000000000         1.000000         0.000000    
    radj_fc153     1.000000000000000         1.000000         0.000000    
    radj_fc154     1.000000000000000         1.000000         0.000000    
    radj_fc155     1.000000000000000         1.000000         0.000000    
    radj_fc156     1.000000000000000         1.000000         0.000000    
    radj_fc157     1.000000000000000         1.000000         0.000000    
    radj_fc158     1.000000000000000         1.000000         0.000000    
    radj_fc159     1.000000000000000         1.000000         0.000000    
    radj_fc160     1.000000000000000         1.000000         0.000000    
    radj_fc161     1.000000000000000         1.000000         0.000000    
    radj_fc162     1.000000000000000         1.000000         0.000000    
    radj_fc163     1.000000000000000         1.000000         0.000000    
    radj_fc164     1.000000000000000         1.000000         0.000000    
    radj_fc165     1.000000000000000         1.000000         0.000000    
    radj_fc166     1.000000000000000         1.000000         0.000000    
    radj_fc167     1.000000000000000         1.000000         0.000000    
    radj_fc168     1.000000000000000         1.000000         0.000000    
    radj_fc169     1.000000000000000         1.000000         0.000000    
    radj_fc170     1.000000000000000         1.000000         0.000000    
    radj_fc171     1.000000000000000         1.000000         0.000000    
    radj_fc172     1.000000000000000         1.000000         0.000000    
    radj_fc173     1.000000000000000         1.000000         0.000000    
    radj_fc174     1.000000000000000         1.000000         0.000000    
    radj_fc175     1.000000000000000         1.000000         0.000000    
    radj_fc176     1.000000000000000         1.000000         0.000000    
    radj_fc177     1.000000000000000         1.000000         0.000000    
    radj_fc178     1.000000000000000         1.000000         0.000000    
    radj_fc179     1.000000000000000         1.000000         0.000000    
    radj_fc180     1.000000000000000         1.000000         0.000000    
    radj_fc181     1.000000000000000         1.000000         0.000000    
    radj_fc182     1.000000000000000         1.000000         0.000000    
    radj_fc183     1.000000000000000         1.000000         0.000000    
    radj_fc184     1.000000000000000         1.000000         0.000000    
    radj_fc185     1.000000000000000         1.000000         0.000000    
    radj_fc186     1.000000000000000         1.000000         0.000000    
    radj_fc187     1.000000000000000         1.000000         0.000000    
    radj_fc188     1.000000000000000         1.000000         0.000000    
    radj_fc189     1.000000000000000         1.000000         0.000000    
    radj_fc190     1.000000000000000         1.000000         0.000000    
    radj_fc191     1.000000000000000         1.000000         0.000000    
    radj_fc192     1.000000000000000         1.000000         0.000000    
    radj_fc193     1.000000000000000         1.000000         0.000000    
    radj_fc194     1.000000000000000         1.000000         0.000000    
    radj_fc195     1.000000000000000         1.000000         0.000000    
    radj_fc196     1.000000000000000         1.000000         0.000000    
    radj_fc197     1.000000000000000         1.000000         0.000000    
    radj_fc198     1.000000000000000         1.000000         0.000000    
    radj_fc199     1.000000000000000         1.000000         0.000000    
    radj_fc200     1.000000000000000         1.000000         0.000000    
    radj_fc201     1.000000000000000         1.000000         0.000000    
    radj_fc202     1.000000000000000         1.000000         0.000000    
    radj_fc203     1.000000000000000         1.000000         0.000000    
    radj_fc204     1.000000000000000         1.000000         0.000000    
    radj_fc205     1.000000000000000         1.000000         0.000000    
    radj_fc206     1.000000000000000         1.000000         0.000000    
    radj_fc207     1.000000000000000         1.000000         0.000000    
    radj_fc208     1.000000000000000         1.000000         0.000000    
    radj_fc209     1.000000000000000         1.000000         0.000000    
    radj_fc210     1.000000000000000         1.000000         0.000000    
    radj_fc211     1.000000000000000         1.000000         0.000000    
    radj_fc212     1.000000000000000         1.000000         0.000000    
    radj_fc213     1.000000000000000         1.000000         0.000000    
    radj_fc214     1.000000000000000         1.000000         0.000000    
    radj_fc215     1.000000000000000         1.000000         0.000000    
    radj_fc216     1.000000000000000         1.000000         0.000000    
    radj_fc217     1.000000000000000         1.000000         0.000000    
    radj_fc218     1.000000000000000         1.000000         0.000000    
    radj_fc219     1.000000000000000         1.000000         0.000000    
    radj_fc220     1.000000000000000         1.000000         0.000000    
    radj_fc221     1.000000000000000         1.000000         0.000000    
    radj_fc222     1.000000000000000         1.000000         0.000000    
    radj_fc223     1.000000000000000         1.000000         0.000000    
    radj_fc224     1.000000000000000         1.000000         0.000000    
    radj_fc225     1.000000000000000         1.000000         0.000000    
    radj_fc226     1.000000000000000         1.000000         0.000000    
    radj_fc227     1.000000000000000         1.000000         0.000000    
    radj_fc228     1.000000000000000         1.000000         0.000000    
    radj_fc229     1.000000000000000         1.000000         0.000000    
    radj_fc230     1.000000000000000         1.000000         0.000000    
    radj_fc231     1.000000000000000         1.000000         0.000000    
    radj_fc232     1.000000000000000         1.000000         0.000000    
    radj_fc233     1.000000000000000         1.000000         0.000000    
    radj_fc234     1.000000000000000         1.000000         0.000000    
    radj_fc235     1.000000000000000         1.000000         0.000000    
    radj_fc236     1.000000000000000         1.000000         0.000000    
    radj_fc237     1.000000000000000         1.000000         0.000000    
    radj_fc238     1.000000000000000         1.000000         0.000000    
    radj_fc239     1.000000000000000         1.000000         0.000000    
    radj_fc240     1.000000000000000         1.000000         0.000000    
    radj_fc241     1.000000000000000         1.000000         0.000000    
    radj_fc242     1.000000000000000         1.000000         0.000000    
    radj_fc243     1.000000000000000         1.000000         0.000000    
    radj_fc244     1.000000000000000         1.000000         0.000000    
    radj_fc245     1.000000000000000         1.000000         0.000000    
    radj_fc246     1.000000000000000         1.000000         0.000000    
    radj_fc247     1.000000000000000         1.000000         0.000000    
    radj_fc248     1.000000000000000         1.000000         0.000000    
    radj_fc249     1.000000000000000         1.000000         0.000000    
    radj_fc250     1.000000000000000         1.000000         0.000000    
    radj_fc251     1.000000000000000         1.000000         0.000000    
