single point
        finf_1                      0.4830353000000000    1.000000000000000   0.0000000000000000
       finf_10                      0.4725046550000000    1.000000000000000   0.0000000000000000
       finf_11                      0.4725046520000000    1.000000000000000   0.0000000000000000
       finf_12                      0.4725046520000000    1.000000000000000   0.0000000000000000
       finf_13                      0.4725046250000000    1.000000000000000   0.0000000000000000
       finf_14                      0.4830353020000000    1.000000000000000   0.0000000000000000
       finf_15                      0.4830353000000000    1.000000000000000   0.0000000000000000
       finf_16                      0.4830353000000000    1.000000000000000   0.0000000000000000
       finf_17                      0.4830352960000000    1.000000000000000   0.0000000000000000
       finf_18                      0.4830353000000000    1.000000000000000   0.0000000000000000
       finf_19                      0.4830353020000000    1.000000000000000   0.0000000000000000
        finf_2                      0.4830352990000000    1.000000000000000   0.0000000000000000
       finf_20                      0.5284619410000000    1.000000000000000   0.0000000000000000
       finf_21                      0.4830353010000000    1.000000000000000   0.0000000000000000
       finf_22                      0.4830353040000000    1.000000000000000   0.0000000000000000
        finf_3                      0.4830353050000000    1.000000000000000   0.0000000000000000
        finf_4                      0.4105800060000000    1.000000000000000   0.0000000000000000
        finf_5                      0.4105800060000000    1.000000000000000   0.0000000000000000
        finf_6                      0.4830352990000000    1.000000000000000   0.0000000000000000
        finf_7                      0.4725046530000000    1.000000000000000   0.0000000000000000
        finf_8                      0.4725046500000000    1.000000000000000   0.0000000000000000
        finf_9                      0.4725046480000000    1.000000000000000   0.0000000000000000
          ks_1                      2.533302699940000    1.000000000000000   0.0000000000000000
         ks_10                      1.818685208144000    1.000000000000000   0.0000000000000000
        ks_100                      0.0002122389739000000    1.000000000000000   0.0000000000000000
        ks_101                      0.0007460627064000000    1.000000000000000   0.0000000000000000
        ks_102                      8.786276244999999e-05    1.000000000000000   0.0000000000000000
        ks_103                      0.0004308235790000000    1.000000000000000   0.0000000000000000
        ks_104                      9.850619829999999e-06    1.000000000000000   0.0000000000000000
        ks_105                      9.993610592000000e-06    1.000000000000000   0.0000000000000000
        ks_106                      0.0001473863600000000    1.000000000000000   0.0000000000000000
        ks_107                      0.0003088625044000000    1.000000000000000   0.0000000000000000
        ks_108                      4.471415166570100    1.000000000000000   0.0000000000000000
        ks_109                      7.519828180569900    1.000000000000000   0.0000000000000000
         ks_11                      0.4247367412780000    1.000000000000000   0.0000000000000000
        ks_110                      3.698933117943900    1.000000000000000   0.0000000000000000
        ks_111                      8.164815069379300    1.000000000000000   0.0000000000000000
        ks_112                      4.232268059108400    1.000000000000000   0.0000000000000000
        ks_113                      0.05474605918940000    1.000000000000000   0.0000000000000000
        ks_114                      8.868201988248900    1.000000000000000   0.0000000000000000
        ks_115                      6.775904276582200    1.000000000000000   0.0000000000000000
        ks_116                      0.3954594010205000    1.000000000000000   0.0000000000000000
        ks_117                      14.16166208947200    1.000000000000000   0.0000000000000000
        ks_118                      1.957557861199600    1.000000000000000   0.0000000000000000
        ks_119                      10.66547807717000    1.000000000000000   0.0000000000000000
         ks_12                      9.294468148522000    1.000000000000000   0.0000000000000000
        ks_120                      0.1075764619086000    1.000000000000000   0.0000000000000000
        ks_121                      2.267067506670600    1.000000000000000   0.0000000000000000
        ks_122                      44.63179386372700    1.000000000000000   0.0000000000000000
        ks_123                      8.302125111327401    1.000000000000000   0.0000000000000000
        ks_124                      2.120324228639000    1.000000000000000   0.0000000000000000
        ks_125                      33.86577924305200    1.000000000000000   0.0000000000000000
        ks_126                      500.0000000000000    1.000000000000000   0.0000000000000000
        ks_127                      0.9011883739271001    1.000000000000000   0.0000000000000000
        ks_128                      5.693188041848800    1.000000000000000   0.0000000000000000
        ks_129                      4.915609682739500    1.000000000000000   0.0000000000000000
         ks_13                      1.547346714973000    1.000000000000000   0.0000000000000000
        ks_130                      4.114804725405300    1.000000000000000   0.0000000000000000
        ks_131                      0.0002012513802000000    1.000000000000000   0.0000000000000000
        ks_132                      0.0002064338216000000    1.000000000000000   0.0000000000000000
        ks_133                      0.0002021251493000000    1.000000000000000   0.0000000000000000
        ks_134                      0.02716589956100000    1.000000000000000   0.0000000000000000
        ks_135                      0.0001598820501000000    1.000000000000000   0.0000000000000000
        ks_136                      0.0003018852857000000    1.000000000000000   0.0000000000000000
        ks_137                      0.006527991163000000    1.000000000000000   0.0000000000000000
        ks_138                      6.770523024096000    1.000000000000000   0.0000000000000000
        ks_139                      0.0002371401630000000    1.000000000000000   0.0000000000000000
         ks_14                      4.326212485551000    1.000000000000000   0.0000000000000000
        ks_140                      15.72251010211000    1.000000000000000   0.0000000000000000
        ks_141                      0.0002047692773000000    1.000000000000000   0.0000000000000000
        ks_142                      0.0002010303063000000    1.000000000000000   0.0000000000000000
        ks_143                      0.002116803298000000    1.000000000000000   0.0000000000000000
        ks_144                      1.062104768043100    1.000000000000000   0.0000000000000000
        ks_145                      30.43816961472600    1.000000000000000   0.0000000000000000
        ks_146                      5.881800776124400    1.000000000000000   0.0000000000000000
        ks_147                      2.338962903389200    1.000000000000000   0.0000000000000000
        ks_148                      6.127274087204300    1.000000000000000   0.0000000000000000
        ks_149                      0.0002686741998000000    1.000000000000000   0.0000000000000000
         ks_15                      1.039874926851000    1.000000000000000   0.0000000000000000
        ks_150                      7.609836562463800    1.000000000000000   0.0000000000000000
        ks_151                      6.234781148259500    1.000000000000000   0.0000000000000000
        ks_152                      0.1281189518238000    1.000000000000000   0.0000000000000000
        ks_153                      51.57128366441600    1.000000000000000   0.0000000000000000
        ks_154                      29.62281974947300    1.000000000000000   0.0000000000000000
        ks_155                      0.0002161910578000000    1.000000000000000   0.0000000000000000
        ks_156                      0.1866339711901000    1.000000000000000   0.0000000000000000
        ks_157                      0.1711357316427000    1.000000000000000   0.0000000000000000
        ks_158                      0.6385479606222000    1.000000000000000   0.0000000000000000
        ks_159                      0.02638855691790000    1.000000000000000   0.0000000000000000
         ks_16                      275.9978510000000    1.000000000000000   0.0000000000000000
        ks_160                      1.129045341055500    1.000000000000000   0.0000000000000000
        ks_161                      500.0000000000000    1.000000000000000   0.0000000000000000
        ks_162                      0.1954219751345000    1.000000000000000   0.0000000000000000
        ks_163                      0.06932039877760000    1.000000000000000   0.0000000000000000
        ks_164                      0.05618881366540000    1.000000000000000   0.0000000000000000
        ks_165                      7.511267441145600    1.000000000000000   0.0000000000000000
        ks_166                      0.01559230283930000    1.000000000000000   0.0000000000000000
        ks_167                      0.02233118935530000    1.000000000000000   0.0000000000000000
        ks_168                      0.04890795904260000    1.000000000000000   0.0000000000000000
        ks_169                      0.0002812737933000000    1.000000000000000   0.0000000000000000
         ks_17                      1.733003360244000    1.000000000000000   0.0000000000000000
        ks_170                      0.002297058632000000    1.000000000000000   0.0000000000000000
        ks_171                      0.4048208746665000    1.000000000000000   0.0000000000000000
        ks_172                      0.02031142265750000    1.000000000000000   0.0000000000000000
        ks_173                      0.01154933763050000    1.000000000000000   0.0000000000000000
        ks_174                      6.055533813197100    1.000000000000000   0.0000000000000000
        ks_175                      0.1291924473770000    1.000000000000000   0.0000000000000000
        ks_176                      0.001947034395000000    1.000000000000000   0.0000000000000000
        ks_177                      1.156368700909900    1.000000000000000   0.0000000000000000
        ks_178                      0.0002012691210000000    1.000000000000000   0.0000000000000000
        ks_179                      0.3646839587967000    1.000000000000000   0.0000000000000000
         ks_18                      2.431623932962000    1.000000000000000   0.0000000000000000
        ks_180                      2.080430794000000e-05    1.000000000000000   0.0000000000000000
        ks_181                      0.01341190026110000    1.000000000000000   0.0000000000000000
        ks_182                      5.234395143505100    1.000000000000000   0.0000000000000000
        ks_183                      0.9949891684073000    1.000000000000000   0.0000000000000000
        ks_184                      0.0004176207349000000    1.000000000000000   0.0000000000000000
        ks_185                      9.683641272000000e-05    1.000000000000000   0.0000000000000000
        ks_186                      9.988815305999999e-05    1.000000000000000   0.0000000000000000
        ks_187                      0.0001097891706000000    1.000000000000000   0.0000000000000000
        ks_188                      0.0003711649440000000    1.000000000000000   0.0000000000000000
        ks_189                      0.0001184206944000000    1.000000000000000   0.0000000000000000
         ks_19                      46.05285565624000    1.000000000000000   0.0000000000000000
        ks_190                      9.799515196000000e-06    1.000000000000000   0.0000000000000000
        ks_191                      0.0001017939986000000    1.000000000000000   0.0000000000000000
        ks_192                      0.0001438783901000000    1.000000000000000   0.0000000000000000
        ks_193                      0.001535993893000000    1.000000000000000   0.0000000000000000
        ks_194                      9.727971734000000e-06    1.000000000000000   0.0000000000000000
        ks_195                      0.0007045313627000000    1.000000000000000   0.0000000000000000
        ks_196                      9.758632780999999e-06    1.000000000000000   0.0000000000000000
        ks_197                      8.404575260000001e-05    1.000000000000000   0.0000000000000000
        ks_198                      0.0002182839771000000    1.000000000000000   0.0000000000000000
        ks_199                      1.100192169000000e-05    1.000000000000000   0.0000000000000000
          ks_2                      0.01744614991000000    1.000000000000000   0.0000000000000000
         ks_20                      1.315584392382000    1.000000000000000   0.0000000000000000
        ks_200                      9.819956832000000e-06    1.000000000000000   0.0000000000000000
        ks_201                      9.727971735000000e-06    1.000000000000000   0.0000000000000000
        ks_202                      0.0001063434214000000    1.000000000000000   0.0000000000000000
        ks_203                      0.0001154083382000000    1.000000000000000   0.0000000000000000
        ks_204                      0.0001053020946000000    1.000000000000000   0.0000000000000000
        ks_205                      0.0001070165961000000    1.000000000000000   0.0000000000000000
        ks_206                      9.789294480000000e-06    1.000000000000000   0.0000000000000000
        ks_207                      0.0001180412068000000    1.000000000000000   0.0000000000000000
        ks_208                      1.335900324000000e-05    1.000000000000000   0.0000000000000000
        ks_209                      0.0003262182128000000    1.000000000000000   0.0000000000000000
         ks_21                      0.9490173157889999    1.000000000000000   0.0000000000000000
        ks_210                      0.0001002830069000000    1.000000000000000   0.0000000000000000
        ks_211                      8.914409676000000e-05    1.000000000000000   0.0000000000000000
        ks_212                      6.056401703000000e-05    1.000000000000000   0.0000000000000000
        ks_213                      9.764651603000000e-05    1.000000000000000   0.0000000000000000
        ks_214                      9.989870547000000e-05    1.000000000000000   0.0000000000000000
        ks_215                      9.933281509000000e-05    1.000000000000000   0.0000000000000000
        ks_216                      0.0001010767810000000    1.000000000000000   0.0000000000000000
        ks_217                      4.290126084000000e-05    1.000000000000000   0.0000000000000000
        ks_218                      5.341192252000000e-05    1.000000000000000   0.0000000000000000
        ks_219                      0.0001070012599000000    1.000000000000000   0.0000000000000000
         ks_22                      0.6403621354660000    1.000000000000000   0.0000000000000000
        ks_220                      9.466579815000001e-05    1.000000000000000   0.0000000000000000
        ks_221                      0.0001478242112000000    1.000000000000000   0.0000000000000000
        ks_222                      0.0001060318946000000    1.000000000000000   0.0000000000000000
        ks_223                      0.0001195903048000000    1.000000000000000   0.0000000000000000
        ks_224                      0.0001017909065000000    1.000000000000000   0.0000000000000000
        ks_225                      9.952834502000001e-06    1.000000000000000   0.0000000000000000
        ks_226                      0.0001069086489000000    1.000000000000000   0.0000000000000000
        ks_227                      8.777272364000000e-05    1.000000000000000   0.0000000000000000
        ks_228                      5.807352526000000e-05    1.000000000000000   0.0000000000000000
        ks_229                      0.0004807431911000000    1.000000000000000   0.0000000000000000
         ks_23                      464.5077470000000    1.000000000000000   0.0000000000000000
        ks_230                      9.551534857000000e-06    1.000000000000000   0.0000000000000000
        ks_231                      8.552933384000000e-05    1.000000000000000   0.0000000000000000
        ks_232                      0.0003571288073000000    1.000000000000000   0.0000000000000000
        ks_233                      5.849883912000000e-05    1.000000000000000   0.0000000000000000
         ks_24                      0.04890654355700000    1.000000000000000   0.0000000000000000
         ks_25                      0.08183535980200000    1.000000000000000   0.0000000000000000
         ks_26                      5000.000000000000    1.000000000000000   0.0000000000000000
         ks_27                      0.1542147482350000    1.000000000000000   0.0000000000000000
         ks_28                      0.3103415896390000    1.000000000000000   0.0000000000000000
         ks_29                      2.800874036664000    1.000000000000000   0.0000000000000000
          ks_3                      0.7662381608500000    1.000000000000000   0.0000000000000000
         ks_30                      9.860840970000000e-06    1.000000000000000   0.0000000000000000
         ks_31                      2.699998949316000    1.000000000000000   0.0000000000000000
         ks_32                      0.0001899125780000000    1.000000000000000   0.0000000000000000
         ks_33                      0.1016307558200000    1.000000000000000   0.0000000000000000
         ks_34                      50.82634846004000    1.000000000000000   0.0000000000000000
         ks_35                      0.0001821951480000000    1.000000000000000   0.0000000000000000
         ks_36                      0.0006202579760000000    1.000000000000000   0.0000000000000000
         ks_37                      0.0002519461760000000    1.000000000000000   0.0000000000000000
         ks_38                      0.04971974241800000    1.000000000000000   0.0000000000000000
         ks_39                      0.0002015697880000000    1.000000000000000   0.0000000000000000
          ks_4                      73.36656117050001    1.000000000000000   0.0000000000000000
         ks_40                      1.332818196651000    1.000000000000000   0.0000000000000000
         ks_41                      1.175157782372000    1.000000000000000   0.0000000000000000
         ks_42                      2.360387791610000    1.000000000000000   0.0000000000000000
         ks_43                      0.08076145946000000    1.000000000000000   0.0000000000000000
         ks_44                      0.3228438224790000    1.000000000000000   0.0000000000000000
         ks_45                      0.1099916935140000    1.000000000000000   0.0000000000000000
         ks_46                      0.1001609498850000    1.000000000000000   0.0000000000000000
         ks_47                      5.653056001492000    1.000000000000000   0.0000000000000000
         ks_48                      9.944811399219001    1.000000000000000   0.0000000000000000
         ks_49                      0.0001784717150000000    1.000000000000000   0.0000000000000000
          ks_5                      206.9569300000000    1.000000000000000   0.0000000000000000
         ks_50                      4.121266391417000    1.000000000000000   0.0000000000000000
         ks_51                      4.733605340000000e-05    1.000000000000000   0.0000000000000000
         ks_52                      0.003388316630000000    1.000000000000000   0.0000000000000000
         ks_53                      5.124238200050000    1.000000000000000   0.0000000000000000
         ks_54                      0.01829692973200000    1.000000000000000   0.0000000000000000
         ks_55                      7.195910639419000    1.000000000000000   0.0000000000000000
         ks_56                      73.39957485623999    1.000000000000000   0.0000000000000000
         ks_57                      4.769467530406000    1.000000000000000   0.0000000000000000
         ks_58                      0.3191932628010000    1.000000000000000   0.0000000000000000
         ks_59                      0.08008482344200001    1.000000000000000   0.0000000000000000
          ks_6                      411.8745300000000    1.000000000000000   0.0000000000000000
         ks_60                      4.559347809658000    1.000000000000000   0.0000000000000000
         ks_61                      0.02920068163100000    1.000000000000000   0.0000000000000000
         ks_62                      0.2658311302210000    1.000000000000000   0.0000000000000000
         ks_63                      10.97287591147000    1.000000000000000   0.0000000000000000
         ks_64                      0.0006087822269999999    1.000000000000000   0.0000000000000000
         ks_65                      0.001532085690000000    1.000000000000000   0.0000000000000000
         ks_66                      5.744162494260000    1.000000000000000   0.0000000000000000
         ks_67                      12.39188610626000    1.000000000000000   0.0000000000000000
         ks_68                      0.01162620391200000    1.000000000000000   0.0000000000000000
         ks_69                      0.7583330041710000    1.000000000000000   0.0000000000000000
          ks_7                      1.005193600000000e-05    1.000000000000000   0.0000000000000000
         ks_70                      3.901852748505000    1.000000000000000   0.0000000000000000
         ks_71                      9.840398760000000e-06    1.000000000000000   0.0000000000000000
         ks_72                      0.0001165614570000000    1.000000000000000   0.0000000000000000
         ks_73                      0.0001206646020000000    1.000000000000000   0.0000000000000000
         ks_74                      9.450234050000001e-05    1.000000000000000   0.0000000000000000
         ks_75                      1.227178430000000e-05    1.000000000000000   0.0000000000000000
         ks_76                      0.0002178713470000000    1.000000000000000   0.0000000000000000
         ks_77                      0.0001049538150000000    1.000000000000000   0.0000000000000000
         ks_78                      1.772415550000000e-05    1.000000000000000   0.0000000000000000
         ks_79                      9.779073850000001e-06    1.000000000000000   0.0000000000000000
          ks_8                      9.860840999999999e-06    1.000000000000000   0.0000000000000000
         ks_80                      329.1761470000000    1.000000000000000   0.0000000000000000
         ks_81                      8.713423740000000e-05    1.000000000000000   0.0000000000000000
         ks_82                      500.0000000000000    1.000000000000000   0.0000000000000000
         ks_83                      6.793841803642000    1.000000000000000   0.0000000000000000
         ks_84                      8.611360130000001e-05    1.000000000000000   0.0000000000000000
         ks_85                      1.402172840000000e-05    1.000000000000000   0.0000000000000000
         ks_86                      0.0001350505750000000    1.000000000000000   0.0000000000000000
         ks_87                      500.0000000000000    1.000000000000000   0.0000000000000000
         ks_88                      60.81319122314000    1.000000000000000   0.0000000000000000
         ks_89                      8.903998040000001e-05    1.000000000000000   0.0000000000000000
          ks_9                      6.659508887230000    1.000000000000000   0.0000000000000000
         ks_90                      4.639254741778000    1.000000000000000   0.0000000000000000
         ks_91                      14.88478627811000    1.000000000000000   0.0000000000000000
         ks_92                      0.0001150224310000000    1.000000000000000   0.0000000000000000
         ks_93                      4.030222479704000    1.000000000000000   0.0000000000000000
         ks_94                      9.758632790000001e-06    1.000000000000000   0.0000000000000000
         ks_95                      0.0001181771530000000    1.000000000000000   0.0000000000000000
         ks_96                      0.0001741332870000000    1.000000000000000   0.0000000000000000
         ks_97                      3.059180290000000e-05    1.000000000000000   0.0000000000000000
         ks_98                      0.0001289485940000000    1.000000000000000   0.0000000000000000
         ks_99                      0.0001072221590000000    1.000000000000000   0.0000000000000000
    lak_cond_1                      1.000000000000000    1.000000000000000   0.0000000000000000
   lak_cond_12                      1.028220059832796    1.000000000000000   0.0000000000000000
    lak_cond_2                      1.000000000000000    1.000000000000000   0.0000000000000000
         pet_1                      9.500000000000001e-05    1.000000000000000   0.0000000000000000
 pond_recharge                      26938.60006826882    1.000000000000000   0.0000000000000000
       sfr_k_1                      0.04720448728189000    1.000000000000000   0.0000000000000000
      sfr_k_10                      0.1053641719727220    1.000000000000000   0.0000000000000000
      sfr_k_11                      0.2272406557639550    1.000000000000000   0.0000000000000000
      sfr_k_12                      1.294887854610503    1.000000000000000   0.0000000000000000
      sfr_k_13                      0.09995021231393900    1.000000000000000   0.0000000000000000
      sfr_k_14                      0.1768688476210030    1.000000000000000   0.0000000000000000
      sfr_k_15                      0.1245041120550220    1.000000000000000   0.0000000000000000
      sfr_k_16                      0.3108753674542040    1.000000000000000   0.0000000000000000
      sfr_k_17                      0.1219955985979440    1.000000000000000   0.0000000000000000
      sfr_k_18                      0.1572855983103980    1.000000000000000   0.0000000000000000
      sfr_k_19                      0.1072941871491690    1.000000000000000   0.0000000000000000
       sfr_k_2                      0.1341667344768100    1.000000000000000   0.0000000000000000
      sfr_k_20                      0.1041351861626030    1.000000000000000   0.0000000000000000
      sfr_k_21                      0.1322282338938590    1.000000000000000   0.0000000000000000
      sfr_k_22                      0.1243701365732420    1.000000000000000   0.0000000000000000
       sfr_k_3                      0.09253940796774000    1.000000000000000   0.0000000000000000
       sfr_k_4                      0.02813589562224000    1.000000000000000   0.0000000000000000
       sfr_k_5                      0.2095636262254100    1.000000000000000   0.0000000000000000
       sfr_k_6                      0.6104936374902999    1.000000000000000   0.0000000000000000
       sfr_k_7                      0.2551462587968700    1.000000000000000   0.0000000000000000
       sfr_k_8                      0.3031587443121800    1.000000000000000   0.0000000000000000
       sfr_k_9                      0.1770194012679000    1.000000000000000   0.0000000000000000
     spill_447                      185.0000000000000    1.000000000000000   0.0000000000000000
     spill_449                      147.0000000000000    1.000000000000000   0.0000000000000000
     spill_688                      8.230000000000000    1.000000000000000   0.0000000000000000
     surfk_1_1                      0.0002652201535401000    1.000000000000000   0.0000000000000000
    surfk_1_10                      0.0002641095121653100    1.000000000000000   0.0000000000000000
    surfk_1_11                      0.0002524506005923400    1.000000000000000   0.0000000000000000
    surfk_1_12                      0.0002527098030033200    1.000000000000000   0.0000000000000000
    surfk_1_13                      0.0002536697293393100    1.000000000000000   0.0000000000000000
    surfk_1_14                      0.0002526298112307500    1.000000000000000   0.0000000000000000
    surfk_1_15                      0.0002343766500396400    1.000000000000000   0.0000000000000000
    surfk_1_16                      0.0002788424006394000    1.000000000000000   0.0000000000000000
    surfk_1_17                      0.0002534647472719500    1.000000000000000   0.0000000000000000
    surfk_1_18                      0.0003509289630117100    1.000000000000000   0.0000000000000000
    surfk_1_19                      0.0002523633195990100    1.000000000000000   0.0000000000000000
     surfk_1_2                      0.0002701338685984000    1.000000000000000   0.0000000000000000
    surfk_1_21                      0.0003019785221109000    1.000000000000000   0.0000000000000000
     surfk_1_3                      0.0002411588714304000    1.000000000000000   0.0000000000000000
     surfk_1_4                      0.0004304462201990000    1.000000000000000   0.0000000000000000
     surfk_1_5                      0.0003999725877690000    1.000000000000000   0.0000000000000000
     surfk_1_6                      0.0002401916565234000    1.000000000000000   0.0000000000000000
     surfk_1_8                      0.0002506189324480000    1.000000000000000   0.0000000000000000
     surfk_1_9                      0.0002530504510012000    1.000000000000000   0.0000000000000000
     surfk_2_1                      0.0004549898889839000    1.000000000000000   0.0000000000000000
    surfk_2_10                      0.0002558266108126000    1.000000000000000   0.0000000000000000
    surfk_2_11                      0.0002346072795218800    1.000000000000000   0.0000000000000000
    surfk_2_12                      0.0002147900374541300    1.000000000000000   0.0000000000000000
    surfk_2_14                      0.0001461527289597700    1.000000000000000   0.0000000000000000
    surfk_2_15                      0.0001682457960114600    1.000000000000000   0.0000000000000000
    surfk_2_16                      0.0001536854196015400    1.000000000000000   0.0000000000000000
    surfk_2_17                      0.0001590511465458100    1.000000000000000   0.0000000000000000
    surfk_2_18                      0.0002076958257672500    1.000000000000000   0.0000000000000000
    surfk_2_19                      0.0001590737521635600    1.000000000000000   0.0000000000000000
     surfk_2_2                      0.0001088983726871000    1.000000000000000   0.0000000000000000
    surfk_2_20                      0.0007625907854063900    1.000000000000000   0.0000000000000000
    surfk_2_21                      0.0001863573203772000    1.000000000000000   0.0000000000000000
    surfk_2_22                      0.0001537814919348000    1.000000000000000   0.0000000000000000
     surfk_2_3                      0.0001012175533551000    1.000000000000000   0.0000000000000000
     surfk_2_4                      0.0002679938298386000    1.000000000000000   0.0000000000000000
     surfk_2_5                      0.0003135041270668000    1.000000000000000   0.0000000000000000
     surfk_2_6                      0.0001562089977214000    1.000000000000000   0.0000000000000000
     surfk_2_7                      0.0002980046834856000    1.000000000000000   0.0000000000000000
     surfk_2_8                      0.0003082175945052000    1.000000000000000   0.0000000000000000
     surfk_2_9                      0.0002637722846416000    1.000000000000000   0.0000000000000000
     surfk_3_1                      3.041909817375000e-08    1.000000000000000   0.0000000000000000
    surfk_3_10                      3.119785410412000e-08    1.000000000000000   0.0000000000000000
    surfk_3_11                      3.132639488745400e-08    1.000000000000000   0.0000000000000000
    surfk_3_12                      3.263838746901300e-08    1.000000000000000   0.0000000000000000
    surfk_3_13                      3.119785411020300e-08    1.000000000000000   0.0000000000000000
    surfk_3_14                      3.170035483566800e-08    1.000000000000000   0.0000000000000000
    surfk_3_15                      3.104861045252200e-08    1.000000000000000   0.0000000000000000
    surfk_3_16                      1.040381993529400e-07    1.000000000000000   0.0000000000000000
    surfk_3_17                      3.200803851642300e-08    1.000000000000000   0.0000000000000000
    surfk_3_18                      3.008768463064700e-08    1.000000000000000   0.0000000000000000
    surfk_3_19                      3.119785410189600e-08    1.000000000000000   0.0000000000000000
     surfk_3_2                      3.109352485553000e-08    1.000000000000000   0.0000000000000000
    surfk_3_20                      1.110391114420100e-07    1.000000000000000   0.0000000000000000
    surfk_3_21                      3.132149823738500e-08    1.000000000000000   0.0000000000000000
    surfk_3_22                      2.494953187940900e-08    1.000000000000000   0.0000000000000000
     surfk_3_3                      3.099639529937000e-08    1.000000000000000   0.0000000000000000
     surfk_3_4                      3.099639522673000e-08    1.000000000000000   0.0000000000000000
     surfk_3_5                      3.132401464381000e-08    1.000000000000000   0.0000000000000000
     surfk_3_6                      1.005650424022000e-07    1.000000000000000   0.0000000000000000
     surfk_3_7                      3.099639529939000e-08    1.000000000000000   0.0000000000000000
     surfk_3_8                      3.119785390995000e-08    1.000000000000000   0.0000000000000000
     surfk_3_9                      3.120180405693000e-08    1.000000000000000   0.0000000000000000
   vka_ratio_1                      0.09632301911602677    1.000000000000000   0.0000000000000000
   vka_ratio_2                      0.1123381471397100    1.000000000000000   0.0000000000000000
   vka_ratio_3                      0.0005471905679702150    1.000000000000000   0.0000000000000000
       vks_1_1                      0.0002510000000000000    1.000000000000000   0.0000000000000000
      vks_1_10                      0.0002510000000000000    1.000000000000000   0.0000000000000000
      vks_1_11                      0.0002510000000000000    1.000000000000000   0.0000000000000000
      vks_1_12                      0.0002510000000000000    1.000000000000000   0.0000000000000000
      vks_1_13                      0.0002510000000000000    1.000000000000000   0.0000000000000000
      vks_1_14                      0.0002510000000000000    1.000000000000000   0.0000000000000000
      vks_1_15                      0.0002510000000000000    1.000000000000000   0.0000000000000000
      vks_1_16                      0.0002510000000000000    1.000000000000000   0.0000000000000000
      vks_1_17                      0.0002510000000000000    1.000000000000000   0.0000000000000000
      vks_1_18                      0.0002510000000000000    1.000000000000000   0.0000000000000000
      vks_1_19                      0.0002510000000000000    1.000000000000000   0.0000000000000000
       vks_1_2                      0.0002510000000000000    1.000000000000000   0.0000000000000000
      vks_1_21                      0.0002510000000000000    1.000000000000000   0.0000000000000000
       vks_1_3                      0.0002510000000000000    1.000000000000000   0.0000000000000000
       vks_1_4                      0.0003980000000000000    1.000000000000000   0.0000000000000000
       vks_1_5                      0.0003980000000000000    1.000000000000000   0.0000000000000000
       vks_1_6                      0.0002510000000000000    1.000000000000000   0.0000000000000000
       vks_1_8                      0.0002510000000000000    1.000000000000000   0.0000000000000000
       vks_1_9                      0.0002510000000000000    1.000000000000000   0.0000000000000000
       vks_2_1                      0.0002510000000000000    1.000000000000000   0.0000000000000000
      vks_2_10                      0.0002510000000000000    1.000000000000000   0.0000000000000000
      vks_2_11                      0.0002510000000000000    1.000000000000000   0.0000000000000000
      vks_2_12                      0.0002510000000000000    1.000000000000000   0.0000000000000000
      vks_2_14                      0.0001580000000000000    1.000000000000000   0.0000000000000000
      vks_2_15                      0.0001580000000000000    1.000000000000000   0.0000000000000000
      vks_2_16                      0.0001580000000000000    1.000000000000000   0.0000000000000000
      vks_2_17                      0.0001580000000000000    1.000000000000000   0.0000000000000000
      vks_2_18                      0.0001580000000000000    1.000000000000000   0.0000000000000000
      vks_2_19                      0.0001580000000000000    1.000000000000000   0.0000000000000000
       vks_2_2                      0.0001000000000000000    1.000000000000000   0.0000000000000000
      vks_2_20                      0.0006310000000000001    1.000000000000000   0.0000000000000000
      vks_2_21                      0.0001580000000000000    1.000000000000000   0.0000000000000000
      vks_2_22                      0.0001580000000000000    1.000000000000000   0.0000000000000000
       vks_2_3                      0.0001000000000000000    1.000000000000000   0.0000000000000000
       vks_2_4                      0.0002510000000000000    1.000000000000000   0.0000000000000000
       vks_2_5                      0.0002510000000000000    1.000000000000000   0.0000000000000000
       vks_2_6                      0.0001580000000000000    1.000000000000000   0.0000000000000000
       vks_2_7                      0.0002510000000000000    1.000000000000000   0.0000000000000000
       vks_2_8                      0.0002510000000000000    1.000000000000000   0.0000000000000000
       vks_2_9                      0.0002510000000000000    1.000000000000000   0.0000000000000000
       vks_3_1                      3.020000000000000e-08    1.000000000000000   0.0000000000000000
      vks_3_10                      3.090000000000000e-08    1.000000000000000   0.0000000000000000
      vks_3_11                      3.090000000000000e-08    1.000000000000000   0.0000000000000000
      vks_3_12                      3.090000000000000e-08    1.000000000000000   0.0000000000000000
      vks_3_13                      3.090000000000000e-08    1.000000000000000   0.0000000000000000
      vks_3_14                      3.090000000000000e-08    1.000000000000000   0.0000000000000000
      vks_3_15                      3.090000000000000e-08    1.000000000000000   0.0000000000000000
      vks_3_16                      1.000000000000000e-07    1.000000000000000   0.0000000000000000
      vks_3_17                      3.090000000000000e-08    1.000000000000000   0.0000000000000000
      vks_3_18                      3.090000000000000e-08    1.000000000000000   0.0000000000000000
      vks_3_19                      3.090000000000000e-08    1.000000000000000   0.0000000000000000
       vks_3_2                      3.090000000000000e-08    1.000000000000000   0.0000000000000000
      vks_3_20                      1.150000000000000e-07    1.000000000000000   0.0000000000000000
      vks_3_21                      3.090000000000000e-08    1.000000000000000   0.0000000000000000
      vks_3_22                      3.090000000000000e-08    1.000000000000000   0.0000000000000000
       vks_3_3                      3.090000000000000e-08    1.000000000000000   0.0000000000000000
       vks_3_4                      3.090000000000000e-08    1.000000000000000   0.0000000000000000
       vks_3_5                      3.090000000000000e-08    1.000000000000000   0.0000000000000000
       vks_3_6                      1.000000000000000e-07    1.000000000000000   0.0000000000000000
       vks_3_7                      3.090000000000000e-08    1.000000000000000   0.0000000000000000
       vks_3_8                      3.090000000000000e-08    1.000000000000000   0.0000000000000000
       vks_3_9                      3.090000000000000e-08    1.000000000000000   0.0000000000000000
