1.000000000000000000e+00
1.000000000000000000e+00
6.241619999999999280e+00
4.307389999999999830e+00
5.000000000000000000e+00
5.166369999999999685e+00
6.113879999999999981e+00
6.888300000000000090e+00
5.000000000000000000e+00
5.000000000000000000e+00
5.102459999999999773e+00
4.843040000000000234e+00
5.000000000000000000e+00
3.693059999999999832e+01
5.000000000000000000e+00
4.991089999999999804e+00
4.990319999999999645e+00
4.549500000000000099e+00
5.910059999999999647e+00
4.592880000000000074e+00
5.000000000000000000e+00
5.000000000000000000e+00
5.114880000000000315e+00
5.069980000000000153e+00
2.138090000000000259e-04
2.313770000000000041e-04
2.553570000000000015e-04
1.959650000000000118e-04
2.179620000000000114e-04
2.510769999999999951e-04
2.551279999999999737e-04
5.220790000000000543e-04
1.517509999999999909e-04
2.587409999999999949e-04
2.511890000000000238e-04
3.375909999999999870e-04
2.511159999999999586e-04
2.568760000000000119e-04
2.045580000000000022e-04
3.754080000000000351e-04
2.642040000000000339e-04
2.511890000000000238e-04
2.357440000000000251e-04
4.778499999999999870e-04
2.432670000000000004e-04
2.422570000000000084e-04
2.765409999999999939e-04
1.581120000000000203e-04
1.585439999999999918e-04
3.425910000000000001e-04
1.368089999999999975e-04
1.785629999999999910e-04
1.584889999999999932e-04
9.066299999999999576e-05
5.853540000000000609e-04
1.276189999999999855e-04
1.379070000000000198e-04
1.073570000000000091e-04
1.788220000000000033e-04
2.694519999999999945e-04
1.484400000000000086e-04
2.514770000000000048e-04
2.687100000000000209e-04
1.566760000000000158e-04
1.782420000000000220e-08
3.089999999999999876e-08
3.089999999999999876e-08
3.089960000000000360e-08
3.089999999999999876e-08
3.202219999999999805e-08
3.775840000000000146e-08
5.952470000000000626e-07
3.023109999999999996e-08
4.839970000000000028e-08
3.041159999999999950e-08
3.055409999999999564e-08
1.146940000000000078e-07
5.208169999999999976e-08
6.930389999999999102e-08
3.089579999999999665e-08
3.089999999999999876e-08
3.194870000000000073e-08
1.555690000000000082e-07
3.089999999999999876e-08
2.877190000000000236e-08
4.733519999999999759e-08
2.511890000000000238e-04
2.511890000000000238e-04
2.511890000000000238e-04
2.511890000000000238e-04
2.511890000000000238e-04
2.511890000000000238e-04
2.511890000000000238e-04
2.511890000000000238e-04
2.511890000000000238e-04
2.511890000000000238e-04
2.511890000000000238e-04
2.511890000000000238e-04
2.511890000000000238e-04
2.511890000000000238e-04
3.981069999999999748e-04
3.981069999999999748e-04
2.511890000000000238e-04
2.511890000000000238e-04
2.511890000000000238e-04
2.511890000000000238e-04
2.511890000000000238e-04
2.511890000000000238e-04
2.511890000000000238e-04
1.584889999999999932e-04
1.584889999999999932e-04
1.584889999999999932e-04
1.584889999999999932e-04
1.584889999999999932e-04
1.584889999999999932e-04
1.000000000000000048e-04
6.309570000000000239e-04
1.584889999999999932e-04
1.584889999999999932e-04
1.000000000000000048e-04
2.511890000000000238e-04
2.511890000000000238e-04
1.584889999999999932e-04
2.511890000000000238e-04
2.511890000000000238e-04
2.511890000000000238e-04
3.019999999999999911e-08
3.089999999999999876e-08
3.089999999999999876e-08
3.089999999999999876e-08
3.089999999999999876e-08
3.089999999999999876e-08
3.089999999999999876e-08
9.999999999999999547e-08
3.089999999999999876e-08
3.089999999999999876e-08
3.089999999999999876e-08
3.089999999999999876e-08
1.149999999999999974e-07
3.089999999999999876e-08
3.089999999999999876e-08
3.089999999999999876e-08
3.089999999999999876e-08
3.089999999999999876e-08
9.999999999999999547e-08
3.089999999999999876e-08
3.089999999999999876e-08
3.089999999999999876e-08
4.829539999999999944e-01
4.613470000000000071e-01
4.919129999999999892e-01
4.600000000000000200e-01
4.600000000000000200e-01
4.600000000000000200e-01
5.300000000000000266e-01
5.041979999999999240e-01
5.125380000000000491e-01
5.300000000000000266e-01
5.149899999999999478e-01
4.600000000000000200e-01
4.799869999999999970e-01
5.162100000000000577e-01
4.734489999999999532e-01
4.600000000000000200e-01
5.300000000000000266e-01
5.180249999999999577e-01
4.830239999999999534e-01
5.284670000000000201e-01
4.866520000000000290e-01
4.600000000000000200e-01
9.499999999999999168e-05
1.849979999999999905e+02
1.466260000000000048e+02
7.507460000000000910e+00
8.552040000000000336e-03
7.166179999999999772e-01
4.099090000000000344e+01
5.000000000000000000e+02
3.352160000000000082e+02
1.000000000000000082e-05
1.000000000000000082e-05
1.806490000000000151e+01
1.766540000000000221e+00
1.624519999999999964e+00
8.950799999999999201e+00
2.714500000000000246e-01
4.411380000000000301e+00
8.701019999999999588e-02
2.783040000000000092e+01
1.923370000000000024e+00
2.515649999999999942e+00
4.472370000000000090e+01
1.426429999999999865e+00
8.029399999999999871e-01
6.672449999999999770e-01
5.000000000000000000e+02
4.340600000000000014e-02
2.324920000000000042e-01
5.000000000000000000e+02
1.796920000000000114e-02
2.997690000000000077e-01
4.897050000000000125e+00
1.404059999999999903e-05
2.631759999999999877e+00
1.997940000000000187e-04
9.155360000000001275e-02
1.027500000000000000e+02
1.963770000000000207e-04
5.549220000000000107e-04
2.294180000000000047e-04
1.271390000000000020e-01
1.958940000000000052e-04
7.631240000000000245e-01
1.157699999999999951e+00
2.223129999999999828e+00
2.794570000000000110e-01
1.986829999999999874e+00
2.817669999999999897e-02
1.709269999999999984e-04
5.372160000000000046e+00
8.998110000000000497e+00
2.087509999999999941e-04
2.597960000000000047e+00
1.028920000000000035e-04
4.219099999999999934e-03
4.870099999999999874e+00
1.576009999999999911e-02
3.030299999999999994e+00
7.513129999999999598e+01
2.210519999999999996e+01
2.708499999999999797e-01
5.207139999999999859e-03
5.045219999999999594e+00
2.830440000000000386e-02
1.294569999999999887e-01
1.057300000000000040e+01
5.095079999999999878e-04
1.860399999999999901e-03
5.526680000000000703e+00
4.225639999999999930e+01
1.093700000000000054e-02
9.896290000000000919e-01
3.685350000000000126e+00
1.856030000000000050e-04
1.037570000000000029e-04
1.282129999999999869e-04
9.544370000000000913e-05
1.000000000000000082e-05
6.908800000000000531e-04
1.022770000000000103e-04
1.000000000000000082e-05
1.341089999999999894e-05
4.796309999999999718e+02
9.040000000000000184e-05
5.005889999999999951e+00
6.570730000000000182e+00
9.050000000000000427e-05
1.306910000000000164e-05
1.340110000000000151e-04
5.000000000000000000e+02
4.898519999999999541e+00
8.021739999999999535e-05
4.485350000000000392e+00
1.463860000000000028e+01
1.139839999999999983e-04
3.865270000000000294e+01
2.071309999999999994e-05
1.000120000000000040e-04
1.729409999999999964e-04
2.140860000000000031e-05
1.145899999999999989e-04
1.065889999999999920e-04
7.165390000000000864e-05
8.469110000000001047e-04
7.999720000000000040e-05
2.048620000000000183e-04
1.000000000000000082e-05
2.539329999999999962e-05
1.451329999999999808e-04
5.599650000000000504e-04
3.689550000000000107e+00
6.182840000000000558e+00
2.403480000000000061e+00
5.000000000000000000e+02
1.922700000000000076e+00
9.536839999999999207e-02
1.245170000000000066e+01
6.610570000000000057e+00
1.090829999999999994e-01
2.978719999999999857e+01
1.896070000000000144e+00
2.584359999999999857e+01
3.179280000000000300e-02
2.410409999999999719e+00
4.538669999999999760e+01
7.119810000000000194e+00
2.003719999999999946e+00
5.000000000000000000e+02
5.000000000000000000e+02
7.573689999999999589e-01
4.847039999999999793e+00
5.991140000000000576e+00
6.841360000000000774e+00
2.011940000000000256e-04
2.004840000000000138e-04
2.019909999999999978e-04
2.616770000000000207e-02
1.610220000000000043e-04
2.916570000000000165e-04
4.384110000000000090e-03
6.346980000000000288e+00
2.776440000000000136e-04
1.465799999999999947e+01
1.978270000000000018e-04
1.998920000000000167e-04
1.743420000000000082e-03
9.730919999999999570e-01
2.549129999999999896e+01
5.666760000000000019e+00
3.122940000000000271e+00
5.960420000000000051e+00
2.640820000000000103e-04
7.448760000000000936e+00
6.226770000000000138e+00
1.742680000000000062e-01
1.467889999999999873e+02
5.886180000000000234e+01
1.961009999999999847e-04
2.397549999999999848e+00
5.131840000000000013e-02
7.261760000000000437e-01
2.534840000000000010e-02
1.640830000000000011e+00
5.000000000000000000e+02
1.873839999999999950e-01
6.756900000000000406e-02
5.463409999999999794e-02
7.002539999999999765e+00
1.566570000000000115e-02
1.131550000000000090e-02
5.676969999999999933e-02
2.658310000000000100e-04
2.033870000000000122e-03
1.082459999999999978e+00
1.919779999999999751e-02
7.978849999999999137e-03
5.844980000000000508e+00
1.251750000000000085e-01
4.425059999999999757e-03
9.044579999999999842e-01
2.054340000000000257e-04
2.191720000000000113e+01
9.740299999999998883e-05
4.337069999999999814e-02
6.396530000000000271e+00
9.627769999999999939e-01
6.490660000000000093e-04
9.559999999999999271e-05
1.192770000000000034e-04
1.031140000000000024e-04
3.491909999999999979e-04
1.123149999999999978e-04
1.000299999999999893e-05
1.009479999999999964e-04
1.300300000000000002e-04
1.000000000000000082e-05
1.000000000000000082e-05
7.922299999999999958e-04
1.000019999999999956e-05
1.546200000000000070e-04
3.607899999999999931e-04
1.130410000000000075e-05
1.026950000000000052e-05
1.000000000000000082e-05
1.012689999999999955e-04
1.137729999999999964e-04
9.900129999999999011e-05
8.126229999999998936e-05
1.000000000000000082e-05
9.513930000000000574e-05
1.543970000000000059e-05
2.916959999999999800e-04
8.679999999999999565e-05
8.820030000000001001e-05
1.045550000000000044e-04
9.570000000000000869e-05
9.919999999999999890e-05
9.820000000000000170e-05
8.352020000000000039e-05
7.359879999999999743e-05
5.250079999999999715e-05
1.038899999999999963e-04
1.133570000000000058e-04
1.321310000000000128e-04
1.109440000000000003e-04
1.876079999999999968e-04
9.990000000000001591e-05
1.009999999999999986e-05
9.263950000000001318e-05
8.344440000000001036e-05
4.130580000000000016e-05
1.144210000000000105e-03
1.000000000000000082e-05
7.412049999999999618e-05
3.553619999999999631e-04
6.125520000000000942e-05
2.077449999999999852e-01
2.999999999999999889e-01
8.041600000000000137e-02
