72.684
280.769
84.289
40.249
1.243
2.508
52.616
157.053
46.489
38.734
34.192
34.570
27.499
13.207
326.903
22.127
42.034
13.238
45.612
43.750
20.585
30.720
23.811
20.135
20.561
20.884
20.889
21.343
21.601
21.007
24.518
37.453
45.812
45.653
45.350
45.538
16.513
19.728
127.466
125.773
63.172
60.768
86.198
46.554
49.596
52.722
88.451
101.291
276.106
53.584
53.281
82.534
82.679
85.564
60.147
77.784
51.681
53.325
45.902
46.438
51.379
52.419
59.215
56.316
337.590
145.988
322.217
150.679
144.832
146.215
146.215
549.864
242.036
247.594
220.328
220.433
239.892
226.584
227.220
227.386
239.292
215.917
211.596
215.156
202.526
196.370
221.205
225.591
227.632
229.407
199.108
215.445
199.081
210.974
180.766
163.908
148.452
153.715
159.151
161.147
190.888
163.195
163.219
179.264
174.299
173.276
171.688
171.227
175.236
175.930
176.248
176.249
177.531
159.243
177.280
243.282
238.102
237.335
229.227
231.735
254.414
239.214
251.637
246.183
276.156
239.790
235.121
221.268
216.216
238.803
214.514
228.232
216.621
235.928
235.458
216.758
222.585
235.196
217.862
229.138
227.445
240.458
243.771
244.551
225.916
225.272
255.300
256.561
217.824
219.958
233.329
234.623
193.197
187.501
191.055
191.055
191.055
191.055
213.204
213.204
213.204
303.551
225.093
215.209
215.094
232.160
221.354
276.138
278.315
286.859
286.722
393650.000
665100.000
670390.000
-999.000
1555600.000
2114400.000
-999.000
-999.000
-999.000
-999.000
-999.000
-999.000
3158500.000
-999.000
274080.000
435900.000
-999.000
4458600.000
-999.000
377190.000
0.121
0.138
-999.000
-999.000
0.128
0.117
-999.000
-999.000
-999.000
-999.000
-999.000
-999.000
0.105
-999.000
-999.000
0.008
-999.000
0.441
-999.000
0.123
45741.557
