single point
        finf_1                      0.4830352998200000    1.000000000000000   0.0000000000000000
       finf_10                      0.4725046547600000    1.000000000000000   0.0000000000000000
       finf_11                      0.4725046524100000    1.000000000000000   0.0000000000000000
       finf_12                      0.4725046518100000    1.000000000000000   0.0000000000000000
       finf_13                      0.4725046253900000    1.000000000000000   0.0000000000000000
       finf_14                      0.4830353017000000    1.000000000000000   0.0000000000000000
       finf_15                      0.4830353002800000    1.000000000000000   0.0000000000000000
       finf_16                      0.4830353003100000    1.000000000000000   0.0000000000000000
       finf_17                      0.4830352959100000    1.000000000000000   0.0000000000000000
       finf_18                      0.4830353000900000    1.000000000000000   0.0000000000000000
       finf_19                      0.4830353017400000    1.000000000000000   0.0000000000000000
        finf_2                      0.4830352992300000    1.000000000000000   0.0000000000000000
       finf_20                      0.5284619411200000    1.000000000000000   0.0000000000000000
       finf_21                      0.4830353006800000    1.000000000000000   0.0000000000000000
       finf_22                      0.4830353039900000    1.000000000000000   0.0000000000000000
        finf_3                      0.4830353045200000    1.000000000000000   0.0000000000000000
        finf_4                      0.4105800064400000    1.000000000000000   0.0000000000000000
        finf_5                      0.4105800057500000    1.000000000000000   0.0000000000000000
        finf_6                      0.4830352993300000    1.000000000000000   0.0000000000000000
        finf_7                      0.4725046532100000    1.000000000000000   0.0000000000000000
        finf_8                      0.4725046503100000    1.000000000000000   0.0000000000000000
        finf_9                      0.4725046481300000    1.000000000000000   0.0000000000000000
          ks_1                      0.8128146529200000    1.000000000000000   0.0000000000000000
         ks_10                      1.766535878200000    1.000000000000000   0.0000000000000000
        ks_100                      1.000012889600000e-05    1.000000000000000   0.0000000000000000
        ks_101                      0.0008432951872200000    1.000000000000000   0.0000000000000000
        ks_102                      7.963406824300000e-05    1.000000000000000   0.0000000000000000
        ks_103                      0.0004376260913000000    1.000000000000000   0.0000000000000000
        ks_104                      1.000000065700000e-05    1.000000000000000   0.0000000000000000
        ks_105                      1.013260043700000e-05    1.000000000000000   0.0000000000000000
        ks_106                      0.0001451330026600000    1.000000000000000   0.0000000000000000
        ks_107                      0.0003132939164100000    1.000000000000000   0.0000000000000000
        ks_108                      4.340576648700000    1.000000000000000   0.0000000000000000
        ks_109                      6.887207031200000    1.000000000000000   0.0000000000000000
         ks_11                      0.3230736553700000    1.000000000000000   0.0000000000000000
        ks_110                      3.931895494500000    1.000000000000000   0.0000000000000000
        ks_111                      4.848814010600000    1.000000000000000   0.0000000000000000
        ks_112                      3.134639501600000    1.000000000000000   0.0000000000000000
        ks_113                      1.063962101900000    1.000000000000000   0.0000000000000000
        ks_114                      7.757691860200000    1.000000000000000   0.0000000000000000
        ks_115                      6.425251960800000    1.000000000000000   0.0000000000000000
        ks_116                      0.3988730013400000    1.000000000000000   0.0000000000000000
        ks_117                      13.40994834900000    1.000000000000000   0.0000000000000000
        ks_118                      2.038078069700000    1.000000000000000   0.0000000000000000
        ks_119                      10.45590877500000    1.000000000000000   0.0000000000000000
         ks_12                      8.950802803000000    1.000000000000000   0.0000000000000000
        ks_120                      0.1599933952100000    1.000000000000000   0.0000000000000000
        ks_121                      2.146981954600000    1.000000000000000   0.0000000000000000
        ks_122                      38.48846054100000    1.000000000000000   0.0000000000000000
        ks_123                      11.21768093100000    1.000000000000000   0.0000000000000000
        ks_124                      2.007252216300000    1.000000000000000   0.0000000000000000
        ks_125                      500.0000000000000    1.000000000000000   0.0000000000000000
        ks_126                      500.0000000000000    1.000000000000000   0.0000000000000000
        ks_127                      1.951705098200000    1.000000000000000   0.0000000000000000
        ks_128                      3.362789154100000    1.000000000000000   0.0000000000000000
        ks_129                      5.992921829200000    1.000000000000000   0.0000000000000000
         ks_13                      1.735805630700000    1.000000000000000   0.0000000000000000
        ks_130                      14.31188964800000    1.000000000000000   0.0000000000000000
        ks_131                      0.0002011942124200000    1.000000000000000   0.0000000000000000
        ks_132                      0.0002001802058700000    1.000000000000000   0.0000000000000000
        ks_133                      0.0002019929961500000    1.000000000000000   0.0000000000000000
        ks_134                      0.02629118040200000    1.000000000000000   0.0000000000000000
        ks_135                      0.0001587072765700000    1.000000000000000   0.0000000000000000
        ks_136                      0.0002910466573700000    1.000000000000000   0.0000000000000000
        ks_137                      0.004190658219200000    1.000000000000000   0.0000000000000000
        ks_138                      6.305296421100000    1.000000000000000   0.0000000000000000
        ks_139                      0.0002288616815300000    1.000000000000000   0.0000000000000000
         ks_14                      4.541160106700000    1.000000000000000   0.0000000000000000
        ks_140                      14.53061008500000    1.000000000000000   0.0000000000000000
        ks_141                      0.0001978265208900000    1.000000000000000   0.0000000000000000
        ks_142                      0.0001998922962200000    1.000000000000000   0.0000000000000000
        ks_143                      0.001743417931700000    1.000000000000000   0.0000000000000000
        ks_144                      1.009847879400000    1.000000000000000   0.0000000000000000
        ks_145                      29.03747940100000    1.000000000000000   0.0000000000000000
        ks_146                      5.733921051000000    1.000000000000000   0.0000000000000000
        ks_147                      4.062445640600000    1.000000000000000   0.0000000000000000
        ks_148                      5.998075962100000    1.000000000000000   0.0000000000000000
        ks_149                      0.0002640821039700000    1.000000000000000   0.0000000000000000
         ks_15                      2.722261428800000    1.000000000000000   0.0000000000000000
        ks_150                      7.222373485600000    1.000000000000000   0.0000000000000000
        ks_151                      6.005884647400000    1.000000000000000   0.0000000000000000
        ks_152                      0.09754996746800000    1.000000000000000   0.0000000000000000
        ks_153                      37.12182998700000    1.000000000000000   0.0000000000000000
        ks_154                      56.57085418700000    1.000000000000000   0.0000000000000000
        ks_155                      0.0001957621861900000    1.000000000000000   0.0000000000000000
        ks_156                      0.1850179284800000    1.000000000000000   0.0000000000000000
        ks_157                      0.1909875869800000    1.000000000000000   0.0000000000000000
        ks_158                      0.6249173879600000    1.000000000000000   0.0000000000000000
        ks_159                      0.02677869983000000    1.000000000000000   0.0000000000000000
         ks_16                      500.0000000000000    1.000000000000000   0.0000000000000000
        ks_160                      1.030410885800000    1.000000000000000   0.0000000000000000
        ks_161                      280.2580261200000    1.000000000000000   0.0000000000000000
        ks_162                      0.1866638809400000    1.000000000000000   0.0000000000000000
        ks_163                      0.06879495829300000    1.000000000000000   0.0000000000000000
        ks_164                      0.05453025177100000    1.000000000000000   0.0000000000000000
        ks_165                      6.214911937700000    1.000000000000000   0.0000000000000000
        ks_166                      0.01565066725000000    1.000000000000000   0.0000000000000000
        ks_167                      0.03798441216300000    1.000000000000000   0.0000000000000000
        ks_168                      0.1254265159400000    1.000000000000000   0.0000000000000000
        ks_169                      0.0002634161792200000    1.000000000000000   0.0000000000000000
         ks_17                      1.669575929600000    1.000000000000000   0.0000000000000000
        ks_170                      0.002033872297000000    1.000000000000000   0.0000000000000000
        ks_171                      1.088940024400000    1.000000000000000   0.0000000000000000
        ks_172                      0.01919783651800000    1.000000000000000   0.0000000000000000
        ks_173                      0.008000698871900001    1.000000000000000   0.0000000000000000
        ks_174                      5.844928264600000    1.000000000000000   0.0000000000000000
        ks_175                      0.1251749992400000    1.000000000000000   0.0000000000000000
        ks_176                      0.004543426446600000    1.000000000000000   0.0000000000000000
        ks_177                      1.108647823300000    1.000000000000000   0.0000000000000000
        ks_178                      0.0002008198062000000    1.000000000000000   0.0000000000000000
        ks_179                      2.070686101900000    1.000000000000000   0.0000000000000000
         ks_18                      2.526912927600000    1.000000000000000   0.0000000000000000
        ks_180                      1.908630838400000e-05    1.000000000000000   0.0000000000000000
        ks_181                      0.3153202533700000    1.000000000000000   0.0000000000000000
        ks_182                      4.853006362900000    1.000000000000000   0.0000000000000000
        ks_183                      0.9627773761700000    1.000000000000000   0.0000000000000000
        ks_184                      0.0004034953017300000    1.000000000000000   0.0000000000000000
        ks_185                      9.559124737300000e-05    1.000000000000000   0.0000000000000000
        ks_186                      9.825892629999999e-05    1.000000000000000   0.0000000000000000
        ks_187                      0.0001093914033800000    1.000000000000000   0.0000000000000000
        ks_188                      0.0003936762514100000    1.000000000000000   0.0000000000000000
        ks_189                      0.0001123276306300000    1.000000000000000   0.0000000000000000
         ks_19                      44.72369766200000    1.000000000000000   0.0000000000000000
        ks_190                      1.000009888200000e-05    1.000000000000000   0.0000000000000000
        ks_191                      0.0001009483894400000    1.000000000000000   0.0000000000000000
        ks_192                      0.0001287074992400000    1.000000000000000   0.0000000000000000
        ks_193                      1.000000000000000e-05    1.000000000000000   0.0000000000000000
        ks_194                      1.005624199000000e-05    1.000000000000000   0.0000000000000000
        ks_195                      0.0007756506674900000    1.000000000000000   0.0000000000000000
        ks_196                      1.000821794200000e-05    1.000000000000000   0.0000000000000000
        ks_197                      0.0001310960069500000    1.000000000000000   0.0000000000000000
        ks_198                      0.0001685924216900000    1.000000000000000   0.0000000000000000
        ks_199                      1.115103805200000e-05    1.000000000000000   0.0000000000000000
          ks_2                      0.03110575303400000    1.000000000000000   0.0000000000000000
         ks_20                      0.3364435732400000    1.000000000000000   0.0000000000000000
        ks_200                      1.021862954100000e-05    1.000000000000000   0.0000000000000000
        ks_201                      1.114101996800000e-05    1.000000000000000   0.0000000000000000
        ks_202                      0.0001015438829200000    1.000000000000000   0.0000000000000000
        ks_203                      0.0001137732833700000    1.000000000000000   0.0000000000000000
        ks_204                      9.901618614100000e-05    1.000000000000000   0.0000000000000000
        ks_205                      0.0001040701099600000    1.000000000000000   0.0000000000000000
        ks_206                      1.000424072100000e-05    1.000000000000000   0.0000000000000000
        ks_207                      0.0001022601063600000    1.000000000000000   0.0000000000000000
        ks_208                      1.385465020600000e-05    1.000000000000000   0.0000000000000000
        ks_209                      0.0002946871391000000    1.000000000000000   0.0000000000000000
         ks_21                      0.6676262617099999    1.000000000000000   0.0000000000000000
        ks_210                      8.675870776599999e-05    1.000000000000000   0.0000000000000000
        ks_211                      8.816584886500000e-05    1.000000000000000   0.0000000000000000
        ks_212                      0.0001026117097400000    1.000000000000000   0.0000000000000000
        ks_213                      9.566955850500000e-05    1.000000000000000   0.0000000000000000
        ks_214                      9.915990813200000e-05    1.000000000000000   0.0000000000000000
        ks_215                      9.818155376700000e-05    1.000000000000000   0.0000000000000000
        ks_216                      0.0001003168072200000    1.000000000000000   0.0000000000000000
        ks_217                      9.635712194700000e-05    1.000000000000000   0.0000000000000000
        ks_218                      5.252893970500000e-05    1.000000000000000   0.0000000000000000
        ks_219                      0.0001038901973500000    1.000000000000000   0.0000000000000000
         ks_22                      0.4504817426200000    1.000000000000000   0.0000000000000000
        ks_220                      9.250554285200000e-05    1.000000000000000   0.0000000000000000
        ks_221                      0.0001336164277700000    1.000000000000000   0.0000000000000000
        ks_222                      0.0001088405260800000    1.000000000000000   0.0000000000000000
        ks_223                      0.0001164931018100000    1.000000000000000   0.0000000000000000
        ks_224                      9.994523134100001e-05    1.000000000000000   0.0000000000000000
        ks_225                      1.005612921300000e-05    1.000000000000000   0.0000000000000000
        ks_226                      0.0001059498026700000    1.000000000000000   0.0000000000000000
        ks_227                      8.686802175400000e-05    1.000000000000000   0.0000000000000000
        ks_228                      8.881528629000000e-05    1.000000000000000   0.0000000000000000
        ks_229                      0.0004267583135500000    1.000000000000000   0.0000000000000000
         ks_23                      249.7590637200000    1.000000000000000   0.0000000000000000
        ks_230                      1.012466964300000e-05    1.000000000000000   0.0000000000000000
        ks_231                      2.973469054300000e-05    1.000000000000000   0.0000000000000000
        ks_232                      0.0003552820999200000    1.000000000000000   0.0000000000000000
        ks_233                      6.088653390200000e-05    1.000000000000000   0.0000000000000000
         ks_24                      0.04939100146300000    1.000000000000000   0.0000000000000000
         ks_25                      0.08710967749400000    1.000000000000000   0.0000000000000000
         ks_26                      497.4838256800000    1.000000000000000   0.0000000000000000
         ks_27                      0.7646858692200000    1.000000000000000   0.0000000000000000
         ks_28                      0.3949325978800000    1.000000000000000   0.0000000000000000
         ks_29                      3.273313522300000    1.000000000000000   0.0000000000000000
          ks_3                      0.7163594365100000    1.000000000000000   0.0000000000000000
         ks_30                      1.004588011700000e-05    1.000000000000000   0.0000000000000000
         ks_31                      2.631767988200000    1.000000000000000   0.0000000000000000
         ks_32                      0.0001997943036300000    1.000000000000000   0.0000000000000000
         ks_33                      0.09852425754100000    1.000000000000000   0.0000000000000000
         ks_34                      52.21459960900000    1.000000000000000   0.0000000000000000
         ks_35                      0.0001963925169500000    1.000000000000000   0.0000000000000000
         ks_36                      0.0006031477823900000    1.000000000000000   0.0000000000000000
         ks_37                      0.0002255994040800000    1.000000000000000   0.0000000000000000
         ks_38                      0.2145101875100000    1.000000000000000   0.0000000000000000
         ks_39                      0.0001958346983900000    1.000000000000000   0.0000000000000000
          ks_4                      5.954771995500000    1.000000000000000   0.0000000000000000
         ks_40                      0.6492568850500000    1.000000000000000   0.0000000000000000
         ks_41                      1.142709970500000    1.000000000000000   0.0000000000000000
         ks_42                      2.255522012700000    1.000000000000000   0.0000000000000000
         ks_43                      0.2694463431800000    1.000000000000000   0.0000000000000000
         ks_44                      0.4916753172900000    1.000000000000000   0.0000000000000000
         ks_45                      0.01610708981800000    1.000000000000000   0.0000000000000000
         ks_46                      1.648896098100000    1.000000000000000   0.0000000000000000
         ks_47                      5.376899719200000    1.000000000000000   0.0000000000000000
         ks_48                      8.440024375900000    1.000000000000000   0.0000000000000000
         ks_49                      0.0002077414828800000    1.000000000000000   0.0000000000000000
          ks_5                      44.66622543300000    1.000000000000000   0.0000000000000000
         ks_50                      2.966058015800000    1.000000000000000   0.0000000000000000
         ks_51                      4.586657451000000e-05    1.000000000000000   0.0000000000000000
         ks_52                      0.03440827131300000    1.000000000000000   0.0000000000000000
         ks_53                      4.945618629500000    1.000000000000000   0.0000000000000000
         ks_54                      0.01773868128700000    1.000000000000000   0.0000000000000000
         ks_55                      20.90239906300000    1.000000000000000   0.0000000000000000
         ks_56                      72.83760070800000    1.000000000000000   0.0000000000000000
         ks_57                      5.937316417700000    1.000000000000000   0.0000000000000000
         ks_58                      0.3098247647300000    1.000000000000000   0.0000000000000000
         ks_59                      0.006246055010700000    1.000000000000000   0.0000000000000000
          ks_6                      228.8669128400000    1.000000000000000   0.0000000000000000
         ks_60                      5.045219898200000    1.000000000000000   0.0000000000000000
         ks_61                      0.02843734994500000    1.000000000000000   0.0000000000000000
         ks_62                      0.2776298821000000    1.000000000000000   0.0000000000000000
         ks_63                      10.57301902800000    1.000000000000000   0.0000000000000000
         ks_64                      0.0006178176263300000    1.000000000000000   0.0000000000000000
         ks_65                      0.001893347245600000    1.000000000000000   0.0000000000000000
         ks_66                      5.526679992700000    1.000000000000000   0.0000000000000000
         ks_67                      8.801315307599999    1.000000000000000   0.0000000000000000
         ks_68                      0.009235310368200000    1.000000000000000   0.0000000000000000
         ks_69                      0.7381676435500000    1.000000000000000   0.0000000000000000
          ks_7                      1.018429156800000e-05    1.000000000000000   0.0000000000000000
         ks_70                      3.770354747800000    1.000000000000000   0.0000000000000000
         ks_71                      1.014190002000000e-05    1.000000000000000   0.0000000000000000
         ks_72                      8.768622501500000e-05    1.000000000000000   0.0000000000000000
         ks_73                      0.0001127754076200000    1.000000000000000   0.0000000000000000
         ks_74                      9.331467299500000e-05    1.000000000000000   0.0000000000000000
         ks_75                      1.416390296100000e-05    1.000000000000000   0.0000000000000000
         ks_76                      0.0001921139773900000    1.000000000000000   0.0000000000000000
         ks_77                      0.0001022766009600000    1.000000000000000   0.0000000000000000
         ks_78                      1.618763781200000e-05    1.000000000000000   0.0000000000000000
         ks_79                      1.002076078300000e-05    1.000000000000000   0.0000000000000000
          ks_8                      1.000000065700000e-05    1.000000000000000   0.0000000000000000
         ks_80                      261.4367981000000    1.000000000000000   0.0000000000000000
         ks_81                      9.043783211399999e-05    1.000000000000000   0.0000000000000000
         ks_82                      23.17262077300000    1.000000000000000   0.0000000000000000
         ks_83                      6.573204994200000    1.000000000000000   0.0000000000000000
         ks_84                      9.050556400300000e-05    1.000000000000000   0.0000000000000000
         ks_85                      1.293931018200000e-05    1.000000000000000   0.0000000000000000
         ks_86                      0.0001322771859100000    1.000000000000000   0.0000000000000000
         ks_87                      496.2815856900000    1.000000000000000   0.0000000000000000
         ks_88                      16.47434997600000    1.000000000000000   0.0000000000000000
         ks_89                      8.024755516099999e-05    1.000000000000000   0.0000000000000000
          ks_9                      8.257427215600000    1.000000000000000   0.0000000000000000
         ks_90                      4.484005451200000    1.000000000000000   0.0000000000000000
         ks_91                      14.46301841700000    1.000000000000000   0.0000000000000000
         ks_92                      0.0001139844753200000    1.000000000000000   0.0000000000000000
         ks_93                      0.04148988053200000    1.000000000000000   0.0000000000000000
         ks_94                      3.196168108800000e-05    1.000000000000000   0.0000000000000000
         ks_95                      0.0001000116899400000    1.000000000000000   0.0000000000000000
         ks_96                      0.0001729409996200000    1.000000000000000   0.0000000000000000
         ks_97                      5.519219848800000e-05    1.000000000000000   0.0000000000000000
         ks_98                      0.0001145902933800000    1.000000000000000   0.0000000000000000
         ks_99                      0.0001065565811600000    1.000000000000000   0.0000000000000000
    lak_cond_1                      1.000000000000000    1.000000000000000   0.0000000000000000
    lak_cond_2                      1.000000000000000    1.000000000000000   0.0000000000000000
         pet_1                      9.500000305700000e-05    1.000000000000000   0.0000000000000000
       sfr_k_1                      0.1000000089400000    1.000000000000000   0.0000000000000000
      sfr_k_10                      0.1000000163900000    1.000000000000000   0.0000000000000000
      sfr_k_11                      0.1000000089400000    1.000000000000000   0.0000000000000000
      sfr_k_12                      0.1000000089400000    1.000000000000000   0.0000000000000000
      sfr_k_13                      0.1000000014900000    1.000000000000000   0.0000000000000000
      sfr_k_14                      0.09887641668300000    1.000000000000000   0.0000000000000000
      sfr_k_15                      0.09999998658900000    1.000000000000000   0.0000000000000000
      sfr_k_16                      0.1000000089400000    1.000000000000000   0.0000000000000000
      sfr_k_17                      0.09864865988500000    1.000000000000000   0.0000000000000000
      sfr_k_18                      0.1000000089400000    1.000000000000000   0.0000000000000000
      sfr_k_19                      0.09999999404000000    1.000000000000000   0.0000000000000000
       sfr_k_2                      0.1000000089400000    1.000000000000000   0.0000000000000000
      sfr_k_20                      0.1000000238400000    1.000000000000000   0.0000000000000000
      sfr_k_21                      0.1000000163900000    1.000000000000000   0.0000000000000000
      sfr_k_22                      0.09966444224100000    1.000000000000000   0.0000000000000000
       sfr_k_3                      0.09200000762900000    1.000000000000000   0.0000000000000000
       sfr_k_4                      0.1000000238400000    1.000000000000000   0.0000000000000000
       sfr_k_5                      0.1000000089400000    1.000000000000000   0.0000000000000000
       sfr_k_6                      0.1000000238400000    1.000000000000000   0.0000000000000000
       sfr_k_7                      0.09999998658900000    1.000000000000000   0.0000000000000000
       sfr_k_8                      0.1000000238400000    1.000000000000000   0.0000000000000000
       sfr_k_9                      0.1000000163900000    1.000000000000000   0.0000000000000000
     spill_447                      185.0599975600000    1.000000000000000   0.0000000000000000
     spill_449                      146.6000061000000    1.000000000000000   0.0000000000000000
     surfk_1_1                      0.0002511886123100000    1.000000000000000   0.0000000000000000
    surfk_1_10                      0.0002511886123100000    1.000000000000000   0.0000000000000000
    surfk_1_11                      0.0002511886123100000    1.000000000000000   0.0000000000000000
    surfk_1_12                      0.0002511886123100000    1.000000000000000   0.0000000000000000
    surfk_1_13                      0.0002511886123100000    1.000000000000000   0.0000000000000000
    surfk_1_14                      0.0002511886414100000    1.000000000000000   0.0000000000000000
    surfk_1_15                      0.0002511886414100000    1.000000000000000   0.0000000000000000
    surfk_1_16                      0.0002511886414100000    1.000000000000000   0.0000000000000000
    surfk_1_17                      0.0002511886123100000    1.000000000000000   0.0000000000000000
    surfk_1_18                      0.0002511886414100000    1.000000000000000   0.0000000000000000
    surfk_1_19                      0.0002511886123100000    1.000000000000000   0.0000000000000000
     surfk_1_2                      0.0002511886123100000    1.000000000000000   0.0000000000000000
    surfk_1_21                      0.0002511886123100000    1.000000000000000   0.0000000000000000
     surfk_1_3                      0.0002511886414100000    1.000000000000000   0.0000000000000000
     surfk_1_4                      0.0003981071931800000    1.000000000000000   0.0000000000000000
     surfk_1_5                      0.0003981071931800000    1.000000000000000   0.0000000000000000
     surfk_1_6                      0.0002511886123100000    1.000000000000000   0.0000000000000000
     surfk_1_8                      0.0002511886123100000    1.000000000000000   0.0000000000000000
     surfk_1_9                      0.0002511886123100000    1.000000000000000   0.0000000000000000
     surfk_2_1                      0.0002511886123100000    1.000000000000000   0.0000000000000000
    surfk_2_10                      0.0002511886414100000    1.000000000000000   0.0000000000000000
    surfk_2_11                      0.0002511886123100000    1.000000000000000   0.0000000000000000
    surfk_2_12                      0.0002511886123100000    1.000000000000000   0.0000000000000000
    surfk_2_14                      0.0001584893179800000    1.000000000000000   0.0000000000000000
    surfk_2_15                      0.0001584893470900000    1.000000000000000   0.0000000000000000
    surfk_2_16                      0.0001584893179800000    1.000000000000000   0.0000000000000000
    surfk_2_17                      0.0001584893179800000    1.000000000000000   0.0000000000000000
    surfk_2_18                      0.0001584893325300000    1.000000000000000   0.0000000000000000
    surfk_2_19                      0.0001584893179800000    1.000000000000000   0.0000000000000000
     surfk_2_2                      9.999999019800000e-05    1.000000000000000   0.0000000000000000
    surfk_2_20                      0.0006309574819200000    1.000000000000000   0.0000000000000000
    surfk_2_21                      0.0001584893034300000    1.000000000000000   0.0000000000000000
    surfk_2_22                      0.0001584893179800000    1.000000000000000   0.0000000000000000
     surfk_2_3                      9.999999019800000e-05    1.000000000000000   0.0000000000000000
     surfk_2_4                      0.0002511886123100000    1.000000000000000   0.0000000000000000
     surfk_2_5                      0.0002511885832100000    1.000000000000000   0.0000000000000000
     surfk_2_6                      0.0001584893179800000    1.000000000000000   0.0000000000000000
     surfk_2_7                      0.0002511886414100000    1.000000000000000   0.0000000000000000
     surfk_2_8                      0.0002511886414100000    1.000000000000000   0.0000000000000000
     surfk_2_9                      0.0002511886123100000    1.000000000000000   0.0000000000000000
     surfk_3_1                      3.019951933000000e-08    1.000000000000000   0.0000000000000000
    surfk_3_10                      3.090294953300000e-08    1.000000000000000   0.0000000000000000
    surfk_3_11                      3.090295308500000e-08    1.000000000000000   0.0000000000000000
    surfk_3_12                      3.090294953300000e-08    1.000000000000000   0.0000000000000000
    surfk_3_13                      3.090294598000000e-08    1.000000000000000   0.0000000000000000
    surfk_3_14                      3.090294953300000e-08    1.000000000000000   0.0000000000000000
    surfk_3_15                      3.090295308500000e-08    1.000000000000000   0.0000000000000000
    surfk_3_16                      1.000000153800000e-07    1.000000000000000   0.0000000000000000
    surfk_3_17                      3.090294953300000e-08    1.000000000000000   0.0000000000000000
    surfk_3_18                      3.090294953300000e-08    1.000000000000000   0.0000000000000000
    surfk_3_19                      3.090295308500000e-08    1.000000000000000   0.0000000000000000
     surfk_3_2                      3.090295308500000e-08    1.000000000000000   0.0000000000000000
    surfk_3_20                      1.148153998500000e-07    1.000000000000000   0.0000000000000000
    surfk_3_21                      3.090294953300000e-08    1.000000000000000   0.0000000000000000
    surfk_3_22                      3.090294953300000e-08    1.000000000000000   0.0000000000000000
     surfk_3_3                      3.090295308500000e-08    1.000000000000000   0.0000000000000000
     surfk_3_4                      3.090294953300000e-08    1.000000000000000   0.0000000000000000
     surfk_3_5                      3.090295308500000e-08    1.000000000000000   0.0000000000000000
     surfk_3_6                      1.000000082700000e-07    1.000000000000000   0.0000000000000000
     surfk_3_7                      3.090295308500000e-08    1.000000000000000   0.0000000000000000
     surfk_3_8                      3.090294953300000e-08    1.000000000000000   0.0000000000000000
     surfk_3_9                      3.090294953300000e-08    1.000000000000000   0.0000000000000000
   vka_ratio_1                      0.1000000000000000    1.000000000000000   0.0000000000000000
   vka_ratio_2                      0.1000000000000000    1.000000000000000   0.0000000000000000
   vka_ratio_3                      0.1000000000000000    1.000000000000000   0.0000000000000000
       vks_1_1                      0.0002511886123100000    1.000000000000000   0.0000000000000000
      vks_1_10                      0.0002511886123100000    1.000000000000000   0.0000000000000000
      vks_1_11                      0.0002511886123100000    1.000000000000000   0.0000000000000000
      vks_1_12                      0.0002511886123100000    1.000000000000000   0.0000000000000000
      vks_1_13                      0.0002511886123100000    1.000000000000000   0.0000000000000000
      vks_1_14                      0.0002511886414100000    1.000000000000000   0.0000000000000000
      vks_1_15                      0.0002511886414100000    1.000000000000000   0.0000000000000000
      vks_1_16                      0.0002511886414100000    1.000000000000000   0.0000000000000000
      vks_1_17                      0.0002511886123100000    1.000000000000000   0.0000000000000000
      vks_1_18                      0.0002511886414100000    1.000000000000000   0.0000000000000000
      vks_1_19                      0.0002511886123100000    1.000000000000000   0.0000000000000000
       vks_1_2                      0.0002511886123100000    1.000000000000000   0.0000000000000000
      vks_1_21                      0.0002511886123100000    1.000000000000000   0.0000000000000000
       vks_1_3                      0.0002511886414100000    1.000000000000000   0.0000000000000000
       vks_1_4                      0.0003981071931800000    1.000000000000000   0.0000000000000000
       vks_1_5                      0.0003981071931800000    1.000000000000000   0.0000000000000000
       vks_1_6                      0.0002511886123100000    1.000000000000000   0.0000000000000000
       vks_1_8                      0.0002511886123100000    1.000000000000000   0.0000000000000000
       vks_1_9                      0.0002511886123100000    1.000000000000000   0.0000000000000000
       vks_2_1                      0.0002511886123100000    1.000000000000000   0.0000000000000000
      vks_2_10                      0.0002511886414100000    1.000000000000000   0.0000000000000000
      vks_2_11                      0.0002511886123100000    1.000000000000000   0.0000000000000000
      vks_2_12                      0.0002511886123100000    1.000000000000000   0.0000000000000000
      vks_2_14                      0.0001584893179800000    1.000000000000000   0.0000000000000000
      vks_2_15                      0.0001584893470900000    1.000000000000000   0.0000000000000000
      vks_2_16                      0.0001584893179800000    1.000000000000000   0.0000000000000000
      vks_2_17                      0.0001584893179800000    1.000000000000000   0.0000000000000000
      vks_2_18                      0.0001584893325300000    1.000000000000000   0.0000000000000000
      vks_2_19                      0.0001584893179800000    1.000000000000000   0.0000000000000000
       vks_2_2                      9.999999019800000e-05    1.000000000000000   0.0000000000000000
      vks_2_20                      0.0006309574819200000    1.000000000000000   0.0000000000000000
      vks_2_21                      0.0001584893034300000    1.000000000000000   0.0000000000000000
      vks_2_22                      0.0001584893179800000    1.000000000000000   0.0000000000000000
       vks_2_3                      9.999999019800000e-05    1.000000000000000   0.0000000000000000
       vks_2_4                      0.0002511886123100000    1.000000000000000   0.0000000000000000
       vks_2_5                      0.0002511885832100000    1.000000000000000   0.0000000000000000
       vks_2_6                      0.0001584893179800000    1.000000000000000   0.0000000000000000
       vks_2_7                      0.0002511886414100000    1.000000000000000   0.0000000000000000
       vks_2_8                      0.0002511886414100000    1.000000000000000   0.0000000000000000
       vks_2_9                      0.0002511886123100000    1.000000000000000   0.0000000000000000
       vks_3_1                      3.019951933000000e-08    1.000000000000000   0.0000000000000000
      vks_3_10                      3.090294953300000e-08    1.000000000000000   0.0000000000000000
      vks_3_11                      3.090295308500000e-08    1.000000000000000   0.0000000000000000
      vks_3_12                      3.090294953300000e-08    1.000000000000000   0.0000000000000000
      vks_3_13                      3.090294598000000e-08    1.000000000000000   0.0000000000000000
      vks_3_14                      3.090294953300000e-08    1.000000000000000   0.0000000000000000
      vks_3_15                      3.090295308500000e-08    1.000000000000000   0.0000000000000000
      vks_3_16                      1.000000153800000e-07    1.000000000000000   0.0000000000000000
      vks_3_17                      3.090294953300000e-08    1.000000000000000   0.0000000000000000
      vks_3_18                      3.090294953300000e-08    1.000000000000000   0.0000000000000000
      vks_3_19                      3.090295308500000e-08    1.000000000000000   0.0000000000000000
       vks_3_2                      3.090295308500000e-08    1.000000000000000   0.0000000000000000
      vks_3_20                      1.148153998500000e-07    1.000000000000000   0.0000000000000000
      vks_3_21                      3.090294953300000e-08    1.000000000000000   0.0000000000000000
      vks_3_22                      3.090294953300000e-08    1.000000000000000   0.0000000000000000
       vks_3_3                      3.090295308500000e-08    1.000000000000000   0.0000000000000000
       vks_3_4                      3.090294953300000e-08    1.000000000000000   0.0000000000000000
       vks_3_5                      3.090295308500000e-08    1.000000000000000   0.0000000000000000
       vks_3_6                      1.000000082700000e-07    1.000000000000000   0.0000000000000000
       vks_3_7                      3.090295308500000e-08    1.000000000000000   0.0000000000000000
       vks_3_8                      3.090294953300000e-08    1.000000000000000   0.0000000000000000
       vks_3_9                      3.090294953300000e-08    1.000000000000000   0.0000000000000000
