single point
        finf_1                      0.4830353000000000    1.000000000000000   0.0000000000000000
       finf_10                      0.4725046550000000    1.000000000000000   0.0000000000000000
       finf_11                      0.4725046520000000    1.000000000000000   0.0000000000000000
       finf_12                      0.4725046520000000    1.000000000000000   0.0000000000000000
       finf_13                      0.4725046250000000    1.000000000000000   0.0000000000000000
       finf_14                      0.4830353020000000    1.000000000000000   0.0000000000000000
       finf_15                      0.4830353000000000    1.000000000000000   0.0000000000000000
       finf_16                      0.4830353000000000    1.000000000000000   0.0000000000000000
       finf_17                      0.4830352960000000    1.000000000000000   0.0000000000000000
       finf_18                      0.4830353000000000    1.000000000000000   0.0000000000000000
       finf_19                      0.4830353020000000    1.000000000000000   0.0000000000000000
        finf_2                      0.4830352990000000    1.000000000000000   0.0000000000000000
       finf_20                      0.5284619410000000    1.000000000000000   0.0000000000000000
       finf_21                      0.4830353010000000    1.000000000000000   0.0000000000000000
       finf_22                      0.4830353040000000    1.000000000000000   0.0000000000000000
        finf_3                      0.4830353050000000    1.000000000000000   0.0000000000000000
        finf_4                      0.4105800060000000    1.000000000000000   0.0000000000000000
        finf_5                      0.4105800060000000    1.000000000000000   0.0000000000000000
        finf_6                      0.4830352990000000    1.000000000000000   0.0000000000000000
        finf_7                      0.4725046530000000    1.000000000000000   0.0000000000000000
        finf_8                      0.4725046500000000    1.000000000000000   0.0000000000000000
        finf_9                      0.4725046480000000    1.000000000000000   0.0000000000000000
          ks_1                      0.8400492168700000    1.000000000000000   0.0000000000000000
         ks_10                      1.766843139510000    1.000000000000000   0.0000000000000000
        ks_100                      1.000000000000000e-05    1.000000000000000   0.0000000000000000
        ks_101                      0.0008434527330000000    1.000000000000000   0.0000000000000000
        ks_102                      7.959999998999999e-05    1.000000000000000   0.0000000000000000
        ks_103                      0.0004371081359000000    1.000000000000000   0.0000000000000000
        ks_104                      1.000000000000000e-05    1.000000000000000   0.0000000000000000
        ks_105                      1.010000141000000e-05    1.000000000000000   0.0000000000000000
        ks_106                      0.0001451450000000000    1.000000000000000   0.0000000000000000
        ks_107                      0.0003132241134000000    1.000000000000000   0.0000000000000000
        ks_108                      4.337812072482200    1.000000000000000   0.0000000000000000
        ks_109                      6.885314773036300    1.000000000000000   0.0000000000000000
         ks_11                      0.3212923314750000    1.000000000000000   0.0000000000000000
        ks_110                      3.923990068474700    1.000000000000000   0.0000000000000000
        ks_111                      4.822450000000000    1.000000000000000   0.0000000000000000
        ks_112                      3.138971158562700    1.000000000000000   0.0000000000000000
        ks_113                      1.049742729139900    1.000000000000000   0.0000000000000000
        ks_114                      7.758598588051300    1.000000000000000   0.0000000000000000
        ks_115                      6.431841829529500    1.000000000000000   0.0000000000000000
        ks_116                      0.3974788276154000    1.000000000000000   0.0000000000000000
        ks_117                      13.41137972563800    1.000000000000000   0.0000000000000000
        ks_118                      2.036281744674300    1.000000000000000   0.0000000000000000
        ks_119                      10.45539615672900    1.000000000000000   0.0000000000000000
         ks_12                      8.951546033906000    1.000000000000000   0.0000000000000000
        ks_120                      0.1598143560369000    1.000000000000000   0.0000000000000000
        ks_121                      2.149489522078600    1.000000000000000   0.0000000000000000
        ks_122                      38.52287202092200    1.000000000000000   0.0000000000000000
        ks_123                      11.19304978452300    1.000000000000000   0.0000000000000000
        ks_124                      2.007217636932800    1.000000000000000   0.0000000000000000
        ks_125                      493.3879579000000    1.000000000000000   0.0000000000000000
        ks_126                      500.0000000000000    1.000000000000000   0.0000000000000000
        ks_127                      1.938987873390800    1.000000000000000   0.0000000000000000
        ks_128                      3.365612852126500    1.000000000000000   0.0000000000000000
        ks_129                      5.993691483438400    1.000000000000000   0.0000000000000000
         ks_13                      1.701052240836000    1.000000000000000   0.0000000000000000
        ks_130                      14.04566727074400    1.000000000000000   0.0000000000000000
        ks_131                      0.0002012116479000000    1.000000000000000   0.0000000000000000
        ks_132                      0.0002001219997000000    1.000000000000000   0.0000000000000000
        ks_133                      0.0002019650000000000    1.000000000000000   0.0000000000000000
        ks_134                      0.02629392400000000    1.000000000000000   0.0000000000000000
        ks_135                      0.0001587200000000000    1.000000000000000   0.0000000000000000
        ks_136                      0.0002910720091000000    1.000000000000000   0.0000000000000000
        ks_137                      0.004195906481000000    1.000000000000000   0.0000000000000000
        ks_138                      6.308143294925000    1.000000000000000   0.0000000000000000
        ks_139                      0.0002288810000000000    1.000000000000000   0.0000000000000000
         ks_14                      4.539198223624000    1.000000000000000   0.0000000000000000
        ks_140                      14.46260466685300    1.000000000000000   0.0000000000000000
        ks_141                      0.0001978430000000000    1.000000000000000   0.0000000000000000
        ks_142                      0.0001999090000000000    1.000000000000000   0.0000000000000000
        ks_143                      0.001743408000000000    1.000000000000000   0.0000000000000000
        ks_144                      1.009930205398200    1.000000000000000   0.0000000000000000
        ks_145                      28.81365388132600    1.000000000000000   0.0000000000000000
        ks_146                      5.733677615543100    1.000000000000000   0.0000000000000000
        ks_147                      4.049871457777000    1.000000000000000   0.0000000000000000
        ks_148                      5.969683833590200    1.000000000000000   0.0000000000000000
        ks_149                      0.0002641050000000000    1.000000000000000   0.0000000000000000
         ks_15                      2.704196554511000    1.000000000000000   0.0000000000000000
        ks_150                      7.223028313017000    1.000000000000000   0.0000000000000000
        ks_151                      6.006677807998600    1.000000000000000   0.0000000000000000
        ks_152                      0.09799301482460000    1.000000000000000   0.0000000000000000
        ks_153                      37.57438831439500    1.000000000000000   0.0000000000000000
        ks_154                      56.28150000000000    1.000000000000000   0.0000000000000000
        ks_155                      0.0001957670000000000    1.000000000000000   0.0000000000000000
        ks_156                      0.1850491668127000    1.000000000000000   0.0000000000000000
        ks_157                      0.1908686551436000    1.000000000000000   0.0000000000000000
        ks_158                      0.6246762924106000    1.000000000000000   0.0000000000000000
        ks_159                      0.02678973482100000    1.000000000000000   0.0000000000000000
         ks_16                      497.8352880000000    1.000000000000000   0.0000000000000000
        ks_160                      1.033562850444200    1.000000000000000   0.0000000000000000
        ks_161                      345.4413099000000    1.000000000000000   0.0000000000000000
        ks_162                      0.1866582919029000    1.000000000000000   0.0000000000000000
        ks_163                      0.06877593587040000    1.000000000000000   0.0000000000000000
        ks_164                      0.05452893998550000    1.000000000000000   0.0000000000000000
        ks_165                      6.225114593124900    1.000000000000000   0.0000000000000000
        ks_166                      0.01565353200930000    1.000000000000000   0.0000000000000000
        ks_167                      0.03786552667620000    1.000000000000000   0.0000000000000000
        ks_168                      0.1226027353140000    1.000000000000000   0.0000000000000000
        ks_169                      0.0002622500210000000    1.000000000000000   0.0000000000000000
         ks_17                      1.669570016207000    1.000000000000000   0.0000000000000000
        ks_170                      0.002034042181000000    1.000000000000000   0.0000000000000000
        ks_171                      1.082732603135500    1.000000000000000   0.0000000000000000
        ks_172                      0.01910886600000000    1.000000000000000   0.0000000000000000
        ks_173                      0.007996650017000000    1.000000000000000   0.0000000000000000
        ks_174                      5.844940000000000    1.000000000000000   0.0000000000000000
        ks_175                      0.1251838150000000    1.000000000000000   0.0000000000000000
        ks_176                      0.004517106572000000    1.000000000000000   0.0000000000000000
        ks_177                      1.108717584107100    1.000000000000000   0.0000000000000000
        ks_178                      0.0002008370000000000    1.000000000000000   0.0000000000000000
        ks_179                      2.044045852519200    1.000000000000000   0.0000000000000000
         ks_18                      2.527796708238000    1.000000000000000   0.0000000000000000
        ks_180                      1.910000000000000e-05    1.000000000000000   0.0000000000000000
        ks_181                      0.3102973362947000    1.000000000000000   0.0000000000000000
        ks_182                      4.853710829116800    1.000000000000000   0.0000000000000000
        ks_183                      0.9628054670000000    1.000000000000000   0.0000000000000000
        ks_184                      0.0004046933925000000    1.000000000000000   0.0000000000000000
        ks_185                      9.560000000000001e-05    1.000000000000000   0.0000000000000000
        ks_186                      9.830000000000000e-05    1.000000000000000   0.0000000000000000
        ks_187                      0.0001093910000000000    1.000000000000000   0.0000000000000000
        ks_188                      0.0003938690000000000    1.000000000000000   0.0000000000000000
        ks_189                      0.0001123370000000000    1.000000000000000   0.0000000000000000
         ks_19                      44.72347965498000    1.000000000000000   0.0000000000000000
        ks_190                      1.000000000000000e-05    1.000000000000000   0.0000000000000000
        ks_191                      0.0001009800000000000    1.000000000000000   0.0000000000000000
        ks_192                      0.0001287070000000000    1.000000000000000   0.0000000000000000
        ks_193                      0.0001940000000000000    1.000000000000000   0.0000000000000000
        ks_194                      1.000000000000000e-05    1.000000000000000   0.0000000000000000
        ks_195                      0.0007756528091000000    1.000000000000000   0.0000000000000000
        ks_196                      1.000000000000000e-05    1.000000000000000   0.0000000000000000
        ks_197                      0.0001311290000000000    1.000000000000000   0.0000000000000000
        ks_198                      0.0001689497182000000    1.000000000000000   0.0000000000000000
        ks_199                      1.120000000000000e-05    1.000000000000000   0.0000000000000000
          ks_2                      0.03066530161000000    1.000000000000000   0.0000000000000000
         ks_20                      0.3389688336820000    1.000000000000000   0.0000000000000000
        ks_200                      1.020000008000000e-05    1.000000000000000   0.0000000000000000
        ks_201                      1.099994483000000e-05    1.000000000000000   0.0000000000000000
        ks_202                      0.0001015430000000000    1.000000000000000   0.0000000000000000
        ks_203                      0.0001137820000000000    1.000000000000000   0.0000000000000000
        ks_204                      9.899999999999999e-05    1.000000000000000   0.0000000000000000
        ks_205                      0.0001040699952000000    1.000000000000000   0.0000000000000000
        ks_206                      1.000000000000000e-05    1.000000000000000   0.0000000000000000
        ks_207                      0.0001022502736000000    1.000000000000000   0.0000000000000000
        ks_208                      1.389999390000000e-05    1.000000000000000   0.0000000000000000
        ks_209                      0.0002948915433000000    1.000000000000000   0.0000000000000000
         ks_21                      0.6650430318630000    1.000000000000000   0.0000000000000000
        ks_210                      8.680000000000000e-05    1.000000000000000   0.0000000000000000
        ks_211                      8.820000000000000e-05    1.000000000000000   0.0000000000000000
        ks_212                      0.0001026309762000000    1.000000000000000   0.0000000000000000
        ks_213                      9.570000000000000e-05    1.000000000000000   0.0000000000000000
        ks_214                      9.920000000000000e-05    1.000000000000000   0.0000000000000000
        ks_215                      9.820000000000000e-05    1.000000000000000   0.0000000000000000
        ks_216                      0.0001003300000000000    1.000000000000000   0.0000000000000000
        ks_217                      9.589962406999999e-05    1.000000000000000   0.0000000000000000
        ks_218                      5.190000000000000e-05    1.000000000000000   0.0000000000000000
        ks_219                      0.0001038930000000000    1.000000000000000   0.0000000000000000
         ks_22                      0.4505732582510000    1.000000000000000   0.0000000000000000
        ks_220                      9.250000000000000e-05    1.000000000000000   0.0000000000000000
        ks_221                      0.0001336270000000000    1.000000000000000   0.0000000000000000
        ks_222                      0.0001088500000000000    1.000000000000000   0.0000000000000000
        ks_223                      0.0001163708719000000    1.000000000000000   0.0000000000000000
        ks_224                      9.990000000000000e-05    1.000000000000000   0.0000000000000000
        ks_225                      1.010000000000000e-05    1.000000000000000   0.0000000000000000
        ks_226                      0.0001059660000000000    1.000000000000000   0.0000000000000000
        ks_227                      8.690000618999999e-05    1.000000000000000   0.0000000000000000
        ks_228                      8.849974645000000e-05    1.000000000000000   0.0000000000000000
        ks_229                      0.0004269282905000000    1.000000000000000   0.0000000000000000
         ks_23                      250.3560020000000    1.000000000000000   0.0000000000000000
        ks_230                      1.010004505000000e-05    1.000000000000000   0.0000000000000000
        ks_231                      3.000433577000000e-05    1.000000000000000   0.0000000000000000
        ks_232                      0.0003542900000000000    1.000000000000000   0.0000000000000000
        ks_233                      6.090000459000000e-05    1.000000000000000   0.0000000000000000
         ks_24                      0.04916730723400000    1.000000000000000   0.0000000000000000
         ks_25                      0.08717899287399999    1.000000000000000   0.0000000000000000
         ks_26                      500.0000000000000    1.000000000000000   0.0000000000000000
         ks_27                      0.7551314899429999    1.000000000000000   0.0000000000000000
         ks_28                      0.3947733636600000    1.000000000000000   0.0000000000000000
         ks_29                      3.252085584282000    1.000000000000000   0.0000000000000000
          ks_3                      0.7170111130200000    1.000000000000000   0.0000000000000000
         ks_30                      1.000001230000000e-05    1.000000000000000   0.0000000000000000
         ks_31                      2.632043270277000    1.000000000000000   0.0000000000000000
         ks_32                      0.0001998110000000000    1.000000000000000   0.0000000000000000
         ks_33                      0.09858080810100001    1.000000000000000   0.0000000000000000
         ks_34                      51.76875960734000    1.000000000000000   0.0000000000000000
         ks_35                      0.0001963960070000000    1.000000000000000   0.0000000000000000
         ks_36                      0.0006033522820000000    1.000000000000000   0.0000000000000000
         ks_37                      0.0002256200150000000    1.000000000000000   0.0000000000000000
         ks_38                      0.2133440892090000    1.000000000000000   0.0000000000000000
         ks_39                      0.0001958520000000000    1.000000000000000   0.0000000000000000
          ks_4                      6.158758896160000    1.000000000000000   0.0000000000000000
         ks_40                      0.6468180037720000    1.000000000000000   0.0000000000000000
         ks_41                      1.142899116040000    1.000000000000000   0.0000000000000000
         ks_42                      2.257382784360000    1.000000000000000   0.0000000000000000
         ks_43                      0.2665848655790000    1.000000000000000   0.0000000000000000
         ks_44                      0.4872911297930000    1.000000000000000   0.0000000000000000
         ks_45                      0.01603350476100000    1.000000000000000   0.0000000000000000
         ks_46                      1.612807408885000    1.000000000000000   0.0000000000000000
         ks_47                      5.351011975498000    1.000000000000000   0.0000000000000000
         ks_48                      8.400349603832000    1.000000000000000   0.0000000000000000
         ks_49                      0.0002067710000000000    1.000000000000000   0.0000000000000000
          ks_5                      44.79348180770000    1.000000000000000   0.0000000000000000
         ks_50                      2.942693120303000    1.000000000000000   0.0000000000000000
         ks_51                      4.590032410000000e-05    1.000000000000000   0.0000000000000000
         ks_52                      0.03441734691600000    1.000000000000000   0.0000000000000000
         ks_53                      4.945824055160000    1.000000000000000   0.0000000000000000
         ks_54                      0.01774067912100000    1.000000000000000   0.0000000000000000
         ks_55                      20.52740095198000    1.000000000000000   0.0000000000000000
         ks_56                      72.88327254105000    1.000000000000000   0.0000000000000000
         ks_57                      5.940071422001000    1.000000000000000   0.0000000000000000
         ks_58                      0.3098350047170000    1.000000000000000   0.0000000000000000
         ks_59                      0.006395485000000000    1.000000000000000   0.0000000000000000
          ks_6                      226.4339200000000    1.000000000000000   0.0000000000000000
         ks_60                      5.020048818000000    1.000000000000000   0.0000000000000000
         ks_61                      0.02844503739800000    1.000000000000000   0.0000000000000000
         ks_62                      0.2777038796010000    1.000000000000000   0.0000000000000000
         ks_63                      10.57391595349000    1.000000000000000   0.0000000000000000
         ks_64                      0.0006178349630000000    1.000000000000000   0.0000000000000000
         ks_65                      0.001892468950000000    1.000000000000000   0.0000000000000000
         ks_66                      5.527146754994000    1.000000000000000   0.0000000000000000
         ks_67                      8.814749553740000    1.000000000000000   0.0000000000000000
         ks_68                      0.009271594290000001    1.000000000000000   0.0000000000000000
         ks_69                      0.7380149947819999    1.000000000000000   0.0000000000000000
          ks_7                      1.020000000000000e-05    1.000000000000000   0.0000000000000000
         ks_70                      3.772071428282000    1.000000000000000   0.0000000000000000
         ks_71                      1.000000000000000e-05    1.000000000000000   0.0000000000000000
         ks_72                      8.790040020000001e-05    1.000000000000000   0.0000000000000000
         ks_73                      0.0001127938580000000    1.000000000000000   0.0000000000000000
         ks_74                      9.330000000000000e-05    1.000000000000000   0.0000000000000000
         ks_75                      1.419997910000000e-05    1.000000000000000   0.0000000000000000
         ks_76                      0.0001919774570000000    1.000000000000000   0.0000000000000000
         ks_77                      0.0001022853290000000    1.000000000000000   0.0000000000000000
         ks_78                      1.619995980000000e-05    1.000000000000000   0.0000000000000000
         ks_79                      1.000000000000000e-05    1.000000000000000   0.0000000000000000
          ks_8                      1.000000000000000e-05    1.000000000000000   0.0000000000000000
         ks_80                      261.7339380000000    1.000000000000000   0.0000000000000000
         ks_81                      9.040000000000000e-05    1.000000000000000   0.0000000000000000
         ks_82                      33.49016615029000    1.000000000000000   0.0000000000000000
         ks_83                      6.574640837013000    1.000000000000000   0.0000000000000000
         ks_84                      9.050000000000000e-05    1.000000000000000   0.0000000000000000
         ks_85                      1.290000000000000e-05    1.000000000000000   0.0000000000000000
         ks_86                      0.0001322770000000000    1.000000000000000   0.0000000000000000
         ks_87                      500.0000000000000    1.000000000000000   0.0000000000000000
         ks_88                      17.08290000000000    1.000000000000000   0.0000000000000000
         ks_89                      8.020000000000000e-05    1.000000000000000   0.0000000000000000
          ks_9                      8.246873983860000    1.000000000000000   0.0000000000000000
         ks_90                      4.484010000000000    1.000000000000000   0.0000000000000000
         ks_91                      14.46417774535000    1.000000000000000   0.0000000000000000
         ks_92                      0.0001140530000000000    1.000000000000000   0.0000000000000000
         ks_93                      0.04174545429300000    1.000000000000000   0.0000000000000000
         ks_94                      3.159988100000000e-05    1.000000000000000   0.0000000000000000
         ks_95                      0.0001000200000000000    1.000000000000000   0.0000000000000000
         ks_96                      0.0001729565570000000    1.000000000000000   0.0000000000000000
         ks_97                      5.519983820000000e-05    1.000000000000000   0.0000000000000000
         ks_98                      0.0001146000000000000    1.000000000000000   0.0000000000000000
         ks_99                      0.0001065660000000000    1.000000000000000   0.0000000000000000
    lak_cond_1                      1.000000000000000    1.000000000000000   0.0000000000000000
   lak_cond_12                      0.9944947330000000    1.000000000000000   0.0000000000000000
    lak_cond_2                      1.000000000000000    1.000000000000000   0.0000000000000000
         pet_1                      9.500000000000001e-05    1.000000000000000   0.0000000000000000
 pond_recharge                      11741.46638747425    1.000000000000000   0.0000000000000000
       sfr_k_1                      0.09863316369061000    1.000000000000000   0.0000000000000000
      sfr_k_10                      0.09980637676579700    1.000000000000000   0.0000000000000000
      sfr_k_11                      0.09975067739943499    1.000000000000000   0.0000000000000000
      sfr_k_12                      0.1000660077433050    1.000000000000000   0.0000000000000000
      sfr_k_13                      0.1000082229999900    1.000000000000000   0.0000000000000000
      sfr_k_14                      0.09885592657218500    1.000000000000000   0.0000000000000000
      sfr_k_15                      0.1001550163222050    1.000000000000000   0.0000000000000000
      sfr_k_16                      0.09945645858843601    1.000000000000000   0.0000000000000000
      sfr_k_17                      0.09851745897298100    1.000000000000000   0.0000000000000000
      sfr_k_18                      0.1023519398809320    1.000000000000000   0.0000000000000000
      sfr_k_19                      0.1000521250000010    1.000000000000000   0.0000000000000000
       sfr_k_2                      0.09962628928649001    1.000000000000000   0.0000000000000000
      sfr_k_20                      0.1000654940036630    1.000000000000000   0.0000000000000000
      sfr_k_21                      0.1000412385185000    1.000000000000000   0.0000000000000000
      sfr_k_22                      0.09904903738680400    1.000000000000000   0.0000000000000000
       sfr_k_3                      0.09145977733330000    1.000000000000000   0.0000000000000000
       sfr_k_4                      0.1012746430164300    1.000000000000000   0.0000000000000000
       sfr_k_5                      0.09999972616563001    1.000000000000000   0.0000000000000000
       sfr_k_6                      0.1004811373573900    1.000000000000000   0.0000000000000000
       sfr_k_7                      0.09910450034719000    1.000000000000000   0.0000000000000000
       sfr_k_8                      0.09991944568492001    1.000000000000000   0.0000000000000000
       sfr_k_9                      0.1000934872592000    1.000000000000000   0.0000000000000000
     spill_447                      185.0599976000000    1.000000000000000   0.0000000000000000
     spill_449                      146.6000061000000    1.000000000000000   0.0000000000000000
     spill_688                      8.230381212367215    1.000000000000000   0.0000000000000000
     surfk_1_1                      0.0002509195873890000    1.000000000000000   0.0000000000000000
    surfk_1_10                      0.0002513239999995300    1.000000000000000   0.0000000000000000
    surfk_1_11                      0.0002511959999996200    1.000000000000000   0.0000000000000000
    surfk_1_12                      0.0002512189999996400    1.000000000000000   0.0000000000000000
    surfk_1_13                      0.0002511890000000000    1.000000000000000   0.0000000000000000
    surfk_1_14                      0.0002512108082919000    1.000000000000000   0.0000000000000000
    surfk_1_15                      0.0002511869999995500    1.000000000000000   0.0000000000000000
    surfk_1_16                      0.0002511830032021600    1.000000000000000   0.0000000000000000
    surfk_1_17                      0.0002512108091356200    1.000000000000000   0.0000000000000000
    surfk_1_18                      0.0002512629259741200    1.000000000000000   0.0000000000000000
    surfk_1_19                      0.0002512100000000000    1.000000000000000   0.0000000000000000
     surfk_1_2                      0.0002511659094291000    1.000000000000000   0.0000000000000000
    surfk_1_21                      0.0002511890000001600    1.000000000000000   0.0000000000000000
     surfk_1_3                      0.0002512100000000000    1.000000000000000   0.0000000000000000
     surfk_1_4                      0.0003983031780019000    1.000000000000000   0.0000000000000000
     surfk_1_5                      0.0003979686822685000    1.000000000000000   0.0000000000000000
     surfk_1_6                      0.0002512080012297000    1.000000000000000   0.0000000000000000
     surfk_1_8                      0.0002498060000000000    1.000000000000000   0.0000000000000000
     surfk_1_9                      0.0002513219983890000    1.000000000000000   0.0000000000000000
     surfk_2_1                      0.0002513772510166000    1.000000000000000   0.0000000000000000
    surfk_2_10                      0.0002512099999950900    1.000000000000000   0.0000000000000000
    surfk_2_11                      0.0002511949992768000    1.000000000000000   0.0000000000000000
    surfk_2_12                      0.0002512343589329300    1.000000000000000   0.0000000000000000
    surfk_2_14                      0.0001584890000000000    1.000000000000000   0.0000000000000000
    surfk_2_15                      0.0001585020000000000    1.000000000000000   0.0000000000000000
    surfk_2_16                      0.0001585019999999800    1.000000000000000   0.0000000000000000
    surfk_2_17                      0.0001585020000000000    1.000000000000000   0.0000000000000000
    surfk_2_18                      0.0001583674532977100    1.000000000000000   0.0000000000000000
    surfk_2_19                      0.0001585030000000000    1.000000000000000   0.0000000000000000
     surfk_2_2                      0.0001000119999852000    1.000000000000000   0.0000000000000000
    surfk_2_20                      0.0006310100000000000    1.000000000000000   0.0000000000000000
    surfk_2_21                      0.0001585029999998700    1.000000000000000   0.0000000000000000
    surfk_2_22                      0.0001585438777932200    1.000000000000000   0.0000000000000000
     surfk_2_3                      0.0001000080000000000    1.000000000000000   0.0000000000000000
     surfk_2_4                      0.0002512169999919000    1.000000000000000   0.0000000000000000
     surfk_2_5                      0.0002514993674017000    1.000000000000000   0.0000000000000000
     surfk_2_6                      0.0001584960065854000    1.000000000000000   0.0000000000000000
     surfk_2_7                      0.0002511890000000000    1.000000000000000   0.0000000000000000
     surfk_2_8                      0.0002512090000000000    1.000000000000000   0.0000000000000000
     surfk_2_9                      0.0002511879999262000    1.000000000000000   0.0000000000000000
     surfk_3_1                      3.000000000000000e-08    1.000000000000000   0.0000000000000000
    surfk_3_10                      3.089995716689300e-08    1.000000000000000   0.0000000000000000
    surfk_3_11                      3.090000000000000e-08    1.000000000000000   0.0000000000000000
    surfk_3_12                      3.090009949171200e-08    1.000000000000000   0.0000000000000000
    surfk_3_13                      3.089999999999800e-08    1.000000000000000   0.0000000000000000
    surfk_3_14                      3.090000000000000e-08    1.000000000000000   0.0000000000000000
    surfk_3_15                      3.070000000000000e-08    1.000000000000000   0.0000000000000000
    surfk_3_16                      1.000000000000000e-07    1.000000000000000   0.0000000000000000
    surfk_3_17                      3.090000000000000e-08    1.000000000000000   0.0000000000000000
    surfk_3_18                      3.090000000000000e-08    1.000000000000000   0.0000000000000000
    surfk_3_19                      3.090000000000000e-08    1.000000000000000   0.0000000000000000
     surfk_3_2                      3.070000000000000e-08    1.000000000000000   0.0000000000000000
    surfk_3_20                      1.150000000000000e-07    1.000000000000000   0.0000000000000000
    surfk_3_21                      3.090000000000000e-08    1.000000000000000   0.0000000000000000
    surfk_3_22                      3.090000000000000e-08    1.000000000000000   0.0000000000000000
     surfk_3_3                      3.070000000000000e-08    1.000000000000000   0.0000000000000000
     surfk_3_4                      3.070000000000000e-08    1.000000000000000   0.0000000000000000
     surfk_3_5                      3.089999998382000e-08    1.000000000000000   0.0000000000000000
     surfk_3_6                      1.000000005431000e-07    1.000000000000000   0.0000000000000000
     surfk_3_7                      3.070000000000000e-08    1.000000000000000   0.0000000000000000
     surfk_3_8                      3.090000000000000e-08    1.000000000000000   0.0000000000000000
     surfk_3_9                      3.090000000000000e-08    1.000000000000000   0.0000000000000000
   vka_ratio_1                      0.1011372188591545    1.000000000000000   0.0000000000000000
   vka_ratio_2                      0.1005880000000000    1.000000000000000   0.0000000000000000
   vka_ratio_3                      0.09999930000000000    1.000000000000000   0.0000000000000000
       vks_1_1                      0.0002511890000000000    1.000000000000000   0.0000000000000000
      vks_1_10                      0.0002511890000000000    1.000000000000000   0.0000000000000000
      vks_1_11                      0.0002511890000000000    1.000000000000000   0.0000000000000000
      vks_1_12                      0.0002511890000000000    1.000000000000000   0.0000000000000000
      vks_1_13                      0.0002511890000000000    1.000000000000000   0.0000000000000000
      vks_1_14                      0.0002511890000000000    1.000000000000000   0.0000000000000000
      vks_1_15                      0.0002511890000000000    1.000000000000000   0.0000000000000000
      vks_1_16                      0.0002511890000000000    1.000000000000000   0.0000000000000000
      vks_1_17                      0.0002511890000000000    1.000000000000000   0.0000000000000000
      vks_1_18                      0.0002511890000000000    1.000000000000000   0.0000000000000000
      vks_1_19                      0.0002511890000000000    1.000000000000000   0.0000000000000000
       vks_1_2                      0.0002511890000000000    1.000000000000000   0.0000000000000000
      vks_1_21                      0.0002511890000000000    1.000000000000000   0.0000000000000000
       vks_1_3                      0.0002511890000000000    1.000000000000000   0.0000000000000000
       vks_1_4                      0.0003981070000000000    1.000000000000000   0.0000000000000000
       vks_1_5                      0.0003981070000000000    1.000000000000000   0.0000000000000000
       vks_1_6                      0.0002511890000000000    1.000000000000000   0.0000000000000000
       vks_1_8                      0.0002511890000000000    1.000000000000000   0.0000000000000000
       vks_1_9                      0.0002511890000000000    1.000000000000000   0.0000000000000000
       vks_2_1                      0.0002511890000000000    1.000000000000000   0.0000000000000000
      vks_2_10                      0.0002511890000000000    1.000000000000000   0.0000000000000000
      vks_2_11                      0.0002511890000000000    1.000000000000000   0.0000000000000000
      vks_2_12                      0.0002511890000000000    1.000000000000000   0.0000000000000000
      vks_2_14                      0.0001584890000000000    1.000000000000000   0.0000000000000000
      vks_2_15                      0.0001584890000000000    1.000000000000000   0.0000000000000000
      vks_2_16                      0.0001584890000000000    1.000000000000000   0.0000000000000000
      vks_2_17                      0.0001584890000000000    1.000000000000000   0.0000000000000000
      vks_2_18                      0.0001584890000000000    1.000000000000000   0.0000000000000000
      vks_2_19                      0.0001584890000000000    1.000000000000000   0.0000000000000000
       vks_2_2                      0.0001000000000000000    1.000000000000000   0.0000000000000000
      vks_2_20                      0.0006309570000000000    1.000000000000000   0.0000000000000000
      vks_2_21                      0.0001584890000000000    1.000000000000000   0.0000000000000000
      vks_2_22                      0.0001584890000000000    1.000000000000000   0.0000000000000000
       vks_2_3                      0.0001000000000000000    1.000000000000000   0.0000000000000000
       vks_2_4                      0.0002511890000000000    1.000000000000000   0.0000000000000000
       vks_2_5                      0.0002511890000000000    1.000000000000000   0.0000000000000000
       vks_2_6                      0.0001584890000000000    1.000000000000000   0.0000000000000000
       vks_2_7                      0.0002511890000000000    1.000000000000000   0.0000000000000000
       vks_2_8                      0.0002511890000000000    1.000000000000000   0.0000000000000000
       vks_2_9                      0.0002511890000000000    1.000000000000000   0.0000000000000000
       vks_3_1                      3.020000000000000e-08    1.000000000000000   0.0000000000000000
      vks_3_10                      3.090000000000000e-08    1.000000000000000   0.0000000000000000
      vks_3_11                      3.090000000000000e-08    1.000000000000000   0.0000000000000000
      vks_3_12                      3.090000000000000e-08    1.000000000000000   0.0000000000000000
      vks_3_13                      3.090000000000000e-08    1.000000000000000   0.0000000000000000
      vks_3_14                      3.090000000000000e-08    1.000000000000000   0.0000000000000000
      vks_3_15                      3.090000000000000e-08    1.000000000000000   0.0000000000000000
      vks_3_16                      1.000000000000000e-07    1.000000000000000   0.0000000000000000
      vks_3_17                      3.090000000000000e-08    1.000000000000000   0.0000000000000000
      vks_3_18                      3.090000000000000e-08    1.000000000000000   0.0000000000000000
      vks_3_19                      3.090000000000000e-08    1.000000000000000   0.0000000000000000
       vks_3_2                      3.090000000000000e-08    1.000000000000000   0.0000000000000000
      vks_3_20                      1.150000000000000e-07    1.000000000000000   0.0000000000000000
      vks_3_21                      3.090000000000000e-08    1.000000000000000   0.0000000000000000
      vks_3_22                      3.090000000000000e-08    1.000000000000000   0.0000000000000000
       vks_3_3                      3.090000000000000e-08    1.000000000000000   0.0000000000000000
       vks_3_4                      3.090000000000000e-08    1.000000000000000   0.0000000000000000
       vks_3_5                      3.090000000000000e-08    1.000000000000000   0.0000000000000000
       vks_3_6                      1.000000000000000e-07    1.000000000000000   0.0000000000000000
       vks_3_7                      3.090000000000000e-08    1.000000000000000   0.0000000000000000
       vks_3_8                      3.090000000000000e-08    1.000000000000000   0.0000000000000000
       vks_3_9                      3.090000000000000e-08    1.000000000000000   0.0000000000000000
