single point
        finf_1                      0.4830353000000000    1.000000000000000   0.0000000000000000
       finf_10                      0.4725046550000000    1.000000000000000   0.0000000000000000
       finf_11                      0.4725046520000000    1.000000000000000   0.0000000000000000
       finf_12                      0.4725046520000000    1.000000000000000   0.0000000000000000
       finf_13                      0.4725046250000000    1.000000000000000   0.0000000000000000
       finf_14                      0.4830353020000000    1.000000000000000   0.0000000000000000
       finf_15                      0.4830353000000000    1.000000000000000   0.0000000000000000
       finf_16                      0.4830353000000000    1.000000000000000   0.0000000000000000
       finf_17                      0.4830352960000000    1.000000000000000   0.0000000000000000
       finf_18                      0.4830353000000000    1.000000000000000   0.0000000000000000
       finf_19                      0.4830353020000000    1.000000000000000   0.0000000000000000
        finf_2                      0.4830352990000000    1.000000000000000   0.0000000000000000
       finf_20                      0.5284619410000000    1.000000000000000   0.0000000000000000
       finf_21                      0.4830353010000000    1.000000000000000   0.0000000000000000
       finf_22                      0.4830353040000000    1.000000000000000   0.0000000000000000
        finf_3                      0.4830353050000000    1.000000000000000   0.0000000000000000
        finf_4                      0.4105800060000000    1.000000000000000   0.0000000000000000
        finf_5                      0.4105800060000000    1.000000000000000   0.0000000000000000
        finf_6                      0.4830352990000000    1.000000000000000   0.0000000000000000
        finf_7                      0.4725046530000000    1.000000000000000   0.0000000000000000
        finf_8                      0.4725046500000000    1.000000000000000   0.0000000000000000
        finf_9                      0.4725046480000000    1.000000000000000   0.0000000000000000
          ks_1                      0.8393521368300000    1.000000000000000   0.0000000000000000
         ks_10                      1.766842753721000    1.000000000000000   0.0000000000000000
        ks_100                      1.000000000000000e-05    1.000000000000000   0.0000000000000000
        ks_101                      0.0008434533126000000    1.000000000000000   0.0000000000000000
        ks_102                      7.960657463000001e-05    1.000000000000000   0.0000000000000000
        ks_103                      0.0004371088681000000    1.000000000000000   0.0000000000000000
        ks_104                      1.000000000000000e-05    1.000000000000000   0.0000000000000000
        ks_105                      1.010020000000000e-05    1.000000000000000   0.0000000000000000
        ks_106                      0.0001451450016000000    1.000000000000000   0.0000000000000000
        ks_107                      0.0003132244856000000    1.000000000000000   0.0000000000000000
        ks_108                      4.337813332329600    1.000000000000000   0.0000000000000000
        ks_109                      6.885320000000000    1.000000000000000   0.0000000000000000
         ks_11                      0.3211985007600000    1.000000000000000   0.0000000000000000
        ks_110                      3.924000128853600    1.000000000000000   0.0000000000000000
        ks_111                      4.822450000000000    1.000000000000000   0.0000000000000000
        ks_112                      3.138976167358300    1.000000000000000   0.0000000000000000
        ks_113                      1.049746544085200    1.000000000000000   0.0000000000000000
        ks_114                      7.758595748511100    1.000000000000000   0.0000000000000000
        ks_115                      6.431828624607600    1.000000000000000   0.0000000000000000
        ks_116                      0.3974796278148000    1.000000000000000   0.0000000000000000
        ks_117                      13.41114790221400    1.000000000000000   0.0000000000000000
        ks_118                      2.036281745857800    1.000000000000000   0.0000000000000000
        ks_119                      10.45540000000000    1.000000000000000   0.0000000000000000
         ks_12                      8.951545966376001    1.000000000000000   0.0000000000000000
        ks_120                      0.1598150000000000    1.000000000000000   0.0000000000000000
        ks_121                      2.149484448223000    1.000000000000000   0.0000000000000000
        ks_122                      38.52285970513900    1.000000000000000   0.0000000000000000
        ks_123                      11.19307701578600    1.000000000000000   0.0000000000000000
        ks_124                      2.007218153668300    1.000000000000000   0.0000000000000000
        ks_125                      493.3904266000000    1.000000000000000   0.0000000000000000
        ks_126                      500.0000000000000    1.000000000000000   0.0000000000000000
        ks_127                      1.938995404543400    1.000000000000000   0.0000000000000000
        ks_128                      3.365607049150200    1.000000000000000   0.0000000000000000
        ks_129                      5.993690000000000    1.000000000000000   0.0000000000000000
         ks_13                      1.700999148775000    1.000000000000000   0.0000000000000000
        ks_130                      14.04573669651600    1.000000000000000   0.0000000000000000
        ks_131                      0.0002012108293000000    1.000000000000000   0.0000000000000000
        ks_132                      0.0002001220000000000    1.000000000000000   0.0000000000000000
        ks_133                      0.0002019645488000000    1.000000000000000   0.0000000000000000
        ks_134                      0.02629392413290000    1.000000000000000   0.0000000000000000
        ks_135                      0.0001587201737000000    1.000000000000000   0.0000000000000000
        ks_136                      0.0002910721900000000    1.000000000000000   0.0000000000000000
        ks_137                      0.004195910000000000    1.000000000000000   0.0000000000000000
        ks_138                      6.308150000000000    1.000000000000000   0.0000000000000000
        ks_139                      0.0002288807884000000    1.000000000000000   0.0000000000000000
         ks_14                      4.539203706842000    1.000000000000000   0.0000000000000000
        ks_140                      14.46260465651500    1.000000000000000   0.0000000000000000
        ks_141                      0.0001978431564000000    1.000000000000000   0.0000000000000000
        ks_142                      0.0001999086406000000    1.000000000000000   0.0000000000000000
        ks_143                      0.001743407548000000    1.000000000000000   0.0000000000000000
        ks_144                      1.009930000000000    1.000000000000000   0.0000000000000000
        ks_145                      28.81367020698400    1.000000000000000   0.0000000000000000
        ks_146                      5.733680000000000    1.000000000000000   0.0000000000000000
        ks_147                      4.049870000000000    1.000000000000000   0.0000000000000000
        ks_148                      5.969683539773100    1.000000000000000   0.0000000000000000
        ks_149                      0.0002641045948000000    1.000000000000000   0.0000000000000000
         ks_15                      2.704210033920000    1.000000000000000   0.0000000000000000
        ks_150                      7.223028312722100    1.000000000000000   0.0000000000000000
        ks_151                      6.006677807519500    1.000000000000000   0.0000000000000000
        ks_152                      0.09799208815700000    1.000000000000000   0.0000000000000000
        ks_153                      37.57306385652000    1.000000000000000   0.0000000000000000
        ks_154                      56.28150000000000    1.000000000000000   0.0000000000000000
        ks_155                      0.0001957672003000000    1.000000000000000   0.0000000000000000
        ks_156                      0.1850491486142000    1.000000000000000   0.0000000000000000
        ks_157                      0.1908692716424000    1.000000000000000   0.0000000000000000
        ks_158                      0.6246765826078000    1.000000000000000   0.0000000000000000
        ks_159                      0.02678973720790000    1.000000000000000   0.0000000000000000
         ks_16                      497.8363180000000    1.000000000000000   0.0000000000000000
        ks_160                      1.033553012806100    1.000000000000000   0.0000000000000000
        ks_161                      345.3725301000000    1.000000000000000   0.0000000000000000
        ks_162                      0.1866583062018000    1.000000000000000   0.0000000000000000
        ks_163                      0.06877598142910001    1.000000000000000   0.0000000000000000
        ks_164                      0.05452894028190000    1.000000000000000   0.0000000000000000
        ks_165                      6.225097257231200    1.000000000000000   0.0000000000000000
        ks_166                      0.01565353103620000    1.000000000000000   0.0000000000000000
        ks_167                      0.03786560670170000    1.000000000000000   0.0000000000000000
        ks_168                      0.1226032591561000    1.000000000000000   0.0000000000000000
        ks_169                      0.0002622496887000000    1.000000000000000   0.0000000000000000
         ks_17                      1.669570000000000    1.000000000000000   0.0000000000000000
        ks_170                      0.002034045345000000    1.000000000000000   0.0000000000000000
        ks_171                      1.082731124712300    1.000000000000000   0.0000000000000000
        ks_172                      0.01910886582330000    1.000000000000000   0.0000000000000000
        ks_173                      0.007996649999999999    1.000000000000000   0.0000000000000000
        ks_174                      5.844940000000000    1.000000000000000   0.0000000000000000
        ks_175                      0.1251838152908000    1.000000000000000   0.0000000000000000
        ks_176                      0.004517120000000000    1.000000000000000   0.0000000000000000
        ks_177                      1.108718842488100    1.000000000000000   0.0000000000000000
        ks_178                      0.0002008371379000000    1.000000000000000   0.0000000000000000
        ks_179                      2.044055408574700    1.000000000000000   0.0000000000000000
         ks_18                      2.527795139535000    1.000000000000000   0.0000000000000000
        ks_180                      1.909880000000000e-05    1.000000000000000   0.0000000000000000
        ks_181                      0.3102988426848000    1.000000000000000   0.0000000000000000
        ks_182                      4.853710825006300    1.000000000000000   0.0000000000000000
        ks_183                      0.9628054666523000    1.000000000000000   0.0000000000000000
        ks_184                      0.0004046924025000000    1.000000000000000   0.0000000000000000
        ks_185                      9.560987148000001e-05    1.000000000000000   0.0000000000000000
        ks_186                      9.830813711000000e-05    1.000000000000000   0.0000000000000000
        ks_187                      0.0001093910000000000    1.000000000000000   0.0000000000000000
        ks_188                      0.0003938691695000000    1.000000000000000   0.0000000000000000
        ks_189                      0.0001123371065000000    1.000000000000000   0.0000000000000000
         ks_19                      44.72347965302000    1.000000000000000   0.0000000000000000
        ks_190                      1.000000000000000e-05    1.000000000000000   0.0000000000000000
        ks_191                      0.0001009798704000000    1.000000000000000   0.0000000000000000
        ks_192                      0.0001287070000000000    1.000000000000000   0.0000000000000000
        ks_193                      1.939567500000000e-05    1.000000000000000   0.0000000000000000
        ks_194                      1.000660000000000e-05    1.000000000000000   0.0000000000000000
        ks_195                      0.0007756530000000000    1.000000000000000   0.0000000000000000
        ks_196                      1.000000000000000e-05    1.000000000000000   0.0000000000000000
        ks_197                      0.0001311292255000000    1.000000000000000   0.0000000000000000
        ks_198                      0.0001689485893000000    1.000000000000000   0.0000000000000000
        ks_199                      1.120000000000000e-05    1.000000000000000   0.0000000000000000
          ks_2                      0.03066540849000000    1.000000000000000   0.0000000000000000
         ks_20                      0.3389650000000000    1.000000000000000   0.0000000000000000
        ks_200                      1.020077167000000e-05    1.000000000000000   0.0000000000000000
        ks_201                      1.100420000000000e-05    1.000000000000000   0.0000000000000000
        ks_202                      0.0001015434878000000    1.000000000000000   0.0000000000000000
        ks_203                      0.0001137822544000000    1.000000000000000   0.0000000000000000
        ks_204                      9.901941108999999e-05    1.000000000000000   0.0000000000000000
        ks_205                      0.0001040701062000000    1.000000000000000   0.0000000000000000
        ks_206                      1.000000000000000e-05    1.000000000000000   0.0000000000000000
        ks_207                      0.0001022501701000000    1.000000000000000   0.0000000000000000
        ks_208                      1.387534320000000e-05    1.000000000000000   0.0000000000000000
        ks_209                      0.0002948915779000000    1.000000000000000   0.0000000000000000
         ks_21                      0.6650396494620000    1.000000000000000   0.0000000000000000
        ks_210                      8.680010000000000e-05    1.000000000000000   0.0000000000000000
        ks_211                      8.820732743000000e-05    1.000000000000000   0.0000000000000000
        ks_212                      0.0001026311097000000    1.000000000000000   0.0000000000000000
        ks_213                      9.570798365000000e-05    1.000000000000000   0.0000000000000000
        ks_214                      9.920842284000000e-05    1.000000000000000   0.0000000000000000
        ks_215                      9.820820867000000e-05    1.000000000000000   0.0000000000000000
        ks_216                      0.0001003302965000000    1.000000000000000   0.0000000000000000
        ks_217                      9.592724882000000e-05    1.000000000000000   0.0000000000000000
        ks_218                      5.191816576000000e-05    1.000000000000000   0.0000000000000000
        ks_219                      0.0001038931478000000    1.000000000000000   0.0000000000000000
         ks_22                      0.4505729263810000    1.000000000000000   0.0000000000000000
        ks_220                      9.251505804000000e-05    1.000000000000000   0.0000000000000000
        ks_221                      0.0001336271005000000    1.000000000000000   0.0000000000000000
        ks_222                      0.0001088501386000000    1.000000000000000   0.0000000000000000
        ks_223                      0.0001163708962000000    1.000000000000000   0.0000000000000000
        ks_224                      9.990689800999999e-05    1.000000000000000   0.0000000000000000
        ks_225                      1.010095158000000e-05    1.000000000000000   0.0000000000000000
        ks_226                      0.0001059656863000000    1.000000000000000   0.0000000000000000
        ks_227                      8.692199693000000e-05    1.000000000000000   0.0000000000000000
        ks_228                      8.854783296000000e-05    1.000000000000000   0.0000000000000000
        ks_229                      0.0004269279652000000    1.000000000000000   0.0000000000000000
         ks_23                      250.3563170000000    1.000000000000000   0.0000000000000000
        ks_230                      1.009860000000000e-05    1.000000000000000   0.0000000000000000
        ks_231                      3.002139322000000e-05    1.000000000000000   0.0000000000000000
        ks_232                      0.0003542896999000000    1.000000000000000   0.0000000000000000
        ks_233                      6.090487853000000e-05    1.000000000000000   0.0000000000000000
         ks_24                      0.04916736103000000    1.000000000000000   0.0000000000000000
         ks_25                      0.08717910000000000    1.000000000000000   0.0000000000000000
         ks_26                      500.0000000000000    1.000000000000000   0.0000000000000000
         ks_27                      0.7551351474730000    1.000000000000000   0.0000000000000000
         ks_28                      0.3947740000000000    1.000000000000000   0.0000000000000000
         ks_29                      3.252094689137000    1.000000000000000   0.0000000000000000
          ks_3                      0.7170119456000000    1.000000000000000   0.0000000000000000
         ks_30                      1.000464020000000e-05    1.000000000000000   0.0000000000000000
         ks_31                      2.632043269926000    1.000000000000000   0.0000000000000000
         ks_32                      0.0001998106410000000    1.000000000000000   0.0000000000000000
         ks_33                      0.09858080774200000    1.000000000000000   0.0000000000000000
         ks_34                      51.76807632419000    1.000000000000000   0.0000000000000000
         ks_35                      0.0001963960000000000    1.000000000000000   0.0000000000000000
         ks_36                      0.0006033521390000000    1.000000000000000   0.0000000000000000
         ks_37                      0.0002256204440000000    1.000000000000000   0.0000000000000000
         ks_38                      0.2133441945230000    1.000000000000000   0.0000000000000000
         ks_39                      0.0001958515700000000    1.000000000000000   0.0000000000000000
          ks_4                      6.148569658370000    1.000000000000000   0.0000000000000000
         ks_40                      0.6468194101520000    1.000000000000000   0.0000000000000000
         ks_41                      1.142899098467000    1.000000000000000   0.0000000000000000
         ks_42                      2.257382770768000    1.000000000000000   0.0000000000000000
         ks_43                      0.2665855443990000    1.000000000000000   0.0000000000000000
         ks_44                      0.4872840050740000    1.000000000000000   0.0000000000000000
         ks_45                      0.01603352419300000    1.000000000000000   0.0000000000000000
         ks_46                      1.612815219886000    1.000000000000000   0.0000000000000000
         ks_47                      5.351017627646000    1.000000000000000   0.0000000000000000
         ks_48                      8.400375877023000    1.000000000000000   0.0000000000000000
         ks_49                      0.0002067705720000000    1.000000000000000   0.0000000000000000
          ks_5                      44.79340000000000    1.000000000000000   0.0000000000000000
         ks_50                      2.942694114835000    1.000000000000000   0.0000000000000000
         ks_51                      4.593844540000000e-05    1.000000000000000   0.0000000000000000
         ks_52                      0.03441750176200000    1.000000000000000   0.0000000000000000
         ks_53                      4.945830849355000    1.000000000000000   0.0000000000000000
         ks_54                      0.01774070000000000    1.000000000000000   0.0000000000000000
         ks_55                      20.52747192965000    1.000000000000000   0.0000000000000000
         ks_56                      72.88326533294000    1.000000000000000   0.0000000000000000
         ks_57                      5.940082687391000    1.000000000000000   0.0000000000000000
         ks_58                      0.3098350000000000    1.000000000000000   0.0000000000000000
         ks_59                      0.006395419480000000    1.000000000000000   0.0000000000000000
          ks_6                      226.4340100000000    1.000000000000000   0.0000000000000000
         ks_60                      5.020048817894000    1.000000000000000   0.0000000000000000
         ks_61                      0.02844499348300000    1.000000000000000   0.0000000000000000
         ks_62                      0.2777044974790000    1.000000000000000   0.0000000000000000
         ks_63                      10.57388257927000    1.000000000000000   0.0000000000000000
         ks_64                      0.0006178350400000000    1.000000000000000   0.0000000000000000
         ks_65                      0.001892469830000000    1.000000000000000   0.0000000000000000
         ks_66                      5.527146755458000    1.000000000000000   0.0000000000000000
         ks_67                      8.814656213971000    1.000000000000000   0.0000000000000000
         ks_68                      0.009271563930000001    1.000000000000000   0.0000000000000000
         ks_69                      0.7380150600430000    1.000000000000000   0.0000000000000000
          ks_7                      1.020063000000000e-05    1.000000000000000   0.0000000000000000
         ks_70                      3.772075799616000    1.000000000000000   0.0000000000000000
         ks_71                      1.000000000000000e-05    1.000000000000000   0.0000000000000000
         ks_72                      8.790951070000000e-05    1.000000000000000   0.0000000000000000
         ks_73                      0.0001127942000000000    1.000000000000000   0.0000000000000000
         ks_74                      9.330750240000000e-05    1.000000000000000   0.0000000000000000
         ks_75                      1.417962940000000e-05    1.000000000000000   0.0000000000000000
         ks_76                      0.0001919780000000000    1.000000000000000   0.0000000000000000
         ks_77                      0.0001022854050000000    1.000000000000000   0.0000000000000000
         ks_78                      1.619173060000000e-05    1.000000000000000   0.0000000000000000
         ks_79                      1.000000000000000e-05    1.000000000000000   0.0000000000000000
          ks_8                      1.000083200000000e-05    1.000000000000000   0.0000000000000000
         ks_80                      261.7320000000000    1.000000000000000   0.0000000000000000
         ks_81                      9.040760180000000e-05    1.000000000000000   0.0000000000000000
         ks_82                      33.47493687218000    1.000000000000000   0.0000000000000000
         ks_83                      6.574640836510000    1.000000000000000   0.0000000000000000
         ks_84                      9.050770959999999e-05    1.000000000000000   0.0000000000000000
         ks_85                      1.289653650000000e-05    1.000000000000000   0.0000000000000000
         ks_86                      0.0001322770000000000    1.000000000000000   0.0000000000000000
         ks_87                      500.0000000000000    1.000000000000000   0.0000000000000000
         ks_88                      17.08287137956000    1.000000000000000   0.0000000000000000
         ks_89                      8.020666279999999e-05    1.000000000000000   0.0000000000000000
          ks_9                      8.246873468450000    1.000000000000000   0.0000000000000000
         ks_90                      4.484010000000000    1.000000000000000   0.0000000000000000
         ks_91                      14.46417745393000    1.000000000000000   0.0000000000000000
         ks_92                      0.0001140532180000000    1.000000000000000   0.0000000000000000
         ks_93                      0.04174413528300000    1.000000000000000   0.0000000000000000
         ks_94                      3.161827380000000e-05    1.000000000000000   0.0000000000000000
         ks_95                      0.0001000203090000000    1.000000000000000   0.0000000000000000
         ks_96                      0.0001729557660000000    1.000000000000000   0.0000000000000000
         ks_97                      5.517070000000000e-05    1.000000000000000   0.0000000000000000
         ks_98                      0.0001146001000000000    1.000000000000000   0.0000000000000000
         ks_99                      0.0001065658430000000    1.000000000000000   0.0000000000000000
    lak_cond_1                      1.000000000000000    1.000000000000000   0.0000000000000000
   lak_cond_12                      0.9944947329446026    1.000000000000000   0.0000000000000000
    lak_cond_2                      1.000000000000000    1.000000000000000   0.0000000000000000
         pet_1                      9.500000000000001e-05    1.000000000000000   0.0000000000000000
 pond_recharge                      11741.45639342062    1.000000000000000   0.0000000000000000
       sfr_k_1                      0.09863365256466999    1.000000000000000   0.0000000000000000
      sfr_k_10                      0.09980630000000000    1.000000000000000   0.0000000000000000
      sfr_k_11                      0.09975090000000000    1.000000000000000   0.0000000000000000
      sfr_k_12                      0.1000000000000000    1.000000000000000   0.0000000000000000
      sfr_k_13                      0.1000082232233920    1.000000000000000   0.0000000000000000
      sfr_k_14                      0.09885620000000001    1.000000000000000   0.0000000000000000
      sfr_k_15                      0.1001550678859930    1.000000000000000   0.0000000000000000
      sfr_k_16                      0.09945430000000000    1.000000000000000   0.0000000000000000
      sfr_k_17                      0.09851459999999999    1.000000000000000   0.0000000000000000
      sfr_k_18                      0.1023522908443360    1.000000000000000   0.0000000000000000
      sfr_k_19                      0.1000521247675100    1.000000000000000   0.0000000000000000
       sfr_k_2                      0.09962630000000000    1.000000000000000   0.0000000000000000
      sfr_k_20                      0.1000654938618600    1.000000000000000   0.0000000000000000
      sfr_k_21                      0.1000411863564210    1.000000000000000   0.0000000000000000
      sfr_k_22                      0.09904901278795000    1.000000000000000   0.0000000000000000
       sfr_k_3                      0.09145962375114999    1.000000000000000   0.0000000000000000
       sfr_k_4                      0.1012751121169700    1.000000000000000   0.0000000000000000
       sfr_k_5                      0.09999640000000000    1.000000000000000   0.0000000000000000
       sfr_k_6                      0.1004621408069300    1.000000000000000   0.0000000000000000
       sfr_k_7                      0.09910411785030999    1.000000000000000   0.0000000000000000
       sfr_k_8                      0.09991970000000000    1.000000000000000   0.0000000000000000
       sfr_k_9                      0.1000933201054400    1.000000000000000   0.0000000000000000
     spill_447                      185.0599976000000    1.000000000000000   0.0000000000000000
     spill_449                      146.6000061000000    1.000000000000000   0.0000000000000000
     spill_688                      8.230382488593554    1.000000000000000   0.0000000000000000
     surfk_1_1                      0.0002509201034151000    1.000000000000000   0.0000000000000000
    surfk_1_10                      0.0002513242910650600    1.000000000000000   0.0000000000000000
    surfk_1_11                      0.0002511958410989800    1.000000000000000   0.0000000000000000
    surfk_1_12                      0.0002512187592556200    1.000000000000000   0.0000000000000000
    surfk_1_13                      0.0002511890000000000    1.000000000000000   0.0000000000000000
    surfk_1_14                      0.0002512099010877200    1.000000000000000   0.0000000000000000
    surfk_1_15                      0.0002511868449795400    1.000000000000000   0.0000000000000000
    surfk_1_16                      0.0002511830000000000    1.000000000000000   0.0000000000000000
    surfk_1_17                      0.0002512098208250600    1.000000000000000   0.0000000000000000
    surfk_1_18                      0.0002512633264482400    1.000000000000000   0.0000000000000000
    surfk_1_19                      0.0002512099972388200    1.000000000000000   0.0000000000000000
     surfk_1_2                      0.0002511660000000000    1.000000000000000   0.0000000000000000
    surfk_1_21                      0.0002511890000000000    1.000000000000000   0.0000000000000000
     surfk_1_3                      0.0002512100225438000    1.000000000000000   0.0000000000000000
     surfk_1_4                      0.0003983033872097000    1.000000000000000   0.0000000000000000
     surfk_1_5                      0.0003979687975855000    1.000000000000000   0.0000000000000000
     surfk_1_6                      0.0002512078159182000    1.000000000000000   0.0000000000000000
     surfk_1_8                      0.0002498061374736000    1.000000000000000   0.0000000000000000
     surfk_1_9                      0.0002513222483145000    1.000000000000000   0.0000000000000000
     surfk_2_1                      0.0002513753969571000    1.000000000000000   0.0000000000000000
    surfk_2_10                      0.0002512101261335300    1.000000000000000   0.0000000000000000
    surfk_2_11                      0.0002511945532469100    1.000000000000000   0.0000000000000000
    surfk_2_12                      0.0002512342439246100    1.000000000000000   0.0000000000000000
    surfk_2_14                      0.0001584890000000000    1.000000000000000   0.0000000000000000
    surfk_2_15                      0.0001585015313713600    1.000000000000000   0.0000000000000000
    surfk_2_16                      0.0001585024334606900    1.000000000000000   0.0000000000000000
    surfk_2_17                      0.0001585024925911600    1.000000000000000   0.0000000000000000
    surfk_2_18                      0.0001583680000000000    1.000000000000000   0.0000000000000000
    surfk_2_19                      0.0001585027527285200    1.000000000000000   0.0000000000000000
     surfk_2_2                      0.0001000118507783000    1.000000000000000   0.0000000000000000
    surfk_2_20                      0.0006310103105597600    1.000000000000000   0.0000000000000000
    surfk_2_21                      0.0001585026761509500    1.000000000000000   0.0000000000000000
    surfk_2_22                      0.0001585441025105800    1.000000000000000   0.0000000000000000
     surfk_2_3                      0.0001000083292539000    1.000000000000000   0.0000000000000000
     surfk_2_4                      0.0002512172237934000    1.000000000000000   0.0000000000000000
     surfk_2_5                      0.0002514991424799000    1.000000000000000   0.0000000000000000
     surfk_2_6                      0.0001584957215102000    1.000000000000000   0.0000000000000000
     surfk_2_7                      0.0002511890000000000    1.000000000000000   0.0000000000000000
     surfk_2_8                      0.0002512091315355000    1.000000000000000   0.0000000000000000
     surfk_2_9                      0.0002511879538255000    1.000000000000000   0.0000000000000000
     surfk_3_1                      3.003374093493000e-08    1.000000000000000   0.0000000000000000
    surfk_3_10                      3.090000000000000e-08    1.000000000000000   0.0000000000000000
    surfk_3_11                      3.090000000000000e-08    1.000000000000000   0.0000000000000000
    surfk_3_12                      3.089500764839300e-08    1.000000000000000   0.0000000000000000
    surfk_3_13                      3.090257373943100e-08    1.000000000000000   0.0000000000000000
    surfk_3_14                      3.090262096147100e-08    1.000000000000000   0.0000000000000000
    surfk_3_15                      3.072988724799000e-08    1.000000000000000   0.0000000000000000
    surfk_3_16                      1.000082772774500e-07    1.000000000000000   0.0000000000000000
    surfk_3_17                      3.090010000000000e-08    1.000000000000000   0.0000000000000000
    surfk_3_18                      3.090260273882000e-08    1.000000000000000   0.0000000000000000
    surfk_3_19                      3.090248174254400e-08    1.000000000000000   0.0000000000000000
     surfk_3_2                      3.072988724799000e-08    1.000000000000000   0.0000000000000000
    surfk_3_20                      1.150094350034400e-07    1.000000000000000   0.0000000000000000
    surfk_3_21                      3.090256020398400e-08    1.000000000000000   0.0000000000000000
    surfk_3_22                      3.090250490581800e-08    1.000000000000000   0.0000000000000000
     surfk_3_3                      3.072988724798000e-08    1.000000000000000   0.0000000000000000
     surfk_3_4                      3.072988724798000e-08    1.000000000000000   0.0000000000000000
     surfk_3_5                      3.090256449862000e-08    1.000000000000000   0.0000000000000000
     surfk_3_6                      1.000000000000000e-07    1.000000000000000   0.0000000000000000
     surfk_3_7                      3.072988724798000e-08    1.000000000000000   0.0000000000000000
     surfk_3_8                      3.090715733804000e-08    1.000000000000000   0.0000000000000000
     surfk_3_9                      3.090263455644000e-08    1.000000000000000   0.0000000000000000
   vka_ratio_1                      0.1011352350740543    1.000000000000000   0.0000000000000000
   vka_ratio_2                      0.1005879429939926    1.000000000000000   0.0000000000000000
   vka_ratio_3                      0.09999930000000000    1.000000000000000   0.0000000000000000
       vks_1_1                      0.0002511890000000000    1.000000000000000   0.0000000000000000
      vks_1_10                      0.0002511890000000000    1.000000000000000   0.0000000000000000
      vks_1_11                      0.0002511890000000000    1.000000000000000   0.0000000000000000
      vks_1_12                      0.0002511890000000000    1.000000000000000   0.0000000000000000
      vks_1_13                      0.0002511890000000000    1.000000000000000   0.0000000000000000
      vks_1_14                      0.0002511890000000000    1.000000000000000   0.0000000000000000
      vks_1_15                      0.0002511890000000000    1.000000000000000   0.0000000000000000
      vks_1_16                      0.0002511890000000000    1.000000000000000   0.0000000000000000
      vks_1_17                      0.0002511890000000000    1.000000000000000   0.0000000000000000
      vks_1_18                      0.0002511890000000000    1.000000000000000   0.0000000000000000
      vks_1_19                      0.0002511890000000000    1.000000000000000   0.0000000000000000
       vks_1_2                      0.0002511890000000000    1.000000000000000   0.0000000000000000
      vks_1_21                      0.0002511890000000000    1.000000000000000   0.0000000000000000
       vks_1_3                      0.0002511890000000000    1.000000000000000   0.0000000000000000
       vks_1_4                      0.0003981070000000000    1.000000000000000   0.0000000000000000
       vks_1_5                      0.0003981070000000000    1.000000000000000   0.0000000000000000
       vks_1_6                      0.0002511890000000000    1.000000000000000   0.0000000000000000
       vks_1_8                      0.0002511890000000000    1.000000000000000   0.0000000000000000
       vks_1_9                      0.0002511890000000000    1.000000000000000   0.0000000000000000
       vks_2_1                      0.0002511890000000000    1.000000000000000   0.0000000000000000
      vks_2_10                      0.0002511890000000000    1.000000000000000   0.0000000000000000
      vks_2_11                      0.0002511890000000000    1.000000000000000   0.0000000000000000
      vks_2_12                      0.0002511890000000000    1.000000000000000   0.0000000000000000
      vks_2_14                      0.0001584890000000000    1.000000000000000   0.0000000000000000
      vks_2_15                      0.0001584890000000000    1.000000000000000   0.0000000000000000
      vks_2_16                      0.0001584890000000000    1.000000000000000   0.0000000000000000
      vks_2_17                      0.0001584890000000000    1.000000000000000   0.0000000000000000
      vks_2_18                      0.0001584890000000000    1.000000000000000   0.0000000000000000
      vks_2_19                      0.0001584890000000000    1.000000000000000   0.0000000000000000
       vks_2_2                      0.0001000000000000000    1.000000000000000   0.0000000000000000
      vks_2_20                      0.0006309570000000000    1.000000000000000   0.0000000000000000
      vks_2_21                      0.0001584890000000000    1.000000000000000   0.0000000000000000
      vks_2_22                      0.0001584890000000000    1.000000000000000   0.0000000000000000
       vks_2_3                      0.0001000000000000000    1.000000000000000   0.0000000000000000
       vks_2_4                      0.0002511890000000000    1.000000000000000   0.0000000000000000
       vks_2_5                      0.0002511890000000000    1.000000000000000   0.0000000000000000
       vks_2_6                      0.0001584890000000000    1.000000000000000   0.0000000000000000
       vks_2_7                      0.0002511890000000000    1.000000000000000   0.0000000000000000
       vks_2_8                      0.0002511890000000000    1.000000000000000   0.0000000000000000
       vks_2_9                      0.0002511890000000000    1.000000000000000   0.0000000000000000
       vks_3_1                      3.020000000000000e-08    1.000000000000000   0.0000000000000000
      vks_3_10                      3.090000000000000e-08    1.000000000000000   0.0000000000000000
      vks_3_11                      3.090000000000000e-08    1.000000000000000   0.0000000000000000
      vks_3_12                      3.090000000000000e-08    1.000000000000000   0.0000000000000000
      vks_3_13                      3.090000000000000e-08    1.000000000000000   0.0000000000000000
      vks_3_14                      3.090000000000000e-08    1.000000000000000   0.0000000000000000
      vks_3_15                      3.090000000000000e-08    1.000000000000000   0.0000000000000000
      vks_3_16                      1.000000000000000e-07    1.000000000000000   0.0000000000000000
      vks_3_17                      3.090000000000000e-08    1.000000000000000   0.0000000000000000
      vks_3_18                      3.090000000000000e-08    1.000000000000000   0.0000000000000000
      vks_3_19                      3.090000000000000e-08    1.000000000000000   0.0000000000000000
       vks_3_2                      3.090000000000000e-08    1.000000000000000   0.0000000000000000
      vks_3_20                      1.150000000000000e-07    1.000000000000000   0.0000000000000000
      vks_3_21                      3.090000000000000e-08    1.000000000000000   0.0000000000000000
      vks_3_22                      3.090000000000000e-08    1.000000000000000   0.0000000000000000
       vks_3_3                      3.090000000000000e-08    1.000000000000000   0.0000000000000000
       vks_3_4                      3.090000000000000e-08    1.000000000000000   0.0000000000000000
       vks_3_5                      3.090000000000000e-08    1.000000000000000   0.0000000000000000
       vks_3_6                      1.000000000000000e-07    1.000000000000000   0.0000000000000000
       vks_3_7                      3.090000000000000e-08    1.000000000000000   0.0000000000000000
       vks_3_8                      3.090000000000000e-08    1.000000000000000   0.0000000000000000
       vks_3_9                      3.090000000000000e-08    1.000000000000000   0.0000000000000000
