single point
        finf_1                      0.4830353000000000    1.000000000000000   0.0000000000000000
       finf_10                      0.4725046550000000    1.000000000000000   0.0000000000000000
       finf_11                      0.4725046520000000    1.000000000000000   0.0000000000000000
       finf_12                      0.4725046520000000    1.000000000000000   0.0000000000000000
       finf_13                      0.4725046250000000    1.000000000000000   0.0000000000000000
       finf_14                      0.4830353020000000    1.000000000000000   0.0000000000000000
       finf_15                      0.4830353000000000    1.000000000000000   0.0000000000000000
       finf_16                      0.4830353000000000    1.000000000000000   0.0000000000000000
       finf_17                      0.4830352960000000    1.000000000000000   0.0000000000000000
       finf_18                      0.4830353000000000    1.000000000000000   0.0000000000000000
       finf_19                      0.4830353020000000    1.000000000000000   0.0000000000000000
        finf_2                      0.4830352990000000    1.000000000000000   0.0000000000000000
       finf_20                      0.5284619410000000    1.000000000000000   0.0000000000000000
       finf_21                      0.4830353010000000    1.000000000000000   0.0000000000000000
       finf_22                      0.4830353040000000    1.000000000000000   0.0000000000000000
        finf_3                      0.4830353050000000    1.000000000000000   0.0000000000000000
        finf_4                      0.4105800060000000    1.000000000000000   0.0000000000000000
        finf_5                      0.4105800060000000    1.000000000000000   0.0000000000000000
        finf_6                      0.4830352990000000    1.000000000000000   0.0000000000000000
        finf_7                      0.4725046530000000    1.000000000000000   0.0000000000000000
        finf_8                      0.4725046500000000    1.000000000000000   0.0000000000000000
        finf_9                      0.4725046480000000    1.000000000000000   0.0000000000000000
          ks_1                      0.8158106827800000    1.000000000000000   0.0000000000000000
         ks_10                      1.766538789650000    1.000000000000000   0.0000000000000000
        ks_100                      1.000000000000000e-05    1.000000000000000   0.0000000000000000
        ks_101                      0.0008432958301000000    1.000000000000000   0.0000000000000000
        ks_102                      7.960003135000000e-05    1.000000000000000   0.0000000000000000
        ks_103                      0.0004375995165000000    1.000000000000000   0.0000000000000000
        ks_104                      1.000000000000000e-05    1.000000000000000   0.0000000000000000
        ks_105                      1.010021555000000e-05    1.000000000000000   0.0000000000000000
        ks_106                      0.0001451331812000000    1.000000000000000   0.0000000000000000
        ks_107                      0.0003132744646000000    1.000000000000000   0.0000000000000000
        ks_108                      4.339605619873600    1.000000000000000   0.0000000000000000
        ks_109                      6.885323512804900    1.000000000000000   0.0000000000000000
         ks_11                      0.3259123251440000    1.000000000000000   0.0000000000000000
        ks_110                      3.929251030412300    1.000000000000000   0.0000000000000000
        ks_111                      4.822450000000000    1.000000000000000   0.0000000000000000
        ks_112                      3.138930274420700    1.000000000000000   0.0000000000000000
        ks_113                      1.060803030169700    1.000000000000000   0.0000000000000000
        ks_114                      7.758369537093500    1.000000000000000   0.0000000000000000
        ks_115                      6.430000785267400    1.000000000000000   0.0000000000000000
        ks_116                      0.3976358195961000    1.000000000000000   0.0000000000000000
        ks_117                      13.40515692657100    1.000000000000000   0.0000000000000000
        ks_118                      2.037634627060400    1.000000000000000   0.0000000000000000
        ks_119                      10.45538118059200    1.000000000000000   0.0000000000000000
         ks_12                      8.950795686193000    1.000000000000000   0.0000000000000000
        ks_120                      0.1598145289185000    1.000000000000000   0.0000000000000000
        ks_121                      2.147793751916200    1.000000000000000   0.0000000000000000
        ks_122                      38.50396430026600    1.000000000000000   0.0000000000000000
        ks_123                      11.21525268698200    1.000000000000000   0.0000000000000000
        ks_124                      2.007246968307400    1.000000000000000   0.0000000000000000
        ks_125                      499.5594149000000    1.000000000000000   0.0000000000000000
        ks_126                      500.0000000000000    1.000000000000000   0.0000000000000000
        ks_127                      1.949505045155100    1.000000000000000   0.0000000000000000
        ks_128                      3.355645820209900    1.000000000000000   0.0000000000000000
        ks_129                      5.993689386677200    1.000000000000000   0.0000000000000000
         ks_13                      1.727930551517000    1.000000000000000   0.0000000000000000
        ks_130                      14.21862867225600    1.000000000000000   0.0000000000000000
        ks_131                      0.0002011944394000000    1.000000000000000   0.0000000000000000
        ks_132                      0.0002001222472000000    1.000000000000000   0.0000000000000000
        ks_133                      0.0002019603087000000    1.000000000000000   0.0000000000000000
        ks_134                      0.02629180018860000    1.000000000000000   0.0000000000000000
        ks_135                      0.0001587071863000000    1.000000000000000   0.0000000000000000
        ks_136                      0.0002910471613000000    1.000000000000000   0.0000000000000000
        ks_137                      0.004195914091000000    1.000000000000000   0.0000000000000000
        ks_138                      6.308145476673600    1.000000000000000   0.0000000000000000
        ks_139                      0.0002288622858000000    1.000000000000000   0.0000000000000000
         ks_14                      4.540489700949000    1.000000000000000   0.0000000000000000
        ks_140                      14.53129444499600    1.000000000000000   0.0000000000000000
        ks_141                      0.0001978271461000000    1.000000000000000   0.0000000000000000
        ks_142                      0.0001998922497000000    1.000000000000000   0.0000000000000000
        ks_143                      0.001743421672000000    1.000000000000000   0.0000000000000000
        ks_144                      1.009931249219800    1.000000000000000   0.0000000000000000
        ks_145                      28.94709262654900    1.000000000000000   0.0000000000000000
        ks_146                      5.733679289667200    1.000000000000000   0.0000000000000000
        ks_147                      4.049873075268500    1.000000000000000   0.0000000000000000
        ks_148                      5.998356599095900    1.000000000000000   0.0000000000000000
        ks_149                      0.0002640823316000000    1.000000000000000   0.0000000000000000
         ks_15                      2.719965599265000    1.000000000000000   0.0000000000000000
        ks_150                      7.222363571810800    1.000000000000000   0.0000000000000000
        ks_151                      6.005992190905100    1.000000000000000   0.0000000000000000
        ks_152                      0.09774516555420000    1.000000000000000   0.0000000000000000
        ks_153                      37.37953439452900    1.000000000000000   0.0000000000000000
        ks_154                      56.28150000000000    1.000000000000000   0.0000000000000000
        ks_155                      0.0001957581266000000    1.000000000000000   0.0000000000000000
        ks_156                      0.1850031882262000    1.000000000000000   0.0000000000000000
        ks_157                      0.1902609886864000    1.000000000000000   0.0000000000000000
        ks_158                      0.6247746626097000    1.000000000000000   0.0000000000000000
        ks_159                      0.02677844516410000    1.000000000000000   0.0000000000000000
         ks_16                      500.0000000000000    1.000000000000000   0.0000000000000000
        ks_160                      1.031622239179400    1.000000000000000   0.0000000000000000
        ks_161                      339.9787359000000    1.000000000000000   0.0000000000000000
        ks_162                      0.1866566327798000    1.000000000000000   0.0000000000000000
        ks_163                      0.06878963745590000    1.000000000000000   0.0000000000000000
        ks_164                      0.05453009603370000    1.000000000000000   0.0000000000000000
        ks_165                      6.221163954791300    1.000000000000000   0.0000000000000000
        ks_166                      0.01565078661320000    1.000000000000000   0.0000000000000000
        ks_167                      0.03794710102850000    1.000000000000000   0.0000000000000000
        ks_168                      0.1242877670434000    1.000000000000000   0.0000000000000000
        ks_169                      0.0002633818006000000    1.000000000000000   0.0000000000000000
         ks_17                      1.669570971752000    1.000000000000000   0.0000000000000000
        ks_170                      0.002033879300000000    1.000000000000000   0.0000000000000000
        ks_171                      1.082566330943500    1.000000000000000   0.0000000000000000
        ks_172                      0.01919781030980000    1.000000000000000   0.0000000000000000
        ks_173                      0.007996653408000000    1.000000000000000   0.0000000000000000
        ks_174                      5.844935564892500    1.000000000000000   0.0000000000000000
        ks_175                      0.1251746454863000    1.000000000000000   0.0000000000000000
        ks_176                      0.004517118502000000    1.000000000000000   0.0000000000000000
        ks_177                      1.108467603367100    1.000000000000000   0.0000000000000000
        ks_178                      0.0002008206355000000    1.000000000000000   0.0000000000000000
        ks_179                      2.061860602100200    1.000000000000000   0.0000000000000000
         ks_18                      2.527054050048000    1.000000000000000   0.0000000000000000
        ks_180                      1.909876864000000e-05    1.000000000000000   0.0000000000000000
        ks_181                      0.3135838393202000    1.000000000000000   0.0000000000000000
        ks_182                      4.853115888406200    1.000000000000000   0.0000000000000000
        ks_183                      0.9627794815592000    1.000000000000000   0.0000000000000000
        ks_184                      0.0004040113612000000    1.000000000000000   0.0000000000000000
        ks_185                      9.559929765000000e-05    1.000000000000000   0.0000000000000000
        ks_186                      9.830012276999999e-05    1.000000000000000   0.0000000000000000
        ks_187                      0.0001093910000000000    1.000000000000000   0.0000000000000000
        ks_188                      0.0003936710000000000    1.000000000000000   0.0000000000000000
        ks_189                      0.0001123281341000000    1.000000000000000   0.0000000000000000
         ks_19                      44.72269228415000    1.000000000000000   0.0000000000000000
        ks_190                      1.000000000000000e-05    1.000000000000000   0.0000000000000000
        ks_191                      0.0001009482664000000    1.000000000000000   0.0000000000000000
        ks_192                      0.0001287070000000000    1.000000000000000   0.0000000000000000
        ks_193                      1.012920000000000e-05    1.000000000000000   0.0000000000000000
        ks_194                      1.000658977000000e-05    1.000000000000000   0.0000000000000000
        ks_195                      0.0007756534546000000    1.000000000000000   0.0000000000000000
        ks_196                      1.000000000000000e-05    1.000000000000000   0.0000000000000000
        ks_197                      0.0001311039016000000    1.000000000000000   0.0000000000000000
        ks_198                      0.0001687443190000000    1.000000000000000   0.0000000000000000
        ks_199                      1.120004008000000e-05    1.000000000000000   0.0000000000000000
          ks_2                      0.03094740359000000    1.000000000000000   0.0000000000000000
         ks_20                      0.3389654160460000    1.000000000000000   0.0000000000000000
        ks_200                      1.020000000000000e-05    1.000000000000000   0.0000000000000000
        ks_201                      1.100421770000000e-05    1.000000000000000   0.0000000000000000
        ks_202                      0.0001015436864000000    1.000000000000000   0.0000000000000000
        ks_203                      0.0001137729593000000    1.000000000000000   0.0000000000000000
        ks_204                      9.900854331000000e-05    1.000000000000000   0.0000000000000000
        ks_205                      0.0001040682138000000    1.000000000000000   0.0000000000000000
        ks_206                      1.000000000000000e-05    1.000000000000000   0.0000000000000000
        ks_207                      0.0001022557947000000    1.000000000000000   0.0000000000000000
        ks_208                      1.388649784000000e-05    1.000000000000000   0.0000000000000000
        ks_209                      0.0002944712064000000    1.000000000000000   0.0000000000000000
         ks_21                      0.6676618717020000    1.000000000000000   0.0000000000000000
        ks_210                      8.680010840999999e-05    1.000000000000000   0.0000000000000000
        ks_211                      8.820011015999999e-05    1.000000000000000   0.0000000000000000
        ks_212                      0.0001026120126000000    1.000000000000000   0.0000000000000000
        ks_213                      9.570011952000000e-05    1.000000000000000   0.0000000000000000
        ks_214                      9.920028409999999e-05    1.000000000000000   0.0000000000000000
        ks_215                      9.820012264000000e-05    1.000000000000000   0.0000000000000000
        ks_216                      0.0001003173518000000    1.000000000000000   0.0000000000000000
        ks_217                      9.627868507000000e-05    1.000000000000000   0.0000000000000000
        ks_218                      5.250020767000000e-05    1.000000000000000   0.0000000000000000
        ks_219                      0.0001038905230000000    1.000000000000000   0.0000000000000000
         ks_22                      0.4505620321550000    1.000000000000000   0.0000000000000000
        ks_220                      9.250746839999999e-05    1.000000000000000   0.0000000000000000
        ks_221                      0.0001336161669000000    1.000000000000000   0.0000000000000000
        ks_222                      0.0001088413158000000    1.000000000000000   0.0000000000000000
        ks_223                      0.0001164790000000000    1.000000000000000   0.0000000000000000
        ks_224                      9.989886237000001e-05    1.000000000000000   0.0000000000000000
        ks_225                      1.010004939000000e-05    1.000000000000000   0.0000000000000000
        ks_226                      0.0001059552656000000    1.000000000000000   0.0000000000000000
        ks_227                      8.690500172000001e-05    1.000000000000000   0.0000000000000000
        ks_228                      8.872524484000000e-05    1.000000000000000   0.0000000000000000
        ks_229                      0.0004267969742000000    1.000000000000000   0.0000000000000000
         ks_23                      249.9550180000000    1.000000000000000   0.0000000000000000
        ks_230                      1.009859136000000e-05    1.000000000000000   0.0000000000000000
        ks_231                      3.019928753000000e-05    1.000000000000000   0.0000000000000000
        ks_232                      0.0003542606351000000    1.000000000000000   0.0000000000000000
        ks_233                      6.090008956000000e-05    1.000000000000000   0.0000000000000000
         ks_24                      0.04940222150400000    1.000000000000000   0.0000000000000000
         ks_25                      0.08717911831500000    1.000000000000000   0.0000000000000000
         ks_26                      500.0000000000000    1.000000000000000   0.0000000000000000
         ks_27                      0.7631007227570000    1.000000000000000   0.0000000000000000
         ks_28                      0.3947742545990000    1.000000000000000   0.0000000000000000
         ks_29                      3.270834981656000    1.000000000000000   0.0000000000000000
          ks_3                      0.7167404614000000    1.000000000000000   0.0000000000000000
         ks_30                      1.000144370000000e-05    1.000000000000000   0.0000000000000000
         ks_31                      2.631783539094000    1.000000000000000   0.0000000000000000
         ks_32                      0.0001997942490000000    1.000000000000000   0.0000000000000000
         ks_33                      0.09852770000000000    1.000000000000000   0.0000000000000000
         ks_34                      52.19352821360000    1.000000000000000   0.0000000000000000
         ks_35                      0.0001963955740000000    1.000000000000000   0.0000000000000000
         ks_36                      0.0006032054680000000    1.000000000000000   0.0000000000000000
         ks_37                      0.0002256006780000000    1.000000000000000   0.0000000000000000
         ks_38                      0.2134065877930000    1.000000000000000   0.0000000000000000
         ks_39                      0.0001958356200000000    1.000000000000000   0.0000000000000000
          ks_4                      6.006652598220000    1.000000000000000   0.0000000000000000
         ks_40                      0.6495978914140000    1.000000000000000   0.0000000000000000
         ks_41                      1.142714895636000    1.000000000000000   0.0000000000000000
         ks_42                      2.256088877287000    1.000000000000000   0.0000000000000000
         ks_43                      0.2680369338690000    1.000000000000000   0.0000000000000000
         ks_44                      0.4891710813220000    1.000000000000000   0.0000000000000000
         ks_45                      0.01608681598600000    1.000000000000000   0.0000000000000000
         ks_46                      1.636290000000000    1.000000000000000   0.0000000000000000
         ks_47                      5.375319757665000    1.000000000000000   0.0000000000000000
         ks_48                      8.412358406957001    1.000000000000000   0.0000000000000000
         ks_49                      0.0002077416050000000    1.000000000000000   0.0000000000000000
          ks_5                      44.79342776680000    1.000000000000000   0.0000000000000000
         ks_50                      2.956764899975000    1.000000000000000   0.0000000000000000
         ks_51                      4.590160000000000e-05    1.000000000000000   0.0000000000000000
         ks_52                      0.03437810627200000    1.000000000000000   0.0000000000000000
         ks_53                      4.945560094553000    1.000000000000000   0.0000000000000000
         ks_54                      0.01774065371300000    1.000000000000000   0.0000000000000000
         ks_55                      20.78801798105000    1.000000000000000   0.0000000000000000
         ks_56                      72.84454180304000    1.000000000000000   0.0000000000000000
         ks_57                      6.042825885991000    1.000000000000000   0.0000000000000000
         ks_58                      0.3098347152020000    1.000000000000000   0.0000000000000000
         ks_59                      0.006251330140000000    1.000000000000000   0.0000000000000000
          ks_6                      228.0141300000000    1.000000000000000   0.0000000000000000
         ks_60                      5.045084786995000    1.000000000000000   0.0000000000000000
         ks_61                      0.02844403965700000    1.000000000000000   0.0000000000000000
         ks_62                      0.2774207069740000    1.000000000000000   0.0000000000000000
         ks_63                      10.57308263199000    1.000000000000000   0.0000000000000000
         ks_64                      0.0006178140000000000    1.000000000000000   0.0000000000000000
         ks_65                      0.001893148420000000    1.000000000000000   0.0000000000000000
         ks_66                      5.526686892695000    1.000000000000000   0.0000000000000000
         ks_67                      8.793896794485001    1.000000000000000   0.0000000000000000
         ks_68                      0.009245122709999999    1.000000000000000   0.0000000000000000
         ks_69                      0.7379716502330000    1.000000000000000   0.0000000000000000
          ks_7                      1.019993900000000e-05    1.000000000000000   0.0000000000000000
         ks_70                      3.770217932257000    1.000000000000000   0.0000000000000000
         ks_71                      1.007769710000000e-05    1.000000000000000   0.0000000000000000
         ks_72                      8.778692510000000e-05    1.000000000000000   0.0000000000000000
         ks_73                      0.0001127785100000000    1.000000000000000   0.0000000000000000
         ks_74                      9.330012360000000e-05    1.000000000000000   0.0000000000000000
         ks_75                      1.419760000000000e-05    1.000000000000000   0.0000000000000000
         ks_76                      0.0001919782060000000    1.000000000000000   0.0000000000000000
         ks_77                      0.0001022771280000000    1.000000000000000   0.0000000000000000
         ks_78                      1.619260010000000e-05    1.000000000000000   0.0000000000000000
         ks_79                      1.000000000000000e-05    1.000000000000000   0.0000000000000000
          ks_8                      1.000001200000000e-05    1.000000000000000   0.0000000000000000
         ks_80                      261.7323460000000    1.000000000000000   0.0000000000000000
         ks_81                      9.040011910000001e-05    1.000000000000000   0.0000000000000000
         ks_82                      32.63365063938000    1.000000000000000   0.0000000000000000
         ks_83                      6.573670205696000    1.000000000000000   0.0000000000000000
         ks_84                      9.050007620000000e-05    1.000000000000000   0.0000000000000000
         ks_85                      1.289640000000000e-05    1.000000000000000   0.0000000000000000
         ks_86                      0.0001322771650000000    1.000000000000000   0.0000000000000000
         ks_87                      500.0000000000000    1.000000000000000   0.0000000000000000
         ks_88                      16.47335609298000    1.000000000000000   0.0000000000000000
         ks_89                      8.020010020000000e-05    1.000000000000000   0.0000000000000000
          ks_9                      8.209256819169999    1.000000000000000   0.0000000000000000
         ks_90                      4.484010252996000    1.000000000000000   0.0000000000000000
         ks_91                      14.46302511142000    1.000000000000000   0.0000000000000000
         ks_92                      0.0001139841420000000    1.000000000000000   0.0000000000000000
         ks_93                      0.04175855807500000    1.000000000000000   0.0000000000000000
         ks_94                      3.198148840000000e-05    1.000000000000000   0.0000000000000000
         ks_95                      0.0001000121250000000    1.000000000000000   0.0000000000000000
         ks_96                      0.0001729416060000000    1.000000000000000   0.0000000000000000
         ks_97                      5.517072200000000e-05    1.000000000000000   0.0000000000000000
         ks_98                      0.0001145904490000000    1.000000000000000   0.0000000000000000
         ks_99                      0.0001065571330000000    1.000000000000000   0.0000000000000000
    lak_cond_1                      1.000000000000000    1.000000000000000   0.0000000000000000
   lak_cond_12                      1.000001248927646    1.000000000000000   0.0000000000000000
    lak_cond_2                      1.000000000000000    1.000000000000000   0.0000000000000000
         pet_1                      9.500000000000001e-05    1.000000000000000   0.0000000000000000
 pond_recharge                      11324.00000000000    1.000000000000000   0.0000000000000000
       sfr_k_1                      0.09940236272433001    1.000000000000000   0.0000000000000000
      sfr_k_10                      0.09980632715419700    1.000000000000000   0.0000000000000000
      sfr_k_11                      0.09975093240513500    1.000000000000000   0.0000000000000000
      sfr_k_12                      0.1000000000000000    1.000000000000000   0.0000000000000000
      sfr_k_13                      0.1000001048390190    1.000000000000000   0.0000000000000000
      sfr_k_14                      0.09885620000000001    1.000000000000000   0.0000000000000000
      sfr_k_15                      0.09955348706853399    1.000000000000000   0.0000000000000000
      sfr_k_16                      0.09945432297106600    1.000000000000000   0.0000000000000000
      sfr_k_17                      0.09851460637898800    1.000000000000000   0.0000000000000000
      sfr_k_18                      0.09988820000000000    1.000000000000000   0.0000000000000000
      sfr_k_19                      0.1000446455472360    1.000000000000000   0.0000000000000000
       sfr_k_2                      0.09962633943641000    1.000000000000000   0.0000000000000000
      sfr_k_20                      0.1000183596401030    1.000000000000000   0.0000000000000000
      sfr_k_21                      0.1000119274767070    1.000000000000000   0.0000000000000000
      sfr_k_22                      0.09896430000000001    1.000000000000000   0.0000000000000000
       sfr_k_3                      0.09178373294509000    1.000000000000000   0.0000000000000000
       sfr_k_4                      0.09988285060481999    1.000000000000000   0.0000000000000000
       sfr_k_5                      0.09999636157470999    1.000000000000000   0.0000000000000000
       sfr_k_6                      0.1000750000000000    1.000000000000000   0.0000000000000000
       sfr_k_7                      0.09908441390474999    1.000000000000000   0.0000000000000000
       sfr_k_8                      0.09991970933657000    1.000000000000000   0.0000000000000000
       sfr_k_9                      0.1000389547189000    1.000000000000000   0.0000000000000000
     spill_447                      185.0599976000000    1.000000000000000   0.0000000000000000
     spill_449                      146.6000061000000    1.000000000000000   0.0000000000000000
     spill_688                      8.229600000000000    1.000000000000000   0.0000000000000000
     surfk_1_1                      0.0002511222433510000    1.000000000000000   0.0000000000000000
    surfk_1_10                      0.0002511888603085500    1.000000000000000   0.0000000000000000
    surfk_1_11                      0.0002511793297351000    1.000000000000000   0.0000000000000000
    surfk_1_12                      0.0002511914535434800    1.000000000000000   0.0000000000000000
    surfk_1_13                      0.0002511893137168900    1.000000000000000   0.0000000000000000
    surfk_1_14                      0.0002511893137168900    1.000000000000000   0.0000000000000000
    surfk_1_15                      0.0002511887596929400    1.000000000000000   0.0000000000000000
    surfk_1_16                      0.0002511825290490200    1.000000000000000   0.0000000000000000
    surfk_1_17                      0.0002511893137164900    1.000000000000000   0.0000000000000000
    surfk_1_18                      0.0002512120000000000    1.000000000000000   0.0000000000000000
    surfk_1_19                      0.0002511893137168900    1.000000000000000   0.0000000000000000
     surfk_1_2                      0.0002511658273924000    1.000000000000000   0.0000000000000000
    surfk_1_21                      0.0002511893287941800    1.000000000000000   0.0000000000000000
     surfk_1_3                      0.0002511891580871000    1.000000000000000   0.0000000000000000
     surfk_1_4                      0.0003981178403283000    1.000000000000000   0.0000000000000000
     surfk_1_5                      0.0003981156297703000    1.000000000000000   0.0000000000000000
     surfk_1_6                      0.0002511907892851000    1.000000000000000   0.0000000000000000
     surfk_1_8                      0.0002511893137169000    1.000000000000000   0.0000000000000000
     surfk_1_9                      0.0002511834090330000    1.000000000000000   0.0000000000000000
     surfk_2_1                      0.0002512858831386000    1.000000000000000   0.0000000000000000
    surfk_2_10                      0.0002511892728294300    1.000000000000000   0.0000000000000000
    surfk_2_11                      0.0002511708128145200    1.000000000000000   0.0000000000000000
    surfk_2_12                      0.0002511913954721700    1.000000000000000   0.0000000000000000
    surfk_2_14                      0.0001584892052942300    1.000000000000000   0.0000000000000000
    surfk_2_15                      0.0001584890640798600    1.000000000000000   0.0000000000000000
    surfk_2_16                      0.0001584890301854300    1.000000000000000   0.0000000000000000
    surfk_2_17                      0.0001584891979412900    1.000000000000000   0.0000000000000000
    surfk_2_18                      0.0001583676723965800    1.000000000000000   0.0000000000000000
    surfk_2_19                      0.0001584896209121300    1.000000000000000   0.0000000000000000
     surfk_2_2                      0.0001000020357675000    1.000000000000000   0.0000000000000000
    surfk_2_20                      0.0006309579602663500    1.000000000000000   0.0000000000000000
    surfk_2_21                      0.0001584893331636700    1.000000000000000   0.0000000000000000
    surfk_2_22                      0.0001584891990889600    1.000000000000000   0.0000000000000000
     surfk_2_3                      0.0001000001248928000    1.000000000000000   0.0000000000000000
     surfk_2_4                      0.0002511887234286000    1.000000000000000   0.0000000000000000
     surfk_2_5                      0.0002512939649142000    1.000000000000000   0.0000000000000000
     surfk_2_6                      0.0001584871337038000    1.000000000000000   0.0000000000000000
     surfk_2_7                      0.0002511893137168000    1.000000000000000   0.0000000000000000
     surfk_2_8                      0.0002511887387690000    1.000000000000000   0.0000000000000000
     surfk_2_9                      0.0002511676661879000    1.000000000000000   0.0000000000000000
     surfk_3_1                      3.020003771761000e-08    1.000000000000000   0.0000000000000000
    surfk_3_10                      3.090003859186400e-08    1.000000000000000   0.0000000000000000
    surfk_3_11                      3.090003859186400e-08    1.000000000000000   0.0000000000000000
    surfk_3_12                      3.089247831462200e-08    1.000000000000000   0.0000000000000000
    surfk_3_13                      3.090003859186400e-08    1.000000000000000   0.0000000000000000
    surfk_3_14                      3.090006992673200e-08    1.000000000000000   0.0000000000000000
    surfk_3_15                      3.090003859186400e-08    1.000000000000000   0.0000000000000000
    surfk_3_16                      1.000000000000000e-07    1.000000000000000   0.0000000000000000
    surfk_3_17                      3.090008614520500e-08    1.000000000000000   0.0000000000000000
    surfk_3_18                      3.090006758887200e-08    1.000000000000000   0.0000000000000000
    surfk_3_19                      3.089996248954100e-08    1.000000000000000   0.0000000000000000
     surfk_3_2                      3.090003859186000e-08    1.000000000000000   0.0000000000000000
    surfk_3_20                      1.150000000000000e-07    1.000000000000000   0.0000000000000000
    surfk_3_21                      3.090005018928800e-08    1.000000000000000   0.0000000000000000
    surfk_3_22                      3.089995388066000e-08    1.000000000000000   0.0000000000000000
     surfk_3_3                      3.090003859186000e-08    1.000000000000000   0.0000000000000000
     surfk_3_4                      3.090003859186000e-08    1.000000000000000   0.0000000000000000
     surfk_3_5                      3.090003859186000e-08    1.000000000000000   0.0000000000000000
     surfk_3_6                      1.000001849221000e-07    1.000000000000000   0.0000000000000000
     surfk_3_7                      3.090003859186000e-08    1.000000000000000   0.0000000000000000
     surfk_3_8                      3.090003859186000e-08    1.000000000000000   0.0000000000000000
     surfk_3_9                      3.090007687135000e-08    1.000000000000000   0.0000000000000000
   vka_ratio_1                      0.09288148311949483    1.000000000000000   0.0000000000000000
   vka_ratio_2                      0.1003411040439346    1.000000000000000   0.0000000000000000
   vka_ratio_3                      0.09999930000000000    1.000000000000000   0.0000000000000000
       vks_1_1                      0.0002511890000000000    1.000000000000000   0.0000000000000000
      vks_1_10                      0.0002511890000000000    1.000000000000000   0.0000000000000000
      vks_1_11                      0.0002511890000000000    1.000000000000000   0.0000000000000000
      vks_1_12                      0.0002511890000000000    1.000000000000000   0.0000000000000000
      vks_1_13                      0.0002511890000000000    1.000000000000000   0.0000000000000000
      vks_1_14                      0.0002511890000000000    1.000000000000000   0.0000000000000000
      vks_1_15                      0.0002511890000000000    1.000000000000000   0.0000000000000000
      vks_1_16                      0.0002511890000000000    1.000000000000000   0.0000000000000000
      vks_1_17                      0.0002511890000000000    1.000000000000000   0.0000000000000000
      vks_1_18                      0.0002511890000000000    1.000000000000000   0.0000000000000000
      vks_1_19                      0.0002511890000000000    1.000000000000000   0.0000000000000000
       vks_1_2                      0.0002511890000000000    1.000000000000000   0.0000000000000000
      vks_1_21                      0.0002511890000000000    1.000000000000000   0.0000000000000000
       vks_1_3                      0.0002511890000000000    1.000000000000000   0.0000000000000000
       vks_1_4                      0.0003981070000000000    1.000000000000000   0.0000000000000000
       vks_1_5                      0.0003981070000000000    1.000000000000000   0.0000000000000000
       vks_1_6                      0.0002511890000000000    1.000000000000000   0.0000000000000000
       vks_1_8                      0.0002511890000000000    1.000000000000000   0.0000000000000000
       vks_1_9                      0.0002511890000000000    1.000000000000000   0.0000000000000000
       vks_2_1                      0.0002511890000000000    1.000000000000000   0.0000000000000000
      vks_2_10                      0.0002511890000000000    1.000000000000000   0.0000000000000000
      vks_2_11                      0.0002511890000000000    1.000000000000000   0.0000000000000000
      vks_2_12                      0.0002511890000000000    1.000000000000000   0.0000000000000000
      vks_2_14                      0.0001584890000000000    1.000000000000000   0.0000000000000000
      vks_2_15                      0.0001584890000000000    1.000000000000000   0.0000000000000000
      vks_2_16                      0.0001584890000000000    1.000000000000000   0.0000000000000000
      vks_2_17                      0.0001584890000000000    1.000000000000000   0.0000000000000000
      vks_2_18                      0.0001584890000000000    1.000000000000000   0.0000000000000000
      vks_2_19                      0.0001584890000000000    1.000000000000000   0.0000000000000000
       vks_2_2                      0.0001000000000000000    1.000000000000000   0.0000000000000000
      vks_2_20                      0.0006309570000000000    1.000000000000000   0.0000000000000000
      vks_2_21                      0.0001584890000000000    1.000000000000000   0.0000000000000000
      vks_2_22                      0.0001584890000000000    1.000000000000000   0.0000000000000000
       vks_2_3                      0.0001000000000000000    1.000000000000000   0.0000000000000000
       vks_2_4                      0.0002511890000000000    1.000000000000000   0.0000000000000000
       vks_2_5                      0.0002511890000000000    1.000000000000000   0.0000000000000000
       vks_2_6                      0.0001584890000000000    1.000000000000000   0.0000000000000000
       vks_2_7                      0.0002511890000000000    1.000000000000000   0.0000000000000000
       vks_2_8                      0.0002511890000000000    1.000000000000000   0.0000000000000000
       vks_2_9                      0.0002511890000000000    1.000000000000000   0.0000000000000000
       vks_3_1                      3.020000000000000e-08    1.000000000000000   0.0000000000000000
      vks_3_10                      3.090000000000000e-08    1.000000000000000   0.0000000000000000
      vks_3_11                      3.090000000000000e-08    1.000000000000000   0.0000000000000000
      vks_3_12                      3.090000000000000e-08    1.000000000000000   0.0000000000000000
      vks_3_13                      3.090000000000000e-08    1.000000000000000   0.0000000000000000
      vks_3_14                      3.090000000000000e-08    1.000000000000000   0.0000000000000000
      vks_3_15                      3.090000000000000e-08    1.000000000000000   0.0000000000000000
      vks_3_16                      1.000000000000000e-07    1.000000000000000   0.0000000000000000
      vks_3_17                      3.090000000000000e-08    1.000000000000000   0.0000000000000000
      vks_3_18                      3.090000000000000e-08    1.000000000000000   0.0000000000000000
      vks_3_19                      3.090000000000000e-08    1.000000000000000   0.0000000000000000
       vks_3_2                      3.090000000000000e-08    1.000000000000000   0.0000000000000000
      vks_3_20                      1.150000000000000e-07    1.000000000000000   0.0000000000000000
      vks_3_21                      3.090000000000000e-08    1.000000000000000   0.0000000000000000
      vks_3_22                      3.090000000000000e-08    1.000000000000000   0.0000000000000000
       vks_3_3                      3.090000000000000e-08    1.000000000000000   0.0000000000000000
       vks_3_4                      3.090000000000000e-08    1.000000000000000   0.0000000000000000
       vks_3_5                      3.090000000000000e-08    1.000000000000000   0.0000000000000000
       vks_3_6                      1.000000000000000e-07    1.000000000000000   0.0000000000000000
       vks_3_7                      3.090000000000000e-08    1.000000000000000   0.0000000000000000
       vks_3_8                      3.090000000000000e-08    1.000000000000000   0.0000000000000000
       vks_3_9                      3.090000000000000e-08    1.000000000000000   0.0000000000000000
