single point
        finf_1                      0.4830353000000000    1.000000000000000   0.0000000000000000
       finf_10                      0.4725046550000000    1.000000000000000   0.0000000000000000
       finf_11                      0.4725046520000000    1.000000000000000   0.0000000000000000
       finf_12                      0.4725046520000000    1.000000000000000   0.0000000000000000
       finf_13                      0.4725046250000000    1.000000000000000   0.0000000000000000
       finf_14                      0.4830353020000000    1.000000000000000   0.0000000000000000
       finf_15                      0.4830353000000000    1.000000000000000   0.0000000000000000
       finf_16                      0.4830353000000000    1.000000000000000   0.0000000000000000
       finf_17                      0.4830352960000000    1.000000000000000   0.0000000000000000
       finf_18                      0.4830353000000000    1.000000000000000   0.0000000000000000
       finf_19                      0.4830353020000000    1.000000000000000   0.0000000000000000
        finf_2                      0.4830352990000000    1.000000000000000   0.0000000000000000
       finf_20                      0.5284619410000000    1.000000000000000   0.0000000000000000
       finf_21                      0.4830353010000000    1.000000000000000   0.0000000000000000
       finf_22                      0.4830353040000000    1.000000000000000   0.0000000000000000
        finf_3                      0.4830353050000000    1.000000000000000   0.0000000000000000
        finf_4                      0.4105800060000000    1.000000000000000   0.0000000000000000
        finf_5                      0.4105800060000000    1.000000000000000   0.0000000000000000
        finf_6                      0.4830352990000000    1.000000000000000   0.0000000000000000
        finf_7                      0.4725046530000000    1.000000000000000   0.0000000000000000
        finf_8                      0.4725046500000000    1.000000000000000   0.0000000000000000
        finf_9                      0.4725046480000000    1.000000000000000   0.0000000000000000
          ks_1                      0.8399016398000000    1.000000000000000   0.0000000000000000
         ks_10                      1.763751487806000    1.000000000000000   0.0000000000000000
        ks_100                      1.000000000000000e-05    1.000000000000000   0.0000000000000000
        ks_101                      0.0008433824313000000    1.000000000000000   0.0000000000000000
        ks_102                      7.959999998000000e-05    1.000000000000000   0.0000000000000000
        ks_103                      0.0004368177794000000    1.000000000000000   0.0000000000000000
        ks_104                      1.000000000000000e-05    1.000000000000000   0.0000000000000000
        ks_105                      1.010049906000000e-05    1.000000000000000   0.0000000000000000
        ks_106                      0.0001451450000000000    1.000000000000000   0.0000000000000000
        ks_107                      0.0003130411162000000    1.000000000000000   0.0000000000000000
        ks_108                      4.460447661324200    1.000000000000000   0.0000000000000000
        ks_109                      6.881393826363700    1.000000000000000   0.0000000000000000
         ks_11                      0.3180784139960000    1.000000000000000   0.0000000000000000
        ks_110                      3.920765830908700    1.000000000000000   0.0000000000000000
        ks_111                      4.822450000000000    1.000000000000000   0.0000000000000000
        ks_112                      3.179113620078400    1.000000000000000   0.0000000000000000
        ks_113                      1.040774992025600    1.000000000000000   0.0000000000000000
        ks_114                      7.758597673531900    1.000000000000000   0.0000000000000000
        ks_115                      6.432505347570000    1.000000000000000   0.0000000000000000
        ks_116                      0.3973586119904000    1.000000000000000   0.0000000000000000
        ks_117                      13.42606528295200    1.000000000000000   0.0000000000000000
        ks_118                      2.036281790172700    1.000000000000000   0.0000000000000000
        ks_119                      10.45517970509500    1.000000000000000   0.0000000000000000
         ks_12                      8.947807034744001    1.000000000000000   0.0000000000000000
        ks_120                      0.1595651197478000    1.000000000000000   0.0000000000000000
        ks_121                      2.150100235054100    1.000000000000000   0.0000000000000000
        ks_122                      39.61489998196300    1.000000000000000   0.0000000000000000
        ks_123                      11.19682620365300    1.000000000000000   0.0000000000000000
        ks_124                      2.007217637131100    1.000000000000000   0.0000000000000000
        ks_125                      470.3201964000000    1.000000000000000   0.0000000000000000
        ks_126                      499.4877395000000    1.000000000000000   0.0000000000000000
        ks_127                      1.909442394296600    1.000000000000000   0.0000000000000000
        ks_128                      3.383510358050400    1.000000000000000   0.0000000000000000
        ks_129                      5.994115168275900    1.000000000000000   0.0000000000000000
         ks_13                      1.673316094116000    1.000000000000000   0.0000000000000000
        ks_130                      13.70585339300900    1.000000000000000   0.0000000000000000
        ks_131                      0.0002012116479000000    1.000000000000000   0.0000000000000000
        ks_132                      0.0002001219717000000    1.000000000000000   0.0000000000000000
        ks_133                      0.0002018763199000000    1.000000000000000   0.0000000000000000
        ks_134                      0.02629392400140000    1.000000000000000   0.0000000000000000
        ks_135                      0.0001587200000000000    1.000000000000000   0.0000000000000000
        ks_136                      0.0002910741644000000    1.000000000000000   0.0000000000000000
        ks_137                      0.004196050836000000    1.000000000000000   0.0000000000000000
        ks_138                      6.305633832829800    1.000000000000000   0.0000000000000000
        ks_139                      0.0002288810000000000    1.000000000000000   0.0000000000000000
         ks_14                      4.536326681391000    1.000000000000000   0.0000000000000000
        ks_140                      14.46260565856300    1.000000000000000   0.0000000000000000
        ks_141                      0.0001978430000000000    1.000000000000000   0.0000000000000000
        ks_142                      0.0001999090000000000    1.000000000000000   0.0000000000000000
        ks_143                      0.001743408000000000    1.000000000000000   0.0000000000000000
        ks_144                      1.009572977397400    1.000000000000000   0.0000000000000000
        ks_145                      28.81365387132000    1.000000000000000   0.0000000000000000
        ks_146                      5.730954525933600    1.000000000000000   0.0000000000000000
        ks_147                      4.052049076625400    1.000000000000000   0.0000000000000000
        ks_148                      5.970922332534700    1.000000000000000   0.0000000000000000
        ks_149                      0.0002641050000000000    1.000000000000000   0.0000000000000000
         ks_15                      2.703128268157000    1.000000000000000   0.0000000000000000
        ks_150                      7.223028315122000    1.000000000000000   0.0000000000000000
        ks_151                      6.006677808602700    1.000000000000000   0.0000000000000000
        ks_152                      0.09806254236210001    1.000000000000000   0.0000000000000000
        ks_153                      37.64169149990100    1.000000000000000   0.0000000000000000
        ks_154                      56.28150000000000    1.000000000000000   0.0000000000000000
        ks_155                      0.0001957669997000000    1.000000000000000   0.0000000000000000
        ks_156                      0.1850718472034000    1.000000000000000   0.0000000000000000
        ks_157                      0.1906468379448000    1.000000000000000   0.0000000000000000
        ks_158                      0.6245500693448000    1.000000000000000   0.0000000000000000
        ks_159                      0.02677841130680000    1.000000000000000   0.0000000000000000
         ks_16                      497.6704060000000    1.000000000000000   0.0000000000000000
        ks_160                      1.034064973224100    1.000000000000000   0.0000000000000000
        ks_161                      346.7554550000000    1.000000000000000   0.0000000000000000
        ks_162                      0.1866539298341000    1.000000000000000   0.0000000000000000
        ks_163                      0.06874046515170000    1.000000000000000   0.0000000000000000
        ks_164                      0.05450490364740000    1.000000000000000   0.0000000000000000
        ks_165                      6.231062072668400    1.000000000000000   0.0000000000000000
        ks_166                      0.01565356729460000    1.000000000000000   0.0000000000000000
        ks_167                      0.03771290096340000    1.000000000000000   0.0000000000000000
        ks_168                      0.1226066677191000    1.000000000000000   0.0000000000000000
        ks_169                      0.0002622617888000000    1.000000000000000   0.0000000000000000
         ks_17                      1.669430541007000    1.000000000000000   0.0000000000000000
        ks_170                      0.002033218640000000    1.000000000000000   0.0000000000000000
        ks_171                      1.082798788006900    1.000000000000000   0.0000000000000000
        ks_172                      0.01965519150170000    1.000000000000000   0.0000000000000000
        ks_173                      0.007996652037000000    1.000000000000000   0.0000000000000000
        ks_174                      5.844940000089900    1.000000000000000   0.0000000000000000
        ks_175                      0.1251838150139000    1.000000000000000   0.0000000000000000
        ks_176                      0.004462389566000000    1.000000000000000   0.0000000000000000
        ks_177                      1.108349806142600    1.000000000000000   0.0000000000000000
        ks_178                      0.0002007556047000000    1.000000000000000   0.0000000000000000
        ks_179                      2.013959272457400    1.000000000000000   0.0000000000000000
         ks_18                      2.527867222031000    1.000000000000000   0.0000000000000000
        ks_180                      1.910000000000000e-05    1.000000000000000   0.0000000000000000
        ks_181                      0.3038585660793000    1.000000000000000   0.0000000000000000
        ks_182                      4.850407255712200    1.000000000000000   0.0000000000000000
        ks_183                      0.9628054670385000    1.000000000000000   0.0000000000000000
        ks_184                      0.0004049016727000000    1.000000000000000   0.0000000000000000
        ks_185                      9.560000000000001e-05    1.000000000000000   0.0000000000000000
        ks_186                      9.825977528000000e-05    1.000000000000000   0.0000000000000000
        ks_187                      0.0001093910000000000    1.000000000000000   0.0000000000000000
        ks_188                      0.0003934040640000000    1.000000000000000   0.0000000000000000
        ks_189                      0.0001148518054000000    1.000000000000000   0.0000000000000000
         ks_19                      44.72347964987000    1.000000000000000   0.0000000000000000
        ks_190                      1.000000000000000e-05    1.000000000000000   0.0000000000000000
        ks_191                      0.0001009388325000000    1.000000000000000   0.0000000000000000
        ks_192                      0.0001287070000000000    1.000000000000000   0.0000000000000000
        ks_193                      0.0002007070358000000    1.000000000000000   0.0000000000000000
        ks_194                      1.000000000000000e-05    1.000000000000000   0.0000000000000000
        ks_195                      0.0007753256384000000    1.000000000000000   0.0000000000000000
        ks_196                      1.000001343000000e-05    1.000000000000000   0.0000000000000000
        ks_197                      0.0001311289996000000    1.000000000000000   0.0000000000000000
        ks_198                      0.0001690385346000000    1.000000000000000   0.0000000000000000
        ks_199                      1.120000586000000e-05    1.000000000000000   0.0000000000000000
          ks_2                      0.03036212801000000    1.000000000000000   0.0000000000000000
         ks_20                      0.3496699367870000    1.000000000000000   0.0000000000000000
        ks_200                      1.019995841000000e-05    1.000000000000000   0.0000000000000000
        ks_201                      1.063936158000000e-05    1.000000000000000   0.0000000000000000
        ks_202                      0.0001015430000000000    1.000000000000000   0.0000000000000000
        ks_203                      0.0001137820000000000    1.000000000000000   0.0000000000000000
        ks_204                      9.900000002000000e-05    1.000000000000000   0.0000000000000000
        ks_205                      0.0001040589159000000    1.000000000000000   0.0000000000000000
        ks_206                      1.000000000000000e-05    1.000000000000000   0.0000000000000000
        ks_207                      0.0001022090252000000    1.000000000000000   0.0000000000000000
        ks_208                      1.389412725000000e-05    1.000000000000000   0.0000000000000000
        ks_209                      0.0002949478525000000    1.000000000000000   0.0000000000000000
         ks_21                      0.6657833246710000    1.000000000000000   0.0000000000000000
        ks_210                      8.676431550000000e-05    1.000000000000000   0.0000000000000000
        ks_211                      8.820000000000000e-05    1.000000000000000   0.0000000000000000
        ks_212                      0.0001026309762000000    1.000000000000000   0.0000000000000000
        ks_213                      9.568019544000000e-05    1.000000000000000   0.0000000000000000
        ks_214                      9.920000000000000e-05    1.000000000000000   0.0000000000000000
        ks_215                      9.820000000000000e-05    1.000000000000000   0.0000000000000000
        ks_216                      0.0001003300000000000    1.000000000000000   0.0000000000000000
        ks_217                      9.566834042000000e-05    1.000000000000000   0.0000000000000000
        ks_218                      5.190000000000000e-05    1.000000000000000   0.0000000000000000
        ks_219                      0.0001038930000000000    1.000000000000000   0.0000000000000000
         ks_22                      0.4506696098340000    1.000000000000000   0.0000000000000000
        ks_220                      9.233396255999999e-05    1.000000000000000   0.0000000000000000
        ks_221                      0.0001336270000000000    1.000000000000000   0.0000000000000000
        ks_222                      0.0001088500000000000    1.000000000000000   0.0000000000000000
        ks_223                      0.0001163144429000000    1.000000000000000   0.0000000000000000
        ks_224                      9.989999999000000e-05    1.000000000000000   0.0000000000000000
        ks_225                      1.010000000000000e-05    1.000000000000000   0.0000000000000000
        ks_226                      0.0001059660000000000    1.000000000000000   0.0000000000000000
        ks_227                      8.690282691000000e-05    1.000000000000000   0.0000000000000000
        ks_228                      8.840460981000000e-05    1.000000000000000   0.0000000000000000
        ks_229                      0.0004268821410000000    1.000000000000000   0.0000000000000000
         ks_23                      251.1390050000000    1.000000000000000   0.0000000000000000
        ks_230                      1.013192613000000e-05    1.000000000000000   0.0000000000000000
        ks_231                      3.022685595000000e-05    1.000000000000000   0.0000000000000000
        ks_232                      0.0003542900000000000    1.000000000000000   0.0000000000000000
        ks_233                      6.089529880000000e-05    1.000000000000000   0.0000000000000000
         ks_24                      0.04918016737100000    1.000000000000000   0.0000000000000000
         ks_25                      0.08717186271200000    1.000000000000000   0.0000000000000000
         ks_26                      500.0000000000000    1.000000000000000   0.0000000000000000
         ks_27                      0.7505578384930000    1.000000000000000   0.0000000000000000
         ks_28                      0.3942124700900000    1.000000000000000   0.0000000000000000
         ks_29                      3.247328437088000    1.000000000000000   0.0000000000000000
          ks_3                      0.7169879452800000    1.000000000000000   0.0000000000000000
         ks_30                      1.000102360000000e-05    1.000000000000000   0.0000000000000000
         ks_31                      2.632043270443000    1.000000000000000   0.0000000000000000
         ks_32                      0.0001997292960000000    1.000000000000000   0.0000000000000000
         ks_33                      0.09858080976200000    1.000000000000000   0.0000000000000000
         ks_34                      51.49311661757000    1.000000000000000   0.0000000000000000
         ks_35                      0.0001963969240000000    1.000000000000000   0.0000000000000000
         ks_36                      0.0006034017350000000    1.000000000000000   0.0000000000000000
         ks_37                      0.0002256210720000000    1.000000000000000   0.0000000000000000
         ks_38                      0.2109951305300000    1.000000000000000   0.0000000000000000
         ks_39                      0.0001958391530000000    1.000000000000000   0.0000000000000000
          ks_4                      6.227801549670000    1.000000000000000   0.0000000000000000
         ks_40                      0.6396020892700000    1.000000000000000   0.0000000000000000
         ks_41                      1.142448797795000    1.000000000000000   0.0000000000000000
         ks_42                      2.260214351357000    1.000000000000000   0.0000000000000000
         ks_43                      0.2635836694830000    1.000000000000000   0.0000000000000000
         ks_44                      0.4817950482020000    1.000000000000000   0.0000000000000000
         ks_45                      0.01600522346100000    1.000000000000000   0.0000000000000000
         ks_46                      1.572790810753000    1.000000000000000   0.0000000000000000
         ks_47                      5.348403661162000    1.000000000000000   0.0000000000000000
         ks_48                      8.296384591025999    1.000000000000000   0.0000000000000000
         ks_49                      0.0002067710000000000    1.000000000000000   0.0000000000000000
          ks_5                      44.99035096610000    1.000000000000000   0.0000000000000000
         ks_50                      2.942039407635000    1.000000000000000   0.0000000000000000
         ks_51                      4.590747790000000e-05    1.000000000000000   0.0000000000000000
         ks_52                      0.03441604792000000    1.000000000000000   0.0000000000000000
         ks_53                      4.936936150407000    1.000000000000000   0.0000000000000000
         ks_54                      0.01775885605900000    1.000000000000000   0.0000000000000000
         ks_55                      20.43864309210000    1.000000000000000   0.0000000000000000
         ks_56                      72.75618138476000    1.000000000000000   0.0000000000000000
         ks_57                      5.794787225536000    1.000000000000000   0.0000000000000000
         ks_58                      0.3098308503800000    1.000000000000000   0.0000000000000000
         ks_59                      0.006545560830000000    1.000000000000000   0.0000000000000000
          ks_6                      226.2411600000000    1.000000000000000   0.0000000000000000
         ks_60                      5.019670223965000    1.000000000000000   0.0000000000000000
         ks_61                      0.02855618776900000    1.000000000000000   0.0000000000000000
         ks_62                      0.2776914806470000    1.000000000000000   0.0000000000000000
         ks_63                      10.56860979652000    1.000000000000000   0.0000000000000000
         ks_64                      0.0006178196140000000    1.000000000000000   0.0000000000000000
         ks_65                      0.001891280780000000    1.000000000000000   0.0000000000000000
         ks_66                      5.526741888031000    1.000000000000000   0.0000000000000000
         ks_67                      8.823234944449000    1.000000000000000   0.0000000000000000
         ks_68                      0.009305990920000000    1.000000000000000   0.0000000000000000
         ks_69                      0.7376332026730000    1.000000000000000   0.0000000000000000
          ks_7                      1.019983800000000e-05    1.000000000000000   0.0000000000000000
         ks_70                      3.770192425649000    1.000000000000000   0.0000000000000000
         ks_71                      1.000000000000000e-05    1.000000000000000   0.0000000000000000
         ks_72                      8.794896910000000e-05    1.000000000000000   0.0000000000000000
         ks_73                      0.0001127938580000000    1.000000000000000   0.0000000000000000
         ks_74                      9.330000000000000e-05    1.000000000000000   0.0000000000000000
         ks_75                      1.418992880000000e-05    1.000000000000000   0.0000000000000000
         ks_76                      0.0001919770000000000    1.000000000000000   0.0000000000000000
         ks_77                      0.0001022853290000000    1.000000000000000   0.0000000000000000
         ks_78                      1.619994840000000e-05    1.000000000000000   0.0000000000000000
         ks_79                      1.000000000000000e-05    1.000000000000000   0.0000000000000000
          ks_8                      1.000000000000000e-05    1.000000000000000   0.0000000000000000
         ks_80                      261.6602950000000    1.000000000000000   0.0000000000000000
         ks_81                      9.040000000000000e-05    1.000000000000000   0.0000000000000000
         ks_82                      33.86879460969000    1.000000000000000   0.0000000000000000
         ks_83                      6.574640839019000    1.000000000000000   0.0000000000000000
         ks_84                      9.049335720000000e-05    1.000000000000000   0.0000000000000000
         ks_85                      1.290000000000000e-05    1.000000000000000   0.0000000000000000
         ks_86                      0.0001322658800000000    1.000000000000000   0.0000000000000000
         ks_87                      500.0000000000000    1.000000000000000   0.0000000000000000
         ks_88                      17.08290000000000    1.000000000000000   0.0000000000000000
         ks_89                      8.016768790000000e-05    1.000000000000000   0.0000000000000000
          ks_9                      8.240469914940000    1.000000000000000   0.0000000000000000
         ks_90                      4.484009999953000    1.000000000000000   0.0000000000000000
         ks_91                      14.46406222030000    1.000000000000000   0.0000000000000000
         ks_92                      0.0001140530000000000    1.000000000000000   0.0000000000000000
         ks_93                      0.04174477240300000    1.000000000000000   0.0000000000000000
         ks_94                      3.159979790000000e-05    1.000000000000000   0.0000000000000000
         ks_95                      0.0001000200000000000    1.000000000000000   0.0000000000000000
         ks_96                      0.0001729565570000000    1.000000000000000   0.0000000000000000
         ks_97                      5.519980620000000e-05    1.000000000000000   0.0000000000000000
         ks_98                      0.0001146000000000000    1.000000000000000   0.0000000000000000
         ks_99                      0.0001065660000000000    1.000000000000000   0.0000000000000000
    lak_cond_1                      1.000000000000000    1.000000000000000   0.0000000000000000
   lak_cond_12                      0.9944947330281538    1.000000000000000   0.0000000000000000
    lak_cond_2                      1.000000000000000    1.000000000000000   0.0000000000000000
         pet_1                      9.500000000000001e-05    1.000000000000000   0.0000000000000000
 pond_recharge                      11742.40623010295    1.000000000000000   0.0000000000000000
       sfr_k_1                      0.09870624374058000    1.000000000000000   0.0000000000000000
      sfr_k_10                      0.09935850203874599    1.000000000000000   0.0000000000000000
      sfr_k_11                      0.09941703094648000    1.000000000000000   0.0000000000000000
      sfr_k_12                      0.1019776960889920    1.000000000000000   0.0000000000000000
      sfr_k_13                      0.1000082230022380    1.000000000000000   0.0000000000000000
      sfr_k_14                      0.09885590000000000    1.000000000000000   0.0000000000000000
      sfr_k_15                      0.1001387781853790    1.000000000000000   0.0000000000000000
      sfr_k_16                      0.1023174005836830    1.000000000000000   0.0000000000000000
      sfr_k_17                      0.1005116367314420    1.000000000000000   0.0000000000000000
      sfr_k_18                      0.1018161280988530    1.000000000000000   0.0000000000000000
      sfr_k_19                      0.1000521250031010    1.000000000000000   0.0000000000000000
       sfr_k_2                      0.09962556006322000    1.000000000000000   0.0000000000000000
      sfr_k_20                      0.1000654940153840    1.000000000000000   0.0000000000000000
      sfr_k_21                      0.1000519678868130    1.000000000000000   0.0000000000000000
      sfr_k_22                      0.09908456519776500    1.000000000000000   0.0000000000000000
       sfr_k_3                      0.09157792138024000    1.000000000000000   0.0000000000000000
       sfr_k_4                      0.09987653200452000    1.000000000000000   0.0000000000000000
       sfr_k_5                      0.1024546034890800    1.000000000000000   0.0000000000000000
       sfr_k_6                      0.1008751750416500    1.000000000000000   0.0000000000000000
       sfr_k_7                      0.09907540043033000    1.000000000000000   0.0000000000000000
       sfr_k_8                      0.09989714167527000    1.000000000000000   0.0000000000000000
       sfr_k_9                      0.1001072572150000    1.000000000000000   0.0000000000000000
     spill_447                      185.0599976000000    1.000000000000000   0.0000000000000000
     spill_449                      146.6000061000000    1.000000000000000   0.0000000000000000
     spill_688                      8.230095303091804    1.000000000000000   0.0000000000000000
     surfk_1_1                      0.0002508704340307000    1.000000000000000   0.0000000000000000
    surfk_1_10                      0.0002513239999496700    1.000000000000000   0.0000000000000000
    surfk_1_11                      0.0002511959998158400    1.000000000000000   0.0000000000000000
    surfk_1_12                      0.0002512189999971600    1.000000000000000   0.0000000000000000
    surfk_1_13                      0.0002511889999997200    1.000000000000000   0.0000000000000000
    surfk_1_14                      0.0002512108082941200    1.000000000000000   0.0000000000000000
    surfk_1_15                      0.0002511869999861100    1.000000000000000   0.0000000000000000
    surfk_1_16                      0.0002511833584889800    1.000000000000000   0.0000000000000000
    surfk_1_17                      0.0002512108091518000    1.000000000000000   0.0000000000000000
    surfk_1_18                      0.0002516119154137400    1.000000000000000   0.0000000000000000
    surfk_1_19                      0.0002512100000022800    1.000000000000000   0.0000000000000000
     surfk_1_2                      0.0002511757535166000    1.000000000000000   0.0000000000000000
    surfk_1_21                      0.0002511889999959800    1.000000000000000   0.0000000000000000
     surfk_1_3                      0.0002512100000081000    1.000000000000000   0.0000000000000000
     surfk_1_4                      0.0003983061343307000    1.000000000000000   0.0000000000000000
     surfk_1_5                      0.0003978320319924000    1.000000000000000   0.0000000000000000
     surfk_1_6                      0.0002512080969129000    1.000000000000000   0.0000000000000000
     surfk_1_8                      0.0002498060000071000    1.000000000000000   0.0000000000000000
     surfk_1_9                      0.0002512088198241000    1.000000000000000   0.0000000000000000
     surfk_2_1                      0.0002513062304134000    1.000000000000000   0.0000000000000000
    surfk_2_10                      0.0002512099998914000    1.000000000000000   0.0000000000000000
    surfk_2_11                      0.0002511949982556200    1.000000000000000   0.0000000000000000
    surfk_2_12                      0.0002512339983199500    1.000000000000000   0.0000000000000000
    surfk_2_14                      0.0001584890000041300    1.000000000000000   0.0000000000000000
    surfk_2_15                      0.0001630360135351500    1.000000000000000   0.0000000000000000
    surfk_2_16                      0.0001585020001488500    1.000000000000000   0.0000000000000000
    surfk_2_17                      0.0001585020000042800    1.000000000000000   0.0000000000000000
    surfk_2_18                      0.0001581502488803000    1.000000000000000   0.0000000000000000
    surfk_2_19                      0.0001585029999903600    1.000000000000000   0.0000000000000000
     surfk_2_2                      0.0001000119988848000    1.000000000000000   0.0000000000000000
    surfk_2_20                      0.0006310099999765800    1.000000000000000   0.0000000000000000
    surfk_2_21                      0.0001585030000137600    1.000000000000000   0.0000000000000000
    surfk_2_22                      0.0001585440000000000    1.000000000000000   0.0000000000000000
     surfk_2_3                      0.0001000079999995000    1.000000000000000   0.0000000000000000
     surfk_2_4                      0.0002512170045469000    1.000000000000000   0.0000000000000000
     surfk_2_5                      0.0002515618770285000    1.000000000000000   0.0000000000000000
     surfk_2_6                      0.0001584291357130000    1.000000000000000   0.0000000000000000
     surfk_2_7                      0.0002511889999980000    1.000000000000000   0.0000000000000000
     surfk_2_8                      0.0002512089999480000    1.000000000000000   0.0000000000000000
     surfk_2_9                      0.0002511622811419000    1.000000000000000   0.0000000000000000
     surfk_3_1                      3.000000000087000e-08    1.000000000000000   0.0000000000000000
    surfk_3_10                      3.089995716662600e-08    1.000000000000000   0.0000000000000000
    surfk_3_11                      3.089999999963600e-08    1.000000000000000   0.0000000000000000
    surfk_3_12                      3.090009949143600e-08    1.000000000000000   0.0000000000000000
    surfk_3_13                      3.089999999895100e-08    1.000000000000000   0.0000000000000000
    surfk_3_14                      3.179126134292200e-08    1.000000000000000   0.0000000000000000
    surfk_3_15                      3.070000000088800e-08    1.000000000000000   0.0000000000000000
    surfk_3_16                      9.999999999849799e-08    1.000000000000000   0.0000000000000000
    surfk_3_17                      3.089999999970500e-08    1.000000000000000   0.0000000000000000
    surfk_3_18                      3.088733199848100e-08    1.000000000000000   0.0000000000000000
    surfk_3_19                      3.089999999995700e-08    1.000000000000000   0.0000000000000000
     surfk_3_2                      3.070000000088000e-08    1.000000000000000   0.0000000000000000
    surfk_3_20                      1.149999999999000e-07    1.000000000000000   0.0000000000000000
    surfk_3_21                      3.090000000101000e-08    1.000000000000000   0.0000000000000000
    surfk_3_22                      3.084453338986400e-08    1.000000000000000   0.0000000000000000
     surfk_3_3                      3.070000000088000e-08    1.000000000000000   0.0000000000000000
     surfk_3_4                      3.070000000090000e-08    1.000000000000000   0.0000000000000000
     surfk_3_5                      3.088741291806000e-08    1.000000000000000   0.0000000000000000
     surfk_3_6                      9.995994851545000e-08    1.000000000000000   0.0000000000000000
     surfk_3_7                      3.070000000089000e-08    1.000000000000000   0.0000000000000000
     surfk_3_8                      3.088729213519000e-08    1.000000000000000   0.0000000000000000
     surfk_3_9                      3.090000000125000e-08    1.000000000000000   0.0000000000000000
   vka_ratio_1                      0.08275762019031771    1.000000000000000   0.0000000000000000
   vka_ratio_2                      0.1005880000000000    1.000000000000000   0.0000000000000000
   vka_ratio_3                      0.09999650732432526    1.000000000000000   0.0000000000000000
       vks_1_1                      0.0002511890000000000    1.000000000000000   0.0000000000000000
      vks_1_10                      0.0002511890000000000    1.000000000000000   0.0000000000000000
      vks_1_11                      0.0002511890000000000    1.000000000000000   0.0000000000000000
      vks_1_12                      0.0002511890000000000    1.000000000000000   0.0000000000000000
      vks_1_13                      0.0002511890000000000    1.000000000000000   0.0000000000000000
      vks_1_14                      0.0002511890000000000    1.000000000000000   0.0000000000000000
      vks_1_15                      0.0002511890000000000    1.000000000000000   0.0000000000000000
      vks_1_16                      0.0002511890000000000    1.000000000000000   0.0000000000000000
      vks_1_17                      0.0002511890000000000    1.000000000000000   0.0000000000000000
      vks_1_18                      0.0002511890000000000    1.000000000000000   0.0000000000000000
      vks_1_19                      0.0002511890000000000    1.000000000000000   0.0000000000000000
       vks_1_2                      0.0002511890000000000    1.000000000000000   0.0000000000000000
      vks_1_21                      0.0002511890000000000    1.000000000000000   0.0000000000000000
       vks_1_3                      0.0002511890000000000    1.000000000000000   0.0000000000000000
       vks_1_4                      0.0003981070000000000    1.000000000000000   0.0000000000000000
       vks_1_5                      0.0003981070000000000    1.000000000000000   0.0000000000000000
       vks_1_6                      0.0002511890000000000    1.000000000000000   0.0000000000000000
       vks_1_8                      0.0002511890000000000    1.000000000000000   0.0000000000000000
       vks_1_9                      0.0002511890000000000    1.000000000000000   0.0000000000000000
       vks_2_1                      0.0002511890000000000    1.000000000000000   0.0000000000000000
      vks_2_10                      0.0002511890000000000    1.000000000000000   0.0000000000000000
      vks_2_11                      0.0002511890000000000    1.000000000000000   0.0000000000000000
      vks_2_12                      0.0002511890000000000    1.000000000000000   0.0000000000000000
      vks_2_14                      0.0001584890000000000    1.000000000000000   0.0000000000000000
      vks_2_15                      0.0001584890000000000    1.000000000000000   0.0000000000000000
      vks_2_16                      0.0001584890000000000    1.000000000000000   0.0000000000000000
      vks_2_17                      0.0001584890000000000    1.000000000000000   0.0000000000000000
      vks_2_18                      0.0001584890000000000    1.000000000000000   0.0000000000000000
      vks_2_19                      0.0001584890000000000    1.000000000000000   0.0000000000000000
       vks_2_2                      0.0001000000000000000    1.000000000000000   0.0000000000000000
      vks_2_20                      0.0006309570000000000    1.000000000000000   0.0000000000000000
      vks_2_21                      0.0001584890000000000    1.000000000000000   0.0000000000000000
      vks_2_22                      0.0001584890000000000    1.000000000000000   0.0000000000000000
       vks_2_3                      0.0001000000000000000    1.000000000000000   0.0000000000000000
       vks_2_4                      0.0002511890000000000    1.000000000000000   0.0000000000000000
       vks_2_5                      0.0002511890000000000    1.000000000000000   0.0000000000000000
       vks_2_6                      0.0001584890000000000    1.000000000000000   0.0000000000000000
       vks_2_7                      0.0002511890000000000    1.000000000000000   0.0000000000000000
       vks_2_8                      0.0002511890000000000    1.000000000000000   0.0000000000000000
       vks_2_9                      0.0002511890000000000    1.000000000000000   0.0000000000000000
       vks_3_1                      3.020000000000000e-08    1.000000000000000   0.0000000000000000
      vks_3_10                      3.090000000000000e-08    1.000000000000000   0.0000000000000000
      vks_3_11                      3.090000000000000e-08    1.000000000000000   0.0000000000000000
      vks_3_12                      3.090000000000000e-08    1.000000000000000   0.0000000000000000
      vks_3_13                      3.090000000000000e-08    1.000000000000000   0.0000000000000000
      vks_3_14                      3.090000000000000e-08    1.000000000000000   0.0000000000000000
      vks_3_15                      3.090000000000000e-08    1.000000000000000   0.0000000000000000
      vks_3_16                      1.000000000000000e-07    1.000000000000000   0.0000000000000000
      vks_3_17                      3.090000000000000e-08    1.000000000000000   0.0000000000000000
      vks_3_18                      3.090000000000000e-08    1.000000000000000   0.0000000000000000
      vks_3_19                      3.090000000000000e-08    1.000000000000000   0.0000000000000000
       vks_3_2                      3.090000000000000e-08    1.000000000000000   0.0000000000000000
      vks_3_20                      1.150000000000000e-07    1.000000000000000   0.0000000000000000
      vks_3_21                      3.090000000000000e-08    1.000000000000000   0.0000000000000000
      vks_3_22                      3.090000000000000e-08    1.000000000000000   0.0000000000000000
       vks_3_3                      3.090000000000000e-08    1.000000000000000   0.0000000000000000
       vks_3_4                      3.090000000000000e-08    1.000000000000000   0.0000000000000000
       vks_3_5                      3.090000000000000e-08    1.000000000000000   0.0000000000000000
       vks_3_6                      1.000000000000000e-07    1.000000000000000   0.0000000000000000
       vks_3_7                      3.090000000000000e-08    1.000000000000000   0.0000000000000000
       vks_3_8                      3.090000000000000e-08    1.000000000000000   0.0000000000000000
       vks_3_9                      3.090000000000000e-08    1.000000000000000   0.0000000000000000
