single point
        finf_1                      0.4830353564167000    1.000000000000000   0.0000000000000000
       finf_10                      0.4725058286196200    1.000000000000000   0.0000000000000000
       finf_11                      0.4725075583919300    1.000000000000000   0.0000000000000000
       finf_12                      0.4725027918816800    1.000000000000000   0.0000000000000000
       finf_13                      0.4725054409989100    1.000000000000000   0.0000000000000000
       finf_14                      0.4830459388393000    1.000000000000000   0.0000000000000000
       finf_15                      0.4830340946541000    1.000000000000000   0.0000000000000000
       finf_16                      0.4830349914706700    1.000000000000000   0.0000000000000000
       finf_17                      0.4830412145860100    1.000000000000000   0.0000000000000000
       finf_18                      0.4830549024096700    1.000000000000000   0.0000000000000000
       finf_19                      0.4830353087609800    1.000000000000000   0.0000000000000000
        finf_2                      0.4830352905261000    1.000000000000000   0.0000000000000000
       finf_20                      0.5284619437646300    1.000000000000000   0.0000000000000000
       finf_21                      0.4830350824687700    1.000000000000000   0.0000000000000000
       finf_22                      0.4830104515267200    1.000000000000000   0.0000000000000000
        finf_3                      0.4830349029570000    1.000000000000000   0.0000000000000000
        finf_4                      0.4105714737340000    1.000000000000000   0.0000000000000000
        finf_5                      0.4105761814095000    1.000000000000000   0.0000000000000000
        finf_6                      0.4830352938003000    1.000000000000000   0.0000000000000000
        finf_7                      0.4725052330664000    1.000000000000000   0.0000000000000000
        finf_8                      0.4725073951902000    1.000000000000000   0.0000000000000000
        finf_9                      0.4725071378193000    1.000000000000000   0.0000000000000000
          ks_1                      0.8287313050100000    1.000000000000000   0.0000000000000000
         ks_10                      1.766535878234000    1.000000000000000   0.0000000000000000
        ks_100                      1.000097243000000e-05    1.000000000000000   0.0000000000000000
        ks_101                      0.0008432951871999999    1.000000000000000   0.0000000000000000
        ks_102                      7.963406415000000e-05    1.000000000000000   0.0000000000000000
        ks_103                      0.0004376245978000000    1.000000000000000   0.0000000000000000
        ks_104                      1.000000000000000e-05    1.000000000000000   0.0000000000000000
        ks_105                      1.013260306000000e-05    1.000000000000000   0.0000000000000000
        ks_106                      0.0001451330027000000    1.000000000000000   0.0000000000000000
        ks_107                      0.0003132939941000000    1.000000000000000   0.0000000000000000
        ks_108                      4.340570766913600    1.000000000000000   0.0000000000000000
        ks_109                      6.887196135373500    1.000000000000000   0.0000000000000000
         ks_11                      0.3230765316580000    1.000000000000000   0.0000000000000000
        ks_110                      3.931879668800800    1.000000000000000   0.0000000000000000
        ks_111                      4.848758105114800    1.000000000000000   0.0000000000000000
        ks_112                      3.134824076316000    1.000000000000000   0.0000000000000000
        ks_113                      1.063950875025000    1.000000000000000   0.0000000000000000
        ks_114                      7.757691280552500    1.000000000000000   0.0000000000000000
        ks_115                      6.425255160979100    1.000000000000000   0.0000000000000000
        ks_116                      0.3988723862969000    1.000000000000000   0.0000000000000000
        ks_117                      13.40994631453000    1.000000000000000   0.0000000000000000
        ks_118                      2.038078108516400    1.000000000000000   0.0000000000000000
        ks_119                      10.45590658908800    1.000000000000000   0.0000000000000000
         ks_12                      8.950802803005001    1.000000000000000   0.0000000000000000
        ks_120                      0.1599920431663000    1.000000000000000   0.0000000000000000
        ks_121                      2.146985524349000    1.000000000000000   0.0000000000000000
        ks_122                      38.48852565615900    1.000000000000000   0.0000000000000000
        ks_123                      11.21765197877200    1.000000000000000   0.0000000000000000
        ks_124                      2.007252216302500    1.000000000000000   0.0000000000000000
        ks_125                      500.0000000000000    1.000000000000000   0.0000000000000000
        ks_126                      500.0000000000000    1.000000000000000   0.0000000000000000
        ks_127                      1.951841160582900    1.000000000000000   0.0000000000000000
        ks_128                      3.362794108117700    1.000000000000000   0.0000000000000000
        ks_129                      5.992921483951100    1.000000000000000   0.0000000000000000
         ks_13                      1.736033223126000    1.000000000000000   0.0000000000000000
        ks_130                      14.31178658044900    1.000000000000000   0.0000000000000000
        ks_131                      0.0002011942124000000    1.000000000000000   0.0000000000000000
        ks_132                      0.0002001802059000000    1.000000000000000   0.0000000000000000
        ks_133                      0.0002019929962000000    1.000000000000000   0.0000000000000000
        ks_134                      0.02629120770540000    1.000000000000000   0.0000000000000000
        ks_135                      0.0001587072772000000    1.000000000000000   0.0000000000000000
        ks_136                      0.0002910466671000000    1.000000000000000   0.0000000000000000
        ks_137                      0.004190659453000000    1.000000000000000   0.0000000000000000
        ks_138                      6.305296422045400    1.000000000000000   0.0000000000000000
        ks_139                      0.0002288616815000000    1.000000000000000   0.0000000000000000
         ks_14                      4.541153185333000    1.000000000000000   0.0000000000000000
        ks_140                      14.53060677255600    1.000000000000000   0.0000000000000000
        ks_141                      0.0001978265209000000    1.000000000000000   0.0000000000000000
        ks_142                      0.0001998928102000000    1.000000000000000   0.0000000000000000
        ks_143                      0.001743417932000000    1.000000000000000   0.0000000000000000
        ks_144                      1.009848387274300    1.000000000000000   0.0000000000000000
        ks_145                      29.03747944374400    1.000000000000000   0.0000000000000000
        ks_146                      5.733921050987000    1.000000000000000   0.0000000000000000
        ks_147                      4.062445641094600    1.000000000000000   0.0000000000000000
        ks_148                      5.998075239512800    1.000000000000000   0.0000000000000000
        ks_149                      0.0002640821040000000    1.000000000000000   0.0000000000000000
         ks_15                      2.722221086898000    1.000000000000000   0.0000000000000000
        ks_150                      7.222373485720200    1.000000000000000   0.0000000000000000
        ks_151                      6.005884647424700    1.000000000000000   0.0000000000000000
        ks_152                      0.09755056011350000    1.000000000000000   0.0000000000000000
        ks_153                      37.12257450888900    1.000000000000000   0.0000000000000000
        ks_154                      56.57085430398200    1.000000000000000   0.0000000000000000
        ks_155                      0.0001957621862000000    1.000000000000000   0.0000000000000000
        ks_156                      0.1850180047536000    1.000000000000000   0.0000000000000000
        ks_157                      0.1909863735785000    1.000000000000000   0.0000000000000000
        ks_158                      0.6249167174900000    1.000000000000000   0.0000000000000000
        ks_159                      0.02677869809620000    1.000000000000000   0.0000000000000000
         ks_16                      499.9942500000000    1.000000000000000   0.0000000000000000
        ks_160                      1.030416074607000    1.000000000000000   0.0000000000000000
        ks_161                      280.2762277000000    1.000000000000000   0.0000000000000000
        ks_162                      0.1866638887176000    1.000000000000000   0.0000000000000000
        ks_163                      0.06879495829330000    1.000000000000000   0.0000000000000000
        ks_164                      0.05453025177100000    1.000000000000000   0.0000000000000000
        ks_165                      6.214916009868500    1.000000000000000   0.0000000000000000
        ks_166                      0.01565066725210000    1.000000000000000   0.0000000000000000
        ks_167                      0.03798429533580000    1.000000000000000   0.0000000000000000
        ks_168                      0.1254234267221000    1.000000000000000   0.0000000000000000
        ks_169                      0.0002634161929000000    1.000000000000000   0.0000000000000000
         ks_17                      1.669575294933000    1.000000000000000   0.0000000000000000
        ks_170                      0.002033872297000000    1.000000000000000   0.0000000000000000
        ks_171                      1.088939806160800    1.000000000000000   0.0000000000000000
        ks_172                      0.01919783651800000    1.000000000000000   0.0000000000000000
        ks_173                      0.008000698872000001    1.000000000000000   0.0000000000000000
        ks_174                      5.844928264600000    1.000000000000000   0.0000000000000000
        ks_175                      0.1251749992401000    1.000000000000000   0.0000000000000000
        ks_176                      0.004543426447000000    1.000000000000000   0.0000000000000000
        ks_177                      1.108647823509300    1.000000000000000   0.0000000000000000
        ks_178                      0.0002008198062000000    1.000000000000000   0.0000000000000000
        ks_179                      2.070634471910700    1.000000000000000   0.0000000000000000
         ks_18                      2.526922596205000    1.000000000000000   0.0000000000000000
        ks_180                      1.908630719000000e-05    1.000000000000000   0.0000000000000000
        ks_181                      0.3153159462155000    1.000000000000000   0.0000000000000000
        ks_182                      4.853006367404500    1.000000000000000   0.0000000000000000
        ks_183                      0.9627773761713000    1.000000000000000   0.0000000000000000
        ks_184                      0.0004034965720000000    1.000000000000000   0.0000000000000000
        ks_185                      9.559124737000000e-05    1.000000000000000   0.0000000000000000
        ks_186                      9.825892629999999e-05    1.000000000000000   0.0000000000000000
        ks_187                      0.0001093914034000000    1.000000000000000   0.0000000000000000
        ks_188                      0.0003936762548000000    1.000000000000000   0.0000000000000000
        ks_189                      0.0001123276306000000    1.000000000000000   0.0000000000000000
         ks_19                      44.72369766231000    1.000000000000000   0.0000000000000000
        ks_190                      1.000009888000000e-05    1.000000000000000   0.0000000000000000
        ks_191                      0.0001009483894000000    1.000000000000000   0.0000000000000000
        ks_192                      0.0001287075008000000    1.000000000000000   0.0000000000000000
        ks_193                      1.000000004000000e-05    1.000000000000000   0.0000000000000000
        ks_194                      1.005576568000000e-05    1.000000000000000   0.0000000000000000
        ks_195                      0.0007756506675000000    1.000000000000000   0.0000000000000000
        ks_196                      1.000772837000000e-05    1.000000000000000   0.0000000000000000
        ks_197                      0.0001310960069000000    1.000000000000000   0.0000000000000000
        ks_198                      0.0001685929592000000    1.000000000000000   0.0000000000000000
        ks_199                      1.115100000000000e-05    1.000000000000000   0.0000000000000000
          ks_2                      0.03110550503000000    1.000000000000000   0.0000000000000000
         ks_20                      0.3364478208660000    1.000000000000000   0.0000000000000000
        ks_200                      1.021862938000000e-05    1.000000000000000   0.0000000000000000
        ks_201                      1.114050167000000e-05    1.000000000000000   0.0000000000000000
        ks_202                      0.0001015438829000000    1.000000000000000   0.0000000000000000
        ks_203                      0.0001137732834000000    1.000000000000000   0.0000000000000000
        ks_204                      9.901618613999999e-05    1.000000000000000   0.0000000000000000
        ks_205                      0.0001040701163000000    1.000000000000000   0.0000000000000000
        ks_206                      1.000401306000000e-05    1.000000000000000   0.0000000000000000
        ks_207                      0.0001022601066000000    1.000000000000000   0.0000000000000000
        ks_208                      1.385464446000000e-05    1.000000000000000   0.0000000000000000
        ks_209                      0.0002946871720000000    1.000000000000000   0.0000000000000000
         ks_21                      0.6676277126030000    1.000000000000000   0.0000000000000000
        ks_210                      8.675870777000000e-05    1.000000000000000   0.0000000000000000
        ks_211                      8.816584887000000e-05    1.000000000000000   0.0000000000000000
        ks_212                      0.0001026117097000000    1.000000000000000   0.0000000000000000
        ks_213                      9.566955851000000e-05    1.000000000000000   0.0000000000000000
        ks_214                      9.915990813000000e-05    1.000000000000000   0.0000000000000000
        ks_215                      9.818155377000000e-05    1.000000000000000   0.0000000000000000
        ks_216                      0.0001003168072000000    1.000000000000000   0.0000000000000000
        ks_217                      9.635712130000001e-05    1.000000000000000   0.0000000000000000
        ks_218                      5.252893971000000e-05    1.000000000000000   0.0000000000000000
        ks_219                      0.0001038901973000000    1.000000000000000   0.0000000000000000
         ks_22                      0.4505072591990000    1.000000000000000   0.0000000000000000
        ks_220                      9.250554285000000e-05    1.000000000000000   0.0000000000000000
        ks_221                      0.0001336164278000000    1.000000000000000   0.0000000000000000
        ks_222                      0.0001088405261000000    1.000000000000000   0.0000000000000000
        ks_223                      0.0001164927680000000    1.000000000000000   0.0000000000000000
        ks_224                      9.994523134000001e-05    1.000000000000000   0.0000000000000000
        ks_225                      1.005612921000000e-05    1.000000000000000   0.0000000000000000
        ks_226                      0.0001059498027000000    1.000000000000000   0.0000000000000000
        ks_227                      8.686806444000000e-05    1.000000000000000   0.0000000000000000
        ks_228                      8.881528589000000e-05    1.000000000000000   0.0000000000000000
        ks_229                      0.0004267607629000000    1.000000000000000   0.0000000000000000
         ks_23                      249.7633710000000    1.000000000000000   0.0000000000000000
        ks_230                      1.012473329000000e-05    1.000000000000000   0.0000000000000000
        ks_231                      2.973631718000000e-05    1.000000000000000   0.0000000000000000
        ks_232                      0.0003552816652000000    1.000000000000000   0.0000000000000000
        ks_233                      6.088653425000000e-05    1.000000000000000   0.0000000000000000
         ks_24                      0.04939093305600000    1.000000000000000   0.0000000000000000
         ks_25                      0.08710941926100001    1.000000000000000   0.0000000000000000
         ks_26                      497.6509610000000    1.000000000000000   0.0000000000000000
         ks_27                      0.7646685191220000    1.000000000000000   0.0000000000000000
         ks_28                      0.3949309468970000    1.000000000000000   0.0000000000000000
         ks_29                      3.273302982487000    1.000000000000000   0.0000000000000000
          ks_3                      0.7163594365100000    1.000000000000000   0.0000000000000000
         ks_30                      1.004588810000000e-05    1.000000000000000   0.0000000000000000
         ks_31                      2.631767988201000    1.000000000000000   0.0000000000000000
         ks_32                      0.0001997943040000000    1.000000000000000   0.0000000000000000
         ks_33                      0.09852424694500000    1.000000000000000   0.0000000000000000
         ks_34                      52.21466092315000    1.000000000000000   0.0000000000000000
         ks_35                      0.0001963925240000000    1.000000000000000   0.0000000000000000
         ks_36                      0.0006031480560000000    1.000000000000000   0.0000000000000000
         ks_37                      0.0002255994040000000    1.000000000000000   0.0000000000000000
         ks_38                      0.2145100699110000    1.000000000000000   0.0000000000000000
         ks_39                      0.0001958346980000000    1.000000000000000   0.0000000000000000
          ks_4                      5.955341444630000    1.000000000000000   0.0000000000000000
         ks_40                      0.6492569006230000    1.000000000000000   0.0000000000000000
         ks_41                      1.142710041748000    1.000000000000000   0.0000000000000000
         ks_42                      2.255521564589000    1.000000000000000   0.0000000000000000
         ks_43                      0.2694463431940000    1.000000000000000   0.0000000000000000
         ks_44                      0.4916771041870000    1.000000000000000   0.0000000000000000
         ks_45                      0.01610696702000000    1.000000000000000   0.0000000000000000
         ks_46                      1.648844345715000    1.000000000000000   0.0000000000000000
         ks_47                      5.376899719861000    1.000000000000000   0.0000000000000000
         ks_48                      8.440024375410999    1.000000000000000   0.0000000000000000
         ks_49                      0.0002077414830000000    1.000000000000000   0.0000000000000000
          ks_5                      44.66785989560000    1.000000000000000   0.0000000000000000
         ks_50                      2.966050065871000    1.000000000000000   0.0000000000000000
         ks_51                      4.586675920000000e-05    1.000000000000000   0.0000000000000000
         ks_52                      0.03440737106800000    1.000000000000000   0.0000000000000000
         ks_53                      4.945618629507000    1.000000000000000   0.0000000000000000
         ks_54                      0.01773873604600000    1.000000000000000   0.0000000000000000
         ks_55                      20.90178703038000    1.000000000000000   0.0000000000000000
         ks_56                      72.83760070805000    1.000000000000000   0.0000000000000000
         ks_57                      5.937192964623000    1.000000000000000   0.0000000000000000
         ks_58                      0.3098247274460000    1.000000000000000   0.0000000000000000
         ks_59                      0.006246252500000000    1.000000000000000   0.0000000000000000
          ks_6                      228.8653100000000    1.000000000000000   0.0000000000000000
         ks_60                      5.045219898201000    1.000000000000000   0.0000000000000000
         ks_61                      0.02843734689900000    1.000000000000000   0.0000000000000000
         ks_62                      0.2776303451830000    1.000000000000000   0.0000000000000000
         ks_63                      10.57301847248000    1.000000000000000   0.0000000000000000
         ks_64                      0.0006178175710000000    1.000000000000000   0.0000000000000000
         ks_65                      0.001893347250000000    1.000000000000000   0.0000000000000000
         ks_66                      5.526679992704000    1.000000000000000   0.0000000000000000
         ks_67                      8.801372753021001    1.000000000000000   0.0000000000000000
         ks_68                      0.009235310900000000    1.000000000000000   0.0000000000000000
         ks_69                      0.7381676785770001    1.000000000000000   0.0000000000000000
          ks_7                      1.018429100000000e-05    1.000000000000000   0.0000000000000000
         ks_70                      3.770354748300000    1.000000000000000   0.0000000000000000
         ks_71                      1.014170150000000e-05    1.000000000000000   0.0000000000000000
         ks_72                      8.768635380000000e-05    1.000000000000000   0.0000000000000000
         ks_73                      0.0001127754140000000    1.000000000000000   0.0000000000000000
         ks_74                      9.331467300000000e-05    1.000000000000000   0.0000000000000000
         ks_75                      1.416385760000000e-05    1.000000000000000   0.0000000000000000
         ks_76                      0.0001921100990000000    1.000000000000000   0.0000000000000000
         ks_77                      0.0001022766010000000    1.000000000000000   0.0000000000000000
         ks_78                      1.618742040000000e-05    1.000000000000000   0.0000000000000000
         ks_79                      1.002074290000000e-05    1.000000000000000   0.0000000000000000
          ks_8                      1.000000100000000e-05    1.000000000000000   0.0000000000000000
         ks_80                      261.4372420000000    1.000000000000000   0.0000000000000000
         ks_81                      9.043783210000000e-05    1.000000000000000   0.0000000000000000
         ks_82                      23.17454557614000    1.000000000000000   0.0000000000000000
         ks_83                      6.573204994230000    1.000000000000000   0.0000000000000000
         ks_84                      9.050556400000000e-05    1.000000000000000   0.0000000000000000
         ks_85                      1.293931020000000e-05    1.000000000000000   0.0000000000000000
         ks_86                      0.0001322771860000000    1.000000000000000   0.0000000000000000
         ks_87                      500.0000000000000    1.000000000000000   0.0000000000000000
         ks_88                      16.47435082415000    1.000000000000000   0.0000000000000000
         ks_89                      8.024755519999999e-05    1.000000000000000   0.0000000000000000
          ks_9                      8.257407312790001    1.000000000000000   0.0000000000000000
         ks_90                      4.484005451738000    1.000000000000000   0.0000000000000000
         ks_91                      14.46301836643000    1.000000000000000   0.0000000000000000
         ks_92                      0.0001139850330000000    1.000000000000000   0.0000000000000000
         ks_93                      0.04149544493900000    1.000000000000000   0.0000000000000000
         ks_94                      3.196126420000000e-05    1.000000000000000   0.0000000000000000
         ks_95                      0.0001000116900000000    1.000000000000000   0.0000000000000000
         ks_96                      0.0001729410000000000    1.000000000000000   0.0000000000000000
         ks_97                      5.519149210000000e-05    1.000000000000000   0.0000000000000000
         ks_98                      0.0001145902930000000    1.000000000000000   0.0000000000000000
         ks_99                      0.0001065565810000000    1.000000000000000   0.0000000000000000
    lak_cond_1                      1.000000000000000    1.000000000000000   0.0000000000000000
    lak_cond_2                      1.000000000000000    1.000000000000000   0.0000000000000000
         pet_1                      9.500000310000000e-05    1.000000000000000   0.0000000000000000
       sfr_k_1                      0.1000002881587300    1.000000000000000   0.0000000000000000
      sfr_k_10                      0.1000001464101580    1.000000000000000   0.0000000000000000
      sfr_k_11                      0.1000000090935150    1.000000000000000   0.0000000000000000
      sfr_k_12                      0.1000161570035790    1.000000000000000   0.0000000000000000
      sfr_k_13                      0.1000000014900000    1.000000000000000   0.0000000000000000
      sfr_k_14                      0.09887606004625100    1.000000000000000   0.0000000000000000
      sfr_k_15                      0.1000085987760290    1.000000000000000   0.0000000000000000
      sfr_k_16                      0.1001790309361680    1.000000000000000   0.0000000000000000
      sfr_k_17                      0.09867866748704600    1.000000000000000   0.0000000000000000
      sfr_k_18                      0.09999976108837801    1.000000000000000   0.0000000000000000
      sfr_k_19                      0.09999981001285201    1.000000000000000   0.0000000000000000
       sfr_k_2                      0.09999921015297999    1.000000000000000   0.0000000000000000
      sfr_k_20                      0.1000000238509670    1.000000000000000   0.0000000000000000
      sfr_k_21                      0.1000000766188690    1.000000000000000   0.0000000000000000
      sfr_k_22                      0.09966776271709100    1.000000000000000   0.0000000000000000
       sfr_k_3                      0.09200021355547000    1.000000000000000   0.0000000000000000
       sfr_k_4                      0.09999868071867000    1.000000000000000   0.0000000000000000
       sfr_k_5                      0.1000005862400000    1.000000000000000   0.0000000000000000
       sfr_k_6                      0.1000028091816000    1.000000000000000   0.0000000000000000
       sfr_k_7                      0.09999999186899000    1.000000000000000   0.0000000000000000
       sfr_k_8                      0.1000000238476600    1.000000000000000   0.0000000000000000
       sfr_k_9                      0.1000001595204900    1.000000000000000   0.0000000000000000
     spill_447                      185.0599964539000    1.000000000000000   0.0000000000000000
     spill_449                      146.6000061000000    1.000000000000000   0.0000000000000000
     surfk_1_1                      0.0002511886248881000    1.000000000000000   0.0000000000000000
    surfk_1_10                      0.0002511880239916000    1.000000000000000   0.0000000000000000
    surfk_1_11                      0.0002511886123100000    1.000000000000000   0.0000000000000000
    surfk_1_12                      0.0002511886277195300    1.000000000000000   0.0000000000000000
    surfk_1_13                      0.0002511886123100000    1.000000000000000   0.0000000000000000
    surfk_1_14                      0.0002511886414100600    1.000000000000000   0.0000000000000000
    surfk_1_15                      0.0002511886414103100    1.000000000000000   0.0000000000000000
    surfk_1_16                      0.0002511883492502400    1.000000000000000   0.0000000000000000
    surfk_1_17                      0.0002511886123100600    1.000000000000000   0.0000000000000000
    surfk_1_18                      0.0002511885044356600    1.000000000000000   0.0000000000000000
    surfk_1_19                      0.0002511886123100400    1.000000000000000   0.0000000000000000
     surfk_1_2                      0.0002511884850806000    1.000000000000000   0.0000000000000000
    surfk_1_21                      0.0002511886123103000    1.000000000000000   0.0000000000000000
     surfk_1_3                      0.0002511886414100000    1.000000000000000   0.0000000000000000
     surfk_1_4                      0.0003981073034614000    1.000000000000000   0.0000000000000000
     surfk_1_5                      0.0003981065809221000    1.000000000000000   0.0000000000000000
     surfk_1_6                      0.0002511886005700000    1.000000000000000   0.0000000000000000
     surfk_1_8                      0.0002511886123100000    1.000000000000000   0.0000000000000000
     surfk_1_9                      0.0002511885778050000    1.000000000000000   0.0000000000000000
     surfk_2_1                      0.0002511898709230000    1.000000000000000   0.0000000000000000
    surfk_2_10                      0.0002511886414100500    1.000000000000000   0.0000000000000000
    surfk_2_11                      0.0002511886123101900    1.000000000000000   0.0000000000000000
    surfk_2_12                      0.0002511886123193900    1.000000000000000   0.0000000000000000
    surfk_2_14                      0.0001584893179800000    1.000000000000000   0.0000000000000000
    surfk_2_15                      0.0001584893470900000    1.000000000000000   0.0000000000000000
    surfk_2_16                      0.0001584893179800000    1.000000000000000   0.0000000000000000
    surfk_2_17                      0.0001584893179800000    1.000000000000000   0.0000000000000000
    surfk_2_18                      0.0001584880959624300    1.000000000000000   0.0000000000000000
    surfk_2_19                      0.0001584893179800900    1.000000000000000   0.0000000000000000
     surfk_2_2                      9.999999019800000e-05    1.000000000000000   0.0000000000000000
    surfk_2_20                      0.0006309574819200000    1.000000000000000   0.0000000000000000
    surfk_2_21                      0.0001584893034309100    1.000000000000000   0.0000000000000000
    surfk_2_22                      0.0001584893179799900    1.000000000000000   0.0000000000000000
     surfk_2_3                      9.999999019800000e-05    1.000000000000000   0.0000000000000000
     surfk_2_4                      0.0002511886123105000    1.000000000000000   0.0000000000000000
     surfk_2_5                      0.0002511890664880000    1.000000000000000   0.0000000000000000
     surfk_2_6                      0.0001584893179822000    1.000000000000000   0.0000000000000000
     surfk_2_7                      0.0002511886414100000    1.000000000000000   0.0000000000000000
     surfk_2_8                      0.0002511886414100000    1.000000000000000   0.0000000000000000
     surfk_2_9                      0.0002511886123103000    1.000000000000000   0.0000000000000000
     surfk_3_1                      3.019951933000000e-08    1.000000000000000   0.0000000000000000
    surfk_3_10                      3.090294824006300e-08    1.000000000000000   0.0000000000000000
    surfk_3_11                      3.090295308500000e-08    1.000000000000000   0.0000000000000000
    surfk_3_12                      3.090294953300300e-08    1.000000000000000   0.0000000000000000
    surfk_3_13                      3.090294598000000e-08    1.000000000000000   0.0000000000000000
    surfk_3_14                      3.090294953300000e-08    1.000000000000000   0.0000000000000000
    surfk_3_15                      3.090295308500000e-08    1.000000000000000   0.0000000000000000
    surfk_3_16                      1.000000153800500e-07    1.000000000000000   0.0000000000000000
    surfk_3_17                      3.090294953300000e-08    1.000000000000000   0.0000000000000000
    surfk_3_18                      3.090294953299900e-08    1.000000000000000   0.0000000000000000
    surfk_3_19                      3.090295308500000e-08    1.000000000000000   0.0000000000000000
     surfk_3_2                      3.090295308500000e-08    1.000000000000000   0.0000000000000000
    surfk_3_20                      1.148153998500700e-07    1.000000000000000   0.0000000000000000
    surfk_3_21                      3.090294953301900e-08    1.000000000000000   0.0000000000000000
    surfk_3_22                      3.090294953301900e-08    1.000000000000000   0.0000000000000000
     surfk_3_3                      3.090295308500000e-08    1.000000000000000   0.0000000000000000
     surfk_3_4                      3.090294953302000e-08    1.000000000000000   0.0000000000000000
     surfk_3_5                      3.090295308500000e-08    1.000000000000000   0.0000000000000000
     surfk_3_6                      1.000000082700000e-07    1.000000000000000   0.0000000000000000
     surfk_3_7                      3.090295308500000e-08    1.000000000000000   0.0000000000000000
     surfk_3_8                      3.090294953356000e-08    1.000000000000000   0.0000000000000000
     surfk_3_9                      3.090294953300000e-08    1.000000000000000   0.0000000000000000
   vka_ratio_1                      0.1000167371384855    1.000000000000000   0.0000000000000000
   vka_ratio_2                      0.1000003885081948    1.000000000000000   0.0000000000000000
   vka_ratio_3                      0.09999999080306615    1.000000000000000   0.0000000000000000
       vks_1_1                      0.0002513808348600000    1.000000000000000   0.0000000000000000
      vks_1_10                      0.0002511883242800000    1.000000000000000   0.0000000000000000
      vks_1_11                      0.0002511890178370000    1.000000000000000   0.0000000000000000
      vks_1_12                      0.0002511890000000000    1.000000000000000   0.0000000000000000
      vks_1_13                      0.0002511886123100000    1.000000000000000   0.0000000000000000
      vks_1_14                      0.0002511888792190000    1.000000000000000   0.0000000000000000
      vks_1_15                      0.0002511892928890000    1.000000000000000   0.0000000000000000
      vks_1_16                      0.0002512647502410000    1.000000000000000   0.0000000000000000
      vks_1_17                      0.0002511804171430000    1.000000000000000   0.0000000000000000
      vks_1_18                      0.0002512341555010000    1.000000000000000   0.0000000000000000
      vks_1_19                      0.0002511886123100000    1.000000000000000   0.0000000000000000
       vks_1_2                      0.0002511961720800000    1.000000000000000   0.0000000000000000
      vks_1_21                      0.0002511886050730000    1.000000000000000   0.0000000000000000
       vks_1_3                      0.0002511887370300000    1.000000000000000   0.0000000000000000
       vks_1_4                      0.0003980948788300000    1.000000000000000   0.0000000000000000
       vks_1_5                      0.0003981050474700000    1.000000000000000   0.0000000000000000
       vks_1_6                      0.0002511925036200000    1.000000000000000   0.0000000000000000
       vks_1_8                      0.0002511886123100000    1.000000000000000   0.0000000000000000
       vks_1_9                      0.0002511895268100000    1.000000000000000   0.0000000000000000
       vks_2_1                      0.0002511979698200000    1.000000000000000   0.0000000000000000
      vks_2_10                      0.0002511886510220000    1.000000000000000   0.0000000000000000
      vks_2_11                      0.0002511884523910000    1.000000000000000   0.0000000000000000
      vks_2_12                      0.0002511805571590000    1.000000000000000   0.0000000000000000
      vks_2_14                      0.0001584893179820000    1.000000000000000   0.0000000000000000
      vks_2_15                      0.0001584893481720000    1.000000000000000   0.0000000000000000
      vks_2_16                      0.0001585193471360000    1.000000000000000   0.0000000000000000
      vks_2_17                      0.0001584892835490000    1.000000000000000   0.0000000000000000
      vks_2_18                      0.0001584978103300000    1.000000000000000   0.0000000000000000
      vks_2_19                      0.0001584893179810000    1.000000000000000   0.0000000000000000
       vks_2_2                      0.0001000002400000000    1.000000000000000   0.0000000000000000
      vks_2_20                      0.0006309529373090000    1.000000000000000   0.0000000000000000
      vks_2_21                      0.0001584889973420000    1.000000000000000   0.0000000000000000
      vks_2_22                      0.0001584893204000000    1.000000000000000   0.0000000000000000
       vks_2_3                      0.0001000002122600000    1.000000000000000   0.0000000000000000
       vks_2_4                      0.0002511842613900000    1.000000000000000   0.0000000000000000
       vks_2_5                      0.0002511917739900000    1.000000000000000   0.0000000000000000
       vks_2_6                      0.0001584879147100000    1.000000000000000   0.0000000000000000
       vks_2_7                      0.0002511886414100000    1.000000000000000   0.0000000000000000
       vks_2_8                      0.0002511886429900000    1.000000000000000   0.0000000000000000
       vks_2_9                      0.0002511872705800000    1.000000000000000   0.0000000000000000
       vks_3_1                      3.019876957200000e-08    1.000000000000000   0.0000000000000000
      vks_3_10                      3.090294953540000e-08    1.000000000000000   0.0000000000000000
      vks_3_11                      3.090295308500000e-08    1.000000000000000   0.0000000000000000
      vks_3_12                      3.090294953300000e-08    1.000000000000000   0.0000000000000000
      vks_3_13                      3.090294598000000e-08    1.000000000000000   0.0000000000000000
      vks_3_14                      3.090294957190000e-08    1.000000000000000   0.0000000000000000
      vks_3_15                      3.090520856280000e-08    1.000000000000000   0.0000000000000000
      vks_3_16                      1.000065933970000e-07    1.000000000000000   0.0000000000000000
      vks_3_17                      3.090278121050000e-08    1.000000000000000   0.0000000000000000
      vks_3_18                      3.090760867690000e-08    1.000000000000000   0.0000000000000000
      vks_3_19                      3.090284956650000e-08    1.000000000000000   0.0000000000000000
       vks_3_2                      3.090307923100000e-08    1.000000000000000   0.0000000000000000
      vks_3_20                      1.148153998500000e-07    1.000000000000000   0.0000000000000000
      vks_3_21                      3.090294956720000e-08    1.000000000000000   0.0000000000000000
      vks_3_22                      3.137729248810000e-08    1.000000000000000   0.0000000000000000
       vks_3_3                      3.090295304200000e-08    1.000000000000000   0.0000000000000000
       vks_3_4                      3.090294953300000e-08    1.000000000000000   0.0000000000000000
       vks_3_5                      3.090299911000000e-08    1.000000000000000   0.0000000000000000
       vks_3_6                      1.000036104800000e-07    1.000000000000000   0.0000000000000000
       vks_3_7                      3.090295308500000e-08    1.000000000000000   0.0000000000000000
       vks_3_8                      3.090333704100000e-08    1.000000000000000   0.0000000000000000
       vks_3_9                      3.090342789500000e-08    1.000000000000000   0.0000000000000000
