single point
        finf_1                      0.4830353000000000    1.000000000000000   0.0000000000000000
       finf_10                      0.4725046550000000    1.000000000000000   0.0000000000000000
       finf_11                      0.4725046520000000    1.000000000000000   0.0000000000000000
       finf_12                      0.4725046520000000    1.000000000000000   0.0000000000000000
       finf_13                      0.4725046250000000    1.000000000000000   0.0000000000000000
       finf_14                      0.4830353020000000    1.000000000000000   0.0000000000000000
       finf_15                      0.4830353000000000    1.000000000000000   0.0000000000000000
       finf_16                      0.4830353000000000    1.000000000000000   0.0000000000000000
       finf_17                      0.4830352960000000    1.000000000000000   0.0000000000000000
       finf_18                      0.4830353000000000    1.000000000000000   0.0000000000000000
       finf_19                      0.4830353020000000    1.000000000000000   0.0000000000000000
        finf_2                      0.4830352990000000    1.000000000000000   0.0000000000000000
       finf_20                      0.5284619410000000    1.000000000000000   0.0000000000000000
       finf_21                      0.4830353010000000    1.000000000000000   0.0000000000000000
       finf_22                      0.4830353040000000    1.000000000000000   0.0000000000000000
        finf_3                      0.4830353050000000    1.000000000000000   0.0000000000000000
        finf_4                      0.4105800060000000    1.000000000000000   0.0000000000000000
        finf_5                      0.4105800060000000    1.000000000000000   0.0000000000000000
        finf_6                      0.4830352990000000    1.000000000000000   0.0000000000000000
        finf_7                      0.4725046530000000    1.000000000000000   0.0000000000000000
        finf_8                      0.4725046500000000    1.000000000000000   0.0000000000000000
        finf_9                      0.4725046480000000    1.000000000000000   0.0000000000000000
          ks_1                      0.8127682133400000    1.000000000000000   0.0000000000000000
         ks_10                      1.766558199658000    1.000000000000000   0.0000000000000000
        ks_100                      1.000000000000000e-05    1.000000000000000   0.0000000000000000
        ks_101                      0.0008432949429000000    1.000000000000000   0.0000000000000000
        ks_102                      7.960000000000000e-05    1.000000000000000   0.0000000000000000
        ks_103                      0.0004375527915000000    1.000000000000000   0.0000000000000000
        ks_104                      1.000000000000000e-05    1.000000000000000   0.0000000000000000
        ks_105                      1.010011260000000e-05    1.000000000000000   0.0000000000000000
        ks_106                      0.0001451330000000000    1.000000000000000   0.0000000000000000
        ks_107                      0.0003132513763000000    1.000000000000000   0.0000000000000000
        ks_108                      4.340239586170700    1.000000000000000   0.0000000000000000
        ks_109                      6.886370206238400    1.000000000000000   0.0000000000000000
         ks_11                      0.3223519894950000    1.000000000000000   0.0000000000000000
        ks_110                      3.930997216738900    1.000000000000000   0.0000000000000000
        ks_111                      4.822454404469400    1.000000000000000   0.0000000000000000
        ks_112                      3.139186093931600    1.000000000000000   0.0000000000000000
        ks_113                      1.061635269650700    1.000000000000000   0.0000000000000000
        ks_114                      7.758078875582900    1.000000000000000   0.0000000000000000
        ks_115                      6.425377929618400    1.000000000000000   0.0000000000000000
        ks_116                      0.3977447638110000    1.000000000000000   0.0000000000000000
        ks_117                      13.40997579875600    1.000000000000000   0.0000000000000000
        ks_118                      2.038077520337500    1.000000000000000   0.0000000000000000
        ks_119                      10.45587376787800    1.000000000000000   0.0000000000000000
         ks_12                      8.950788210971000    1.000000000000000   0.0000000000000000
        ks_120                      0.1599355849791000    1.000000000000000   0.0000000000000000
        ks_121                      2.147105955786700    1.000000000000000   0.0000000000000000
        ks_122                      38.49436509877300    1.000000000000000   0.0000000000000000
        ks_123                      11.21980703217500    1.000000000000000   0.0000000000000000
        ks_124                      2.007252216095200    1.000000000000000   0.0000000000000000
        ks_125                      500.0000000000000    1.000000000000000   0.0000000000000000
        ks_126                      500.0000000000000    1.000000000000000   0.0000000000000000
        ks_127                      1.950481213732100    1.000000000000000   0.0000000000000000
        ks_128                      3.356709454193100    1.000000000000000   0.0000000000000000
        ks_129                      5.993637332577500    1.000000000000000   0.0000000000000000
         ks_13                      1.729485717347000    1.000000000000000   0.0000000000000000
        ks_130                      14.23094091743800    1.000000000000000   0.0000000000000000
        ks_131                      0.0002011940000000000    1.000000000000000   0.0000000000000000
        ks_132                      0.0002001774575000000    1.000000000000000   0.0000000000000000
        ks_133                      0.0002019930027000000    1.000000000000000   0.0000000000000000
        ks_134                      0.02629175800680000    1.000000000000000   0.0000000000000000
        ks_135                      0.0001587070000000000    1.000000000000000   0.0000000000000000
        ks_136                      0.0002910465033000000    1.000000000000000   0.0000000000000000
        ks_137                      0.004190698784000000    1.000000000000000   0.0000000000000000
        ks_138                      6.305327253524800    1.000000000000000   0.0000000000000000
        ks_139                      0.0002288620000000000    1.000000000000000   0.0000000000000000
         ks_14                      4.541001759145000    1.000000000000000   0.0000000000000000
        ks_140                      14.53039034076500    1.000000000000000   0.0000000000000000
        ks_141                      0.0001978270000000000    1.000000000000000   0.0000000000000000
        ks_142                      0.0001998920000000000    1.000000000000000   0.0000000000000000
        ks_143                      0.001743417999000000    1.000000000000000   0.0000000000000000
        ks_144                      1.009863933378000    1.000000000000000   0.0000000000000000
        ks_145                      28.95670000000000    1.000000000000000   0.0000000000000000
        ks_146                      5.733824839253700    1.000000000000000   0.0000000000000000
        ks_147                      4.051044804785300    1.000000000000000   0.0000000000000000
        ks_148                      5.998400361970000    1.000000000000000   0.0000000000000000
        ks_149                      0.0002640820000000000    1.000000000000000   0.0000000000000000
         ks_15                      2.722060399939000    1.000000000000000   0.0000000000000000
        ks_150                      7.222373486304900    1.000000000000000   0.0000000000000000
        ks_151                      6.005884645294500    1.000000000000000   0.0000000000000000
        ks_152                      0.09757580961200001    1.000000000000000   0.0000000000000000
        ks_153                      37.14121174448400    1.000000000000000   0.0000000000000000
        ks_154                      56.28152646130100    1.000000000000000   0.0000000000000000
        ks_155                      0.0001957620000000000    1.000000000000000   0.0000000000000000
        ks_156                      0.1850232340887000    1.000000000000000   0.0000000000000000
        ks_157                      0.1904128032361000    1.000000000000000   0.0000000000000000
        ks_158                      0.6248810217229001    1.000000000000000   0.0000000000000000
        ks_159                      0.02677874423630000    1.000000000000000   0.0000000000000000
         ks_16                      500.0000000000000    1.000000000000000   0.0000000000000000
        ks_160                      1.030696947022000    1.000000000000000   0.0000000000000000
        ks_161                      280.8559137000000    1.000000000000000   0.0000000000000000
        ks_162                      0.1866620923148000    1.000000000000000   0.0000000000000000
        ks_163                      0.06879495846140000    1.000000000000000   0.0000000000000000
        ks_164                      0.05453024872750000    1.000000000000000   0.0000000000000000
        ks_165                      6.217499753755700    1.000000000000000   0.0000000000000000
        ks_166                      0.01565065533930000    1.000000000000000   0.0000000000000000
        ks_167                      0.03796016320470000    1.000000000000000   0.0000000000000000
        ks_168                      0.1243968360502000    1.000000000000000   0.0000000000000000
        ks_169                      0.0002633532070000000    1.000000000000000   0.0000000000000000
         ks_17                      1.669585199727000    1.000000000000000   0.0000000000000000
        ks_170                      0.002033872000000000    1.000000000000000   0.0000000000000000
        ks_171                      1.083380757837900    1.000000000000000   0.0000000000000000
        ks_172                      0.01919783699800000    1.000000000000000   0.0000000000000000
        ks_173                      0.008000698073999999    1.000000000000000   0.0000000000000000
        ks_174                      5.844928265000000    1.000000000000000   0.0000000000000000
        ks_175                      0.1251749990002000    1.000000000000000   0.0000000000000000
        ks_176                      0.004519917126000000    1.000000000000000   0.0000000000000000
        ks_177                      1.108396694338500    1.000000000000000   0.0000000000000000
        ks_178                      0.0002008200000000000    1.000000000000000   0.0000000000000000
        ks_179                      2.063667619365700    1.000000000000000   0.0000000000000000
         ks_18                      2.526859025920000    1.000000000000000   0.0000000000000000
        ks_180                      1.910020000000000e-05    1.000000000000000   0.0000000000000000
        ks_181                      0.3138640000895000    1.000000000000000   0.0000000000000000
        ks_182                      4.852845910185100    1.000000000000000   0.0000000000000000
        ks_183                      0.9627773760000000    1.000000000000000   0.0000000000000000
        ks_184                      0.0004035458221000000    1.000000000000000   0.0000000000000000
        ks_185                      9.559892794000000e-05    1.000000000000000   0.0000000000000000
        ks_186                      9.830000000000000e-05    1.000000000000000   0.0000000000000000
        ks_187                      0.0001093907306000000    1.000000000000000   0.0000000000000000
        ks_188                      0.0003936711627000000    1.000000000000000   0.0000000000000000
        ks_189                      0.0001123280000000000    1.000000000000000   0.0000000000000000
         ks_19                      44.72255788216000    1.000000000000000   0.0000000000000000
        ks_190                      1.000000000000000e-05    1.000000000000000   0.0000000000000000
        ks_191                      0.0001009480000000000    1.000000000000000   0.0000000000000000
        ks_192                      0.0001287070000000000    1.000000000000000   0.0000000000000000
        ks_193                      1.012920882000000e-05    1.000000000000000   0.0000000000000000
        ks_194                      1.001580000000000e-05    1.000000000000000   0.0000000000000000
        ks_195                      0.0007756510000000000    1.000000000000000   0.0000000000000000
        ks_196                      1.000000000000000e-05    1.000000000000000   0.0000000000000000
        ks_197                      0.0001310960000000000    1.000000000000000   0.0000000000000000
        ks_198                      0.0001686124865000000    1.000000000000000   0.0000000000000000
        ks_199                      1.120000000000000e-05    1.000000000000000   0.0000000000000000
          ks_2                      0.03096627304000000    1.000000000000000   0.0000000000000000
         ks_20                      0.3380213203730000    1.000000000000000   0.0000000000000000
        ks_200                      1.020000054000000e-05    1.000000000000000   0.0000000000000000
        ks_201                      1.101434614000000e-05    1.000000000000000   0.0000000000000000
        ks_202                      0.0001015440000000000    1.000000000000000   0.0000000000000000
        ks_203                      0.0001137730000000000    1.000000000000000   0.0000000000000000
        ks_204                      9.900000001000000e-05    1.000000000000000   0.0000000000000000
        ks_205                      0.0001040672898000000    1.000000000000000   0.0000000000000000
        ks_206                      1.000000000000000e-05    1.000000000000000   0.0000000000000000
        ks_207                      0.0001022594393000000    1.000000000000000   0.0000000000000000
        ks_208                      1.389855174000000e-05    1.000000000000000   0.0000000000000000
        ks_209                      0.0002947002534000000    1.000000000000000   0.0000000000000000
         ks_21                      0.6679577177970000    1.000000000000000   0.0000000000000000
        ks_210                      8.680000000000000e-05    1.000000000000000   0.0000000000000000
        ks_211                      8.820000000000000e-05    1.000000000000000   0.0000000000000000
        ks_212                      0.0001026120000000000    1.000000000000000   0.0000000000000000
        ks_213                      9.570000000000000e-05    1.000000000000000   0.0000000000000000
        ks_214                      9.920000000000000e-05    1.000000000000000   0.0000000000000000
        ks_215                      9.820000000000000e-05    1.000000000000000   0.0000000000000000
        ks_216                      0.0001003170000000000    1.000000000000000   0.0000000000000000
        ks_217                      9.635462347000000e-05    1.000000000000000   0.0000000000000000
        ks_218                      5.250000000000000e-05    1.000000000000000   0.0000000000000000
        ks_219                      0.0001038900000000000    1.000000000000000   0.0000000000000000
         ks_22                      0.4504960152980000    1.000000000000000   0.0000000000000000
        ks_220                      9.250000000000000e-05    1.000000000000000   0.0000000000000000
        ks_221                      0.0001336160000000000    1.000000000000000   0.0000000000000000
        ks_222                      0.0001088410000000000    1.000000000000000   0.0000000000000000
        ks_223                      0.0001164790933000000    1.000000000000000   0.0000000000000000
        ks_224                      9.989874850000000e-05    1.000000000000000   0.0000000000000000
        ks_225                      1.009999994000000e-05    1.000000000000000   0.0000000000000000
        ks_226                      0.0001059500000000000    1.000000000000000   0.0000000000000000
        ks_227                      8.690084120000000e-05    1.000000000000000   0.0000000000000000
        ks_228                      8.877776145000000e-05    1.000000000000000   0.0000000000000000
        ks_229                      0.0004267560000000000    1.000000000000000   0.0000000000000000
         ks_23                      249.9306190000000    1.000000000000000   0.0000000000000000
        ks_230                      1.010781904000000e-05    1.000000000000000   0.0000000000000000
        ks_231                      2.976200831000000e-05    1.000000000000000   0.0000000000000000
        ks_232                      0.0003542601951000000    1.000000000000000   0.0000000000000000
        ks_233                      6.089985237000000e-05    1.000000000000000   0.0000000000000000
         ks_24                      0.04938773905800000    1.000000000000000   0.0000000000000000
         ks_25                      0.08711484458500000    1.000000000000000   0.0000000000000000
         ks_26                      500.0000000000000    1.000000000000000   0.0000000000000000
         ks_27                      0.7636735430479999    1.000000000000000   0.0000000000000000
         ks_28                      0.3948479842040000    1.000000000000000   0.0000000000000000
         ks_29                      3.272363775073000    1.000000000000000   0.0000000000000000
          ks_3                      0.7163700387300000    1.000000000000000   0.0000000000000000
         ks_30                      1.000022830000000e-05    1.000000000000000   0.0000000000000000
         ks_31                      2.631763925255000    1.000000000000000   0.0000000000000000
         ks_32                      0.0001997940000000000    1.000000000000000   0.0000000000000000
         ks_33                      0.09852768326899999    1.000000000000000   0.0000000000000000
         ks_34                      52.13663803613000    1.000000000000000   0.0000000000000000
         ks_35                      0.0001963927980000000    1.000000000000000   0.0000000000000000
         ks_36                      0.0006031586540000000    1.000000000000000   0.0000000000000000
         ks_37                      0.0002255991550000000    1.000000000000000   0.0000000000000000
         ks_38                      0.2134199919230000    1.000000000000000   0.0000000000000000
         ks_39                      0.0001958350000000000    1.000000000000000   0.0000000000000000
          ks_4                      5.973531884350000    1.000000000000000   0.0000000000000000
         ks_40                      0.6493802250730000    1.000000000000000   0.0000000000000000
         ks_41                      1.142719094198000    1.000000000000000   0.0000000000000000
         ks_42                      2.255632954624000    1.000000000000000   0.0000000000000000
         ks_43                      0.2680219481490000    1.000000000000000   0.0000000000000000
         ks_44                      0.4891961564500000    1.000000000000000   0.0000000000000000
         ks_45                      0.01610019186100000    1.000000000000000   0.0000000000000000
         ks_46                      1.636290000000000    1.000000000000000   0.0000000000000000
         ks_47                      5.376899725679000    1.000000000000000   0.0000000000000000
         ks_48                      8.416215199780000    1.000000000000000   0.0000000000000000
         ks_49                      0.0002077410000000000    1.000000000000000   0.0000000000000000
          ks_5                      44.71330178730000    1.000000000000000   0.0000000000000000
         ks_50                      2.957765783778000    1.000000000000000   0.0000000000000000
         ks_51                      4.590158000000000e-05    1.000000000000000   0.0000000000000000
         ks_52                      0.03440796597300000    1.000000000000000   0.0000000000000000
         ks_53                      4.945605199666000    1.000000000000000   0.0000000000000000
         ks_54                      0.01773882368200000    1.000000000000000   0.0000000000000000
         ks_55                      20.80269942209000    1.000000000000000   0.0000000000000000
         ks_56                      72.83678047476000    1.000000000000000   0.0000000000000000
         ks_57                      5.903166290265000    1.000000000000000   0.0000000000000000
         ks_58                      0.3098303591660000    1.000000000000000   0.0000000000000000
         ks_59                      0.006256790550000000    1.000000000000000   0.0000000000000000
          ks_6                      228.1690200000000    1.000000000000000   0.0000000000000000
         ks_60                      5.045202187051000    1.000000000000000   0.0000000000000000
         ks_61                      0.02843684153500000    1.000000000000000   0.0000000000000000
         ks_62                      0.2776246626490000    1.000000000000000   0.0000000000000000
         ks_63                      10.57300662302000    1.000000000000000   0.0000000000000000
         ks_64                      0.0006178138590000000    1.000000000000000   0.0000000000000000
         ks_65                      0.001893248530000000    1.000000000000000   0.0000000000000000
         ks_66                      5.526679993207000    1.000000000000000   0.0000000000000000
         ks_67                      8.776995795695001    1.000000000000000   0.0000000000000000
         ks_68                      0.009243856999999999    1.000000000000000   0.0000000000000000
         ks_69                      0.7379972013730000    1.000000000000000   0.0000000000000000
          ks_7                      1.019998400000000e-05    1.000000000000000   0.0000000000000000
         ks_70                      3.770356260708000    1.000000000000000   0.0000000000000000
         ks_71                      1.008681650000000e-05    1.000000000000000   0.0000000000000000
         ks_72                      8.771244330000000e-05    1.000000000000000   0.0000000000000000
         ks_73                      0.0001127750000000000    1.000000000000000   0.0000000000000000
         ks_74                      9.330000000000000e-05    1.000000000000000   0.0000000000000000
         ks_75                      1.419756030000000e-05    1.000000000000000   0.0000000000000000
         ks_76                      0.0001921053340000000    1.000000000000000   0.0000000000000000
         ks_77                      0.0001022770000000000    1.000000000000000   0.0000000000000000
         ks_78                      1.619999990000000e-05    1.000000000000000   0.0000000000000000
         ks_79                      1.000000000000000e-05    1.000000000000000   0.0000000000000000
          ks_8                      1.000000000000000e-05    1.000000000000000   0.0000000000000000
         ks_80                      261.4384030000000    1.000000000000000   0.0000000000000000
         ks_81                      9.040001390000000e-05    1.000000000000000   0.0000000000000000
         ks_82                      23.24217310961000    1.000000000000000   0.0000000000000000
         ks_83                      6.573204995504000    1.000000000000000   0.0000000000000000
         ks_84                      9.050000000000000e-05    1.000000000000000   0.0000000000000000
         ks_85                      1.289644790000000e-05    1.000000000000000   0.0000000000000000
         ks_86                      0.0001322770000000000    1.000000000000000   0.0000000000000000
         ks_87                      494.8575430000000    1.000000000000000   0.0000000000000000
         ks_88                      16.47430000000000    1.000000000000000   0.0000000000000000
         ks_89                      8.020000000000000e-05    1.000000000000000   0.0000000000000000
          ks_9                      8.213791068670000    1.000000000000000   0.0000000000000000
         ks_90                      4.484005450998000    1.000000000000000   0.0000000000000000
         ks_91                      14.46301783406000    1.000000000000000   0.0000000000000000
         ks_92                      0.0001139840000000000    1.000000000000000   0.0000000000000000
         ks_93                      0.04148967851700000    1.000000000000000   0.0000000000000000
         ks_94                      3.199988480000000e-05    1.000000000000000   0.0000000000000000
         ks_95                      0.0001000120000000000    1.000000000000000   0.0000000000000000
         ks_96                      0.0001729410000000000    1.000000000000000   0.0000000000000000
         ks_97                      5.519998850000000e-05    1.000000000000000   0.0000000000000000
         ks_98                      0.0001145900000000000    1.000000000000000   0.0000000000000000
         ks_99                      0.0001065570000000000    1.000000000000000   0.0000000000000000
    lak_cond_1                      1.000000000000000    1.000000000000000   0.0000000000000000
   lak_cond_12                      1.000000000000000    1.000000000000000   0.0000000000000000
    lak_cond_2                      1.000000000000000    1.000000000000000   0.0000000000000000
         pet_1                      9.500000000000001e-05    1.000000000000000   0.0000000000000000
 pond_recharge                      11323.95658791171    1.000000000000000   0.0000000000000000
       sfr_k_1                      0.09949348125918001    1.000000000000000   0.0000000000000000
      sfr_k_10                      0.09972757887878400    1.000000000000000   0.0000000000000000
      sfr_k_11                      0.09972170172647500    1.000000000000000   0.0000000000000000
      sfr_k_12                      0.1000000000000000    1.000000000000000   0.0000000000000000
      sfr_k_13                      0.1000000009945140    1.000000000000000   0.0000000000000000
      sfr_k_14                      0.09885623649192600    1.000000000000000   0.0000000000000000
      sfr_k_15                      0.09947840861034600    1.000000000000000   0.0000000000000000
      sfr_k_16                      0.09941385560667000    1.000000000000000   0.0000000000000000
      sfr_k_17                      0.09849176378812299    1.000000000000000   0.0000000000000000
      sfr_k_18                      0.09988819685716900    1.000000000000000   0.0000000000000000
      sfr_k_19                      0.09999999095869699    1.000000000000000   0.0000000000000000
       sfr_k_2                      0.09962990140376000    1.000000000000000   0.0000000000000000
      sfr_k_20                      0.1000000239506450    1.000000000000000   0.0000000000000000
      sfr_k_21                      0.1000023739259940    1.000000000000000   0.0000000000000000
      sfr_k_22                      0.09896432014340900    1.000000000000000   0.0000000000000000
       sfr_k_3                      0.09176891727490000    1.000000000000000   0.0000000000000000
       sfr_k_4                      0.09986623336924000    1.000000000000000   0.0000000000000000
       sfr_k_5                      0.09975563715421000    1.000000000000000   0.0000000000000000
       sfr_k_6                      0.1000754676435400    1.000000000000000   0.0000000000000000
       sfr_k_7                      0.09910109083381000    1.000000000000000   0.0000000000000000
       sfr_k_8                      0.09999961840034000    1.000000000000000   0.0000000000000000
       sfr_k_9                      0.1000051975427400    1.000000000000000   0.0000000000000000
     spill_447                      185.0599976000000    1.000000000000000   0.0000000000000000
     spill_449                      146.6000061000000    1.000000000000000   0.0000000000000000
     spill_688                      8.229600000000000    1.000000000000000   0.0000000000000000
     surfk_1_1                      0.0002511802941347000    1.000000000000000   0.0000000000000000
    surfk_1_10                      0.0002511890000024000    1.000000000000000   0.0000000000000000
    surfk_1_11                      0.0002511890000000100    1.000000000000000   0.0000000000000000
    surfk_1_12                      0.0002511889997016100    1.000000000000000   0.0000000000000000
    surfk_1_13                      0.0002511890000000000    1.000000000000000   0.0000000000000000
    surfk_1_14                      0.0002511890000000000    1.000000000000000   0.0000000000000000
    surfk_1_15                      0.0002511889998221000    1.000000000000000   0.0000000000000000
    surfk_1_16                      0.0002511858055590000    1.000000000000000   0.0000000000000000
    surfk_1_17                      0.0002511889999996000    1.000000000000000   0.0000000000000000
    surfk_1_18                      0.0002512124553266000    1.000000000000000   0.0000000000000000
    surfk_1_19                      0.0002511890000000000    1.000000000000000   0.0000000000000000
     surfk_1_2                      0.0002512059389536000    1.000000000000000   0.0000000000000000
    surfk_1_21                      0.0002511889999888800    1.000000000000000   0.0000000000000000
     surfk_1_3                      0.0002511889247767000    1.000000000000000   0.0000000000000000
     surfk_1_4                      0.0003981086920368000    1.000000000000000   0.0000000000000000
     surfk_1_5                      0.0003980856221076000    1.000000000000000   0.0000000000000000
     surfk_1_6                      0.0002511886628917000    1.000000000000000   0.0000000000000000
     surfk_1_8                      0.0002511890000000000    1.000000000000000   0.0000000000000000
     surfk_1_9                      0.0002511866274686000    1.000000000000000   0.0000000000000000
     surfk_2_1                      0.0002511977822078000    1.000000000000000   0.0000000000000000
    surfk_2_10                      0.0002511889999931000    1.000000000000000   0.0000000000000000
    surfk_2_11                      0.0002511881639946200    1.000000000000000   0.0000000000000000
    surfk_2_12                      0.0002511890466497200    1.000000000000000   0.0000000000000000
    surfk_2_14                      0.0001584890000000000    1.000000000000000   0.0000000000000000
    surfk_2_15                      0.0001584890000000000    1.000000000000000   0.0000000000000000
    surfk_2_16                      0.0001584889999633800    1.000000000000000   0.0000000000000000
    surfk_2_17                      0.0001584890000000000    1.000000000000000   0.0000000000000000
    surfk_2_18                      0.0001584693568700100    1.000000000000000   0.0000000000000000
    surfk_2_19                      0.0001584890000000000    1.000000000000000   0.0000000000000000
     surfk_2_2                      0.0001000000859248000    1.000000000000000   0.0000000000000000
    surfk_2_20                      0.0006309569999912100    1.000000000000000   0.0000000000000000
    surfk_2_21                      0.0001584889998050100    1.000000000000000   0.0000000000000000
    surfk_2_22                      0.0001584890011476600    1.000000000000000   0.0000000000000000
     surfk_2_3                      0.0001000000000000000    1.000000000000000   0.0000000000000000
     surfk_2_4                      0.0002511913899825000    1.000000000000000   0.0000000000000000
     surfk_2_5                      0.0002512120459758000    1.000000000000000   0.0000000000000000
     surfk_2_6                      0.0001584883495665000    1.000000000000000   0.0000000000000000
     surfk_2_7                      0.0002511890000000000    1.000000000000000   0.0000000000000000
     surfk_2_8                      0.0002511889999427000    1.000000000000000   0.0000000000000000
     surfk_2_9                      0.0002511896759210000    1.000000000000000   0.0000000000000000
     surfk_3_1                      3.020000000000000e-08    1.000000000000000   0.0000000000000000
    surfk_3_10                      3.090000000000000e-08    1.000000000000000   0.0000000000000000
    surfk_3_11                      3.090000000000000e-08    1.000000000000000   0.0000000000000000
    surfk_3_12                      3.089243974387800e-08    1.000000000000000   0.0000000000000000
    surfk_3_13                      3.090000000000000e-08    1.000000000000000   0.0000000000000000
    surfk_3_14                      3.090000000000000e-08    1.000000000000000   0.0000000000000000
    surfk_3_15                      3.090000000000000e-08    1.000000000000000   0.0000000000000000
    surfk_3_16                      1.000000000000000e-07    1.000000000000000   0.0000000000000000
    surfk_3_17                      3.090000000005800e-08    1.000000000000000   0.0000000000000000
    surfk_3_18                      3.090000000000000e-08    1.000000000000000   0.0000000000000000
    surfk_3_19                      3.089992389777200e-08    1.000000000000000   0.0000000000000000
     surfk_3_2                      3.090000000000000e-08    1.000000000000000   0.0000000000000000
    surfk_3_20                      1.149999999939700e-07    1.000000000000000   0.0000000000000000
    surfk_3_21                      3.089999999983500e-08    1.000000000000000   0.0000000000000000
    surfk_3_22                      3.089991762418000e-08    1.000000000000000   0.0000000000000000
     surfk_3_3                      3.090000000000000e-08    1.000000000000000   0.0000000000000000
     surfk_3_4                      3.090000000000000e-08    1.000000000000000   0.0000000000000000
     surfk_3_5                      3.090000000000000e-08    1.000000000000000   0.0000000000000000
     surfk_3_6                      1.000000000000000e-07    1.000000000000000   0.0000000000000000
     surfk_3_7                      3.090000000000000e-08    1.000000000000000   0.0000000000000000
     surfk_3_8                      3.090000000000000e-08    1.000000000000000   0.0000000000000000
     surfk_3_9                      3.090000000000000e-08    1.000000000000000   0.0000000000000000
   vka_ratio_1                      0.09250450393823142    1.000000000000000   0.0000000000000000
   vka_ratio_2                      0.09999511155824377    1.000000000000000   0.0000000000000000
   vka_ratio_3                      0.09999928740945029    1.000000000000000   0.0000000000000000
       vks_1_1                      0.0002511890000000000    1.000000000000000   0.0000000000000000
      vks_1_10                      0.0002511890000000000    1.000000000000000   0.0000000000000000
      vks_1_11                      0.0002511890000000000    1.000000000000000   0.0000000000000000
      vks_1_12                      0.0002511890000000000    1.000000000000000   0.0000000000000000
      vks_1_13                      0.0002511890000000000    1.000000000000000   0.0000000000000000
      vks_1_14                      0.0002511890000000000    1.000000000000000   0.0000000000000000
      vks_1_15                      0.0002511890000000000    1.000000000000000   0.0000000000000000
      vks_1_16                      0.0002511890000000000    1.000000000000000   0.0000000000000000
      vks_1_17                      0.0002511890000000000    1.000000000000000   0.0000000000000000
      vks_1_18                      0.0002511890000000000    1.000000000000000   0.0000000000000000
      vks_1_19                      0.0002511890000000000    1.000000000000000   0.0000000000000000
       vks_1_2                      0.0002511890000000000    1.000000000000000   0.0000000000000000
      vks_1_21                      0.0002511890000000000    1.000000000000000   0.0000000000000000
       vks_1_3                      0.0002511890000000000    1.000000000000000   0.0000000000000000
       vks_1_4                      0.0003981070000000000    1.000000000000000   0.0000000000000000
       vks_1_5                      0.0003981070000000000    1.000000000000000   0.0000000000000000
       vks_1_6                      0.0002511890000000000    1.000000000000000   0.0000000000000000
       vks_1_8                      0.0002511890000000000    1.000000000000000   0.0000000000000000
       vks_1_9                      0.0002511890000000000    1.000000000000000   0.0000000000000000
       vks_2_1                      0.0002511890000000000    1.000000000000000   0.0000000000000000
      vks_2_10                      0.0002511890000000000    1.000000000000000   0.0000000000000000
      vks_2_11                      0.0002511890000000000    1.000000000000000   0.0000000000000000
      vks_2_12                      0.0002511890000000000    1.000000000000000   0.0000000000000000
      vks_2_14                      0.0001584890000000000    1.000000000000000   0.0000000000000000
      vks_2_15                      0.0001584890000000000    1.000000000000000   0.0000000000000000
      vks_2_16                      0.0001584890000000000    1.000000000000000   0.0000000000000000
      vks_2_17                      0.0001584890000000000    1.000000000000000   0.0000000000000000
      vks_2_18                      0.0001584890000000000    1.000000000000000   0.0000000000000000
      vks_2_19                      0.0001584890000000000    1.000000000000000   0.0000000000000000
       vks_2_2                      0.0001000000000000000    1.000000000000000   0.0000000000000000
      vks_2_20                      0.0006309570000000000    1.000000000000000   0.0000000000000000
      vks_2_21                      0.0001584890000000000    1.000000000000000   0.0000000000000000
      vks_2_22                      0.0001584890000000000    1.000000000000000   0.0000000000000000
       vks_2_3                      0.0001000000000000000    1.000000000000000   0.0000000000000000
       vks_2_4                      0.0002511890000000000    1.000000000000000   0.0000000000000000
       vks_2_5                      0.0002511890000000000    1.000000000000000   0.0000000000000000
       vks_2_6                      0.0001584890000000000    1.000000000000000   0.0000000000000000
       vks_2_7                      0.0002511890000000000    1.000000000000000   0.0000000000000000
       vks_2_8                      0.0002511890000000000    1.000000000000000   0.0000000000000000
       vks_2_9                      0.0002511890000000000    1.000000000000000   0.0000000000000000
       vks_3_1                      3.020000000000000e-08    1.000000000000000   0.0000000000000000
      vks_3_10                      3.090000000000000e-08    1.000000000000000   0.0000000000000000
      vks_3_11                      3.090000000000000e-08    1.000000000000000   0.0000000000000000
      vks_3_12                      3.090000000000000e-08    1.000000000000000   0.0000000000000000
      vks_3_13                      3.090000000000000e-08    1.000000000000000   0.0000000000000000
      vks_3_14                      3.090000000000000e-08    1.000000000000000   0.0000000000000000
      vks_3_15                      3.090000000000000e-08    1.000000000000000   0.0000000000000000
      vks_3_16                      1.000000000000000e-07    1.000000000000000   0.0000000000000000
      vks_3_17                      3.090000000000000e-08    1.000000000000000   0.0000000000000000
      vks_3_18                      3.090000000000000e-08    1.000000000000000   0.0000000000000000
      vks_3_19                      3.090000000000000e-08    1.000000000000000   0.0000000000000000
       vks_3_2                      3.090000000000000e-08    1.000000000000000   0.0000000000000000
      vks_3_20                      1.150000000000000e-07    1.000000000000000   0.0000000000000000
      vks_3_21                      3.090000000000000e-08    1.000000000000000   0.0000000000000000
      vks_3_22                      3.090000000000000e-08    1.000000000000000   0.0000000000000000
       vks_3_3                      3.090000000000000e-08    1.000000000000000   0.0000000000000000
       vks_3_4                      3.090000000000000e-08    1.000000000000000   0.0000000000000000
       vks_3_5                      3.090000000000000e-08    1.000000000000000   0.0000000000000000
       vks_3_6                      1.000000000000000e-07    1.000000000000000   0.0000000000000000
       vks_3_7                      3.090000000000000e-08    1.000000000000000   0.0000000000000000
       vks_3_8                      3.090000000000000e-08    1.000000000000000   0.0000000000000000
       vks_3_9                      3.090000000000000e-08    1.000000000000000   0.0000000000000000
