single point
        finf_1                      0.4830353000000000    1.000000000000000   0.0000000000000000
       finf_10                      0.4725046550000000    1.000000000000000   0.0000000000000000
       finf_11                      0.4725046520000000    1.000000000000000   0.0000000000000000
       finf_12                      0.4725046520000000    1.000000000000000   0.0000000000000000
       finf_13                      0.4725046250000000    1.000000000000000   0.0000000000000000
       finf_14                      0.4830353020000000    1.000000000000000   0.0000000000000000
       finf_15                      0.4830353000000000    1.000000000000000   0.0000000000000000
       finf_16                      0.4830353000000000    1.000000000000000   0.0000000000000000
       finf_17                      0.4830352960000000    1.000000000000000   0.0000000000000000
       finf_18                      0.4830353000000000    1.000000000000000   0.0000000000000000
       finf_19                      0.4830353020000000    1.000000000000000   0.0000000000000000
        finf_2                      0.4830352990000000    1.000000000000000   0.0000000000000000
       finf_20                      0.5284619410000000    1.000000000000000   0.0000000000000000
       finf_21                      0.4830353010000000    1.000000000000000   0.0000000000000000
       finf_22                      0.4830353040000000    1.000000000000000   0.0000000000000000
        finf_3                      0.4830353050000000    1.000000000000000   0.0000000000000000
        finf_4                      0.4105800060000000    1.000000000000000   0.0000000000000000
        finf_5                      0.4105800060000000    1.000000000000000   0.0000000000000000
        finf_6                      0.4830352990000000    1.000000000000000   0.0000000000000000
        finf_7                      0.4725046530000000    1.000000000000000   0.0000000000000000
        finf_8                      0.4725046500000000    1.000000000000000   0.0000000000000000
        finf_9                      0.4725046480000000    1.000000000000000   0.0000000000000000
          ks_1                      2.384578948000000    1.000000000000000   0.0000000000000000
         ks_10                      1.834414964000000    1.000000000000000   0.0000000000000000
        ks_100                      6.470000000000000e-05    1.000000000000000   0.0000000000000000
        ks_101                      0.0006924330000000000    1.000000000000000   0.0000000000000000
        ks_102                      7.400000000000000e-05    1.000000000000000   0.0000000000000000
        ks_103                      0.0003439070000000000    1.000000000000000   0.0000000000000000
        ks_104                      9.680000000000000e-06    1.000000000000000   0.0000000000000000
        ks_105                      9.780000000000000e-06    1.000000000000000   0.0000000000000000
        ks_106                      0.0001450010000000000    1.000000000000000   0.0000000000000000
        ks_107                      0.0002505890000000000    1.000000000000000   0.0000000000000000
        ks_108                      4.494185529000000    1.000000000000000   0.0000000000000000
        ks_109                      7.577012191000000    1.000000000000000   0.0000000000000000
         ks_11                      0.3477885380000000    1.000000000000000   0.0000000000000000
        ks_110                      3.813475899000000    1.000000000000000   0.0000000000000000
        ks_111                      8.911853624999999    1.000000000000000   0.0000000000000000
        ks_112                      4.621970000000000    1.000000000000000   0.0000000000000000
        ks_113                      0.07043608899999999    1.000000000000000   0.0000000000000000
        ks_114                      9.762460314000000    1.000000000000000   0.0000000000000000
        ks_115                      6.762020287000000    1.000000000000000   0.0000000000000000
        ks_116                      0.3902270790000000    1.000000000000000   0.0000000000000000
        ks_117                      13.89639004000000    1.000000000000000   0.0000000000000000
        ks_118                      1.985967604000000    1.000000000000000   0.0000000000000000
        ks_119                      10.67754310000000    1.000000000000000   0.0000000000000000
         ks_12                      9.269048275999999    1.000000000000000   0.0000000000000000
        ks_120                      0.1220092530000000    1.000000000000000   0.0000000000000000
        ks_121                      2.302378967000000    1.000000000000000   0.0000000000000000
        ks_122                      42.27040310000000    1.000000000000000   0.0000000000000000
        ks_123                      9.666465568000000    1.000000000000000   0.0000000000000000
        ks_124                      2.123296531000000    1.000000000000000   0.0000000000000000
        ks_125                      29.80543003000000    1.000000000000000   0.0000000000000000
        ks_126                      265.0543037000000    1.000000000000000   0.0000000000000000
        ks_127                      0.9285769220000000    1.000000000000000   0.0000000000000000
        ks_128                      4.686478152000000    1.000000000000000   0.0000000000000000
        ks_129                      6.546658832000000    1.000000000000000   0.0000000000000000
         ks_13                      0.7247423800000000    1.000000000000000   0.0000000000000000
        ks_130                      5.558555067000000    1.000000000000000   0.0000000000000000
        ks_131                      0.0002010100000000000    1.000000000000000   0.0000000000000000
        ks_132                      0.0001989960000000000    1.000000000000000   0.0000000000000000
        ks_133                      0.0002007800000000000    1.000000000000000   0.0000000000000000
        ks_134                      0.02720135100000000    1.000000000000000   0.0000000000000000
        ks_135                      0.0001585250000000000    1.000000000000000   0.0000000000000000
        ks_136                      0.0002437260000000000    1.000000000000000   0.0000000000000000
        ks_137                      0.003854973000000000    1.000000000000000   0.0000000000000000
        ks_138                      6.740150671000000    1.000000000000000   0.0000000000000000
        ks_139                      0.0002285830000000000    1.000000000000000   0.0000000000000000
         ks_14                      4.356080479000000    1.000000000000000   0.0000000000000000
        ks_140                      15.00653372000000    1.000000000000000   0.0000000000000000
        ks_141                      0.0001982550000000000    1.000000000000000   0.0000000000000000
        ks_142                      0.0001996620000000000    1.000000000000000   0.0000000000000000
        ks_143                      0.001389254000000000    1.000000000000000   0.0000000000000000
        ks_144                      1.049060796000000    1.000000000000000   0.0000000000000000
        ks_145                      29.28479249000000    1.000000000000000   0.0000000000000000
        ks_146                      5.899950672000000    1.000000000000000   0.0000000000000000
        ks_147                      2.249067878000000    1.000000000000000   0.0000000000000000
        ks_148                      6.135359108000000    1.000000000000000   0.0000000000000000
        ks_149                      0.0002656990000000000    1.000000000000000   0.0000000000000000
         ks_15                      1.162774410000000    1.000000000000000   0.0000000000000000
        ks_150                      7.630136350000000    1.000000000000000   0.0000000000000000
        ks_151                      6.242376904000000    1.000000000000000   0.0000000000000000
        ks_152                      0.1255612290000000    1.000000000000000   0.0000000000000000
        ks_153                      48.56183504000000    1.000000000000000   0.0000000000000000
        ks_154                      31.06620151000000    1.000000000000000   0.0000000000000000
        ks_155                      0.0001750340000000000    1.000000000000000   0.0000000000000000
        ks_156                      0.1855366140000000    1.000000000000000   0.0000000000000000
        ks_157                      0.1801446540000000    1.000000000000000   0.0000000000000000
        ks_158                      0.6415643420000000    1.000000000000000   0.0000000000000000
        ks_159                      0.02651146300000000    1.000000000000000   0.0000000000000000
         ks_16                      234.4803750000000    1.000000000000000   0.0000000000000000
        ks_160                      1.098510189000000    1.000000000000000   0.0000000000000000
        ks_161                      500.0000000000000    1.000000000000000   0.0000000000000000
        ks_162                      0.1966007280000000    1.000000000000000   0.0000000000000000
        ks_163                      0.06981046000000000    1.000000000000000   0.0000000000000000
        ks_164                      0.05635743300000000    1.000000000000000   0.0000000000000000
        ks_165                      7.134650037000000    1.000000000000000   0.0000000000000000
        ks_166                      0.01561204600000000    1.000000000000000   0.0000000000000000
        ks_167                      0.02465127700000000    1.000000000000000   0.0000000000000000
        ks_168                      0.04312361100000000    1.000000000000000   0.0000000000000000
        ks_169                      0.0002307660000000000    1.000000000000000   0.0000000000000000
         ks_17                      1.719886494000000    1.000000000000000   0.0000000000000000
        ks_170                      0.001511800000000000    1.000000000000000   0.0000000000000000
        ks_171                      0.3449788120000000    1.000000000000000   0.0000000000000000
        ks_172                      0.02033765200000000    1.000000000000000   0.0000000000000000
        ks_173                      0.005843774000000000    1.000000000000000   0.0000000000000000
        ks_174                      6.055532626000000    1.000000000000000   0.0000000000000000
        ks_175                      0.1293499530000000    1.000000000000000   0.0000000000000000
        ks_176                      0.001430395000000000    1.000000000000000   0.0000000000000000
        ks_177                      1.156359455000000    1.000000000000000   0.0000000000000000
        ks_178                      0.0002002370000000000    1.000000000000000   0.0000000000000000
        ks_179                      0.5709992610000000    1.000000000000000   0.0000000000000000
         ks_18                      2.453396932000000    1.000000000000000   0.0000000000000000
        ks_180                      1.860000000000000e-05    1.000000000000000   0.0000000000000000
        ks_181                      0.01241338200000000    1.000000000000000   0.0000000000000000
        ks_182                      5.241527651000000    1.000000000000000   0.0000000000000000
        ks_183                      0.9962278070000000    1.000000000000000   0.0000000000000000
        ks_184                      0.0003337680000000000    1.000000000000000   0.0000000000000000
        ks_185                      9.540000000000000e-05    1.000000000000000   0.0000000000000000
        ks_186                      9.810000000000000e-05    1.000000000000000   0.0000000000000000
        ks_187                      0.0001092380000000000    1.000000000000000   0.0000000000000000
        ks_188                      0.0003572990000000000    1.000000000000000   0.0000000000000000
        ks_189                      0.0001147280000000000    1.000000000000000   0.0000000000000000
         ks_19                      45.95380634000000    1.000000000000000   0.0000000000000000
        ks_190                      9.629999999999999e-06    1.000000000000000   0.0000000000000000
        ks_191                      0.0001008020000000000    1.000000000000000   0.0000000000000000
        ks_192                      0.0001215430000000000    1.000000000000000   0.0000000000000000
        ks_193                      0.001446959000000000    1.000000000000000   0.0000000000000000
        ks_194                      9.560000000000000e-06    1.000000000000000   0.0000000000000000
        ks_195                      0.0006734530000000000    1.000000000000000   0.0000000000000000
        ks_196                      9.590000000000000e-06    1.000000000000000   0.0000000000000000
        ks_197                      8.180000000000000e-05    1.000000000000000   0.0000000000000000
        ks_198                      0.0001699420000000000    1.000000000000000   0.0000000000000000
        ks_199                      1.080000000000000e-05    1.000000000000000   0.0000000000000000
          ks_2                      0.02302321900000000    1.000000000000000   0.0000000000000000
         ks_20                      1.661255429000000    1.000000000000000   0.0000000000000000
        ks_200                      9.650000000000001e-06    1.000000000000000   0.0000000000000000
        ks_201                      9.560000000000000e-06    1.000000000000000   0.0000000000000000
        ks_202                      0.0001013180000000000    1.000000000000000   0.0000000000000000
        ks_203                      0.0001136310000000000    1.000000000000000   0.0000000000000000
        ks_204                      9.950000000000001e-05    1.000000000000000   0.0000000000000000
        ks_205                      0.0001034740000000000    1.000000000000000   0.0000000000000000
        ks_206                      9.619999999999999e-06    1.000000000000000   0.0000000000000000
        ks_207                      0.0001016800000000000    1.000000000000000   0.0000000000000000
        ks_208                      1.300000000000000e-05    1.000000000000000   0.0000000000000000
        ks_209                      0.0002636150000000000    1.000000000000000   0.0000000000000000
         ks_21                      0.9660053080000000    1.000000000000000   0.0000000000000000
        ks_210                      8.670000000000001e-05    1.000000000000000   0.0000000000000000
        ks_211                      8.800000000000000e-05    1.000000000000000   0.0000000000000000
        ks_212                      3.900000000000000e-05    1.000000000000000   0.0000000000000000
        ks_213                      9.550000000000000e-05    1.000000000000000   0.0000000000000000
        ks_214                      9.910000000000000e-05    1.000000000000000   0.0000000000000000
        ks_215                      9.800000000000000e-05    1.000000000000000   0.0000000000000000
        ks_216                      0.0001001910000000000    1.000000000000000   0.0000000000000000
        ks_217                      5.400000000000000e-05    1.000000000000000   0.0000000000000000
        ks_218                      5.160000000000000e-05    1.000000000000000   0.0000000000000000
        ks_219                      0.0001037070000000000    1.000000000000000   0.0000000000000000
         ks_22                      0.4713529830000000    1.000000000000000   0.0000000000000000
        ks_220                      9.210000000000000e-05    1.000000000000000   0.0000000000000000
        ks_221                      0.0001247830000000000    1.000000000000000   0.0000000000000000
        ks_222                      0.0001050810000000000    1.000000000000000   0.0000000000000000
        ks_223                      0.0001009770000000000    1.000000000000000   0.0000000000000000
        ks_224                      9.970000000000000e-05    1.000000000000000   0.0000000000000000
        ks_225                      9.780000000000000e-06    1.000000000000000   0.0000000000000000
        ks_226                      0.0001052680000000000    1.000000000000000   0.0000000000000000
        ks_227                      8.650000000000000e-05    1.000000000000000   0.0000000000000000
        ks_228                      6.250000000000000e-05    1.000000000000000   0.0000000000000000
        ks_229                      0.0003901260000000000    1.000000000000000   0.0000000000000000
         ks_23                      362.4160110000000    1.000000000000000   0.0000000000000000
        ks_230                      1.470000000000000e-05    1.000000000000000   0.0000000000000000
        ks_231                      7.839999999999999e-05    1.000000000000000   0.0000000000000000
        ks_232                      0.0003536530000000000    1.000000000000000   0.0000000000000000
        ks_233                      5.730000000000000e-05    1.000000000000000   0.0000000000000000
         ks_24                      0.04914604700000000    1.000000000000000   0.0000000000000000
         ks_25                      0.08339902100000000    1.000000000000000   0.0000000000000000
         ks_26                      5000.000000000000    1.000000000000000   0.0000000000000000
         ks_27                      0.2058927780000000    1.000000000000000   0.0000000000000000
         ks_28                      0.3490532560000000    1.000000000000000   0.0000000000000000
         ks_29                      3.385110653000000    1.000000000000000   0.0000000000000000
          ks_3                      0.7731163089999999    1.000000000000000   0.0000000000000000
         ks_30                      9.690000000000000e-06    1.000000000000000   0.0000000000000000
         ks_31                      2.724324833000000    1.000000000000000   0.0000000000000000
         ks_32                      0.0001892890000000000    1.000000000000000   0.0000000000000000
         ks_33                      0.1020234600000000    1.000000000000000   0.0000000000000000
         ks_34                      50.95179203000000    1.000000000000000   0.0000000000000000
         ks_35                      0.0001811640000000000    1.000000000000000   0.0000000000000000
         ks_36                      0.0004844450000000000    1.000000000000000   0.0000000000000000
         ks_37                      0.0002073310000000000    1.000000000000000   0.0000000000000000
         ks_38                      0.08028002300000001    1.000000000000000   0.0000000000000000
         ks_39                      0.0001953660000000000    1.000000000000000   0.0000000000000000
          ks_4                      68.55299381000000    1.000000000000000   0.0000000000000000
         ks_40                      1.177758234000000    1.000000000000000   0.0000000000000000
         ks_41                      1.183044136000000    1.000000000000000   0.0000000000000000
         ks_42                      2.390468897000000    1.000000000000000   0.0000000000000000
         ks_43                      0.08735608700000000    1.000000000000000   0.0000000000000000
         ks_44                      0.2992911320000000    1.000000000000000   0.0000000000000000
         ks_45                      0.01202359400000000    1.000000000000000   0.0000000000000000
         ks_46                      0.1825256260000000    1.000000000000000   0.0000000000000000
         ks_47                      5.636418545000000    1.000000000000000   0.0000000000000000
         ks_48                      9.163236776000000    1.000000000000000   0.0000000000000000
         ks_49                      0.0001756840000000000    1.000000000000000   0.0000000000000000
          ks_5                      159.0749100000000    1.000000000000000   0.0000000000000000
         ks_50                      3.934187806000000    1.000000000000000   0.0000000000000000
         ks_51                      4.240000000000000e-05    1.000000000000000   0.0000000000000000
         ks_52                      0.003362595000000000    1.000000000000000   0.0000000000000000
         ks_53                      5.113382193000000    1.000000000000000   0.0000000000000000
         ks_54                      0.01859487200000000    1.000000000000000   0.0000000000000000
         ks_55                      9.174030161999999    1.000000000000000   0.0000000000000000
         ks_56                      73.14436359000000    1.000000000000000   0.0000000000000000
         ks_57                      4.914907678000000    1.000000000000000   0.0000000000000000
         ks_58                      0.3200672160000000    1.000000000000000   0.0000000000000000
         ks_59                      0.06292946900000000    1.000000000000000   0.0000000000000000
          ks_6                      244.8203200000000    1.000000000000000   0.0000000000000000
         ks_60                      4.624194561000000    1.000000000000000   0.0000000000000000
         ks_61                      0.02934373900000000    1.000000000000000   0.0000000000000000
         ks_62                      0.1940795310000000    1.000000000000000   0.0000000000000000
         ks_63                      10.94338861000000    1.000000000000000   0.0000000000000000
         ks_64                      0.0005697410000000000    1.000000000000000   0.0000000000000000
         ks_65                      0.001447741000000000    1.000000000000000   0.0000000000000000
         ks_66                      5.727972018000000    1.000000000000000   0.0000000000000000
         ks_67                      11.95673955000000    1.000000000000000   0.0000000000000000
         ks_68                      0.006678461000000000    1.000000000000000   0.0000000000000000
         ks_69                      0.7602246969999999    1.000000000000000   0.0000000000000000
          ks_7                      9.880000000000000e-06    1.000000000000000   0.0000000000000000
         ks_70                      3.890284522000000    1.000000000000000   0.0000000000000000
         ks_71                      9.670000000000001e-06    1.000000000000000   0.0000000000000000
         ks_72                      8.910000000000000e-05    1.000000000000000   0.0000000000000000
         ks_73                      0.0001012220000000000    1.000000000000000   0.0000000000000000
         ks_74                      9.330000000000000e-05    1.000000000000000   0.0000000000000000
         ks_75                      1.140000000000000e-05    1.000000000000000   0.0000000000000000
         ks_76                      0.0001460100000000000    1.000000000000000   0.0000000000000000
         ks_77                      0.0001021420000000000    1.000000000000000   0.0000000000000000
         ks_78                      1.410000000000000e-05    1.000000000000000   0.0000000000000000
         ks_79                      9.609999999999999e-06    1.000000000000000   0.0000000000000000
          ks_8                      9.690000000000000e-06    1.000000000000000   0.0000000000000000
         ks_80                      189.1148590000000    1.000000000000000   0.0000000000000000
         ks_81                      8.460000000000000e-05    1.000000000000000   0.0000000000000000
         ks_82                      500.0000000000000    1.000000000000000   0.0000000000000000
         ks_83                      6.815819692000000    1.000000000000000   0.0000000000000000
         ks_84                      8.430000000000000e-05    1.000000000000000   0.0000000000000000
         ks_85                      1.250000000000000e-05    1.000000000000000   0.0000000000000000
         ks_86                      0.0001314940000000000    1.000000000000000   0.0000000000000000
         ks_87                      500.0000000000000    1.000000000000000   0.0000000000000000
         ks_88                      26.81596993000000    1.000000000000000   0.0000000000000000
         ks_89                      7.760000000000000e-05    1.000000000000000   0.0000000000000000
          ks_9                      8.202404897999999    1.000000000000000   0.0000000000000000
         ks_90                      4.645155789000000    1.000000000000000   0.0000000000000000
         ks_91                      14.98360000000000    1.000000000000000   0.0000000000000000
         ks_92                      0.0001139230000000000    1.000000000000000   0.0000000000000000
         ks_93                      0.1855233110000000    1.000000000000000   0.0000000000000000
         ks_94                      9.590000000000000e-06    1.000000000000000   0.0000000000000000
         ks_95                      9.990000000000000e-05    1.000000000000000   0.0000000000000000
         ks_96                      0.0001728000000000000    1.000000000000000   0.0000000000000000
         ks_97                      2.990000000000000e-05    1.000000000000000   0.0000000000000000
         ks_98                      0.0001085480000000000    1.000000000000000   0.0000000000000000
         ks_99                      0.0001064360000000000    1.000000000000000   0.0000000000000000
    lak_cond_1                      1.000000000000000    1.000000000000000   0.0000000000000000
   lak_cond_12                      1.029473147000000    1.000000000000000   0.0000000000000000
    lak_cond_2                      1.000000000000000    1.000000000000000   0.0000000000000000
         pet_1                      9.500000000000001e-05    1.000000000000000   0.0000000000000000
 pond_recharge                      22026.23389000000    1.000000000000000   0.0000000000000000
       sfr_k_1                      0.06052894600000000    1.000000000000000   0.0000000000000000
      sfr_k_10                      0.1130241660000000    1.000000000000000   0.0000000000000000
      sfr_k_11                      0.2170417550000000    1.000000000000000   0.0000000000000000
      sfr_k_12                      0.8849765750000000    1.000000000000000   0.0000000000000000
      sfr_k_13                      0.09961343500000000    1.000000000000000   0.0000000000000000
      sfr_k_14                      0.1962499550000000    1.000000000000000   0.0000000000000000
      sfr_k_15                      0.1291279790000000    1.000000000000000   0.0000000000000000
      sfr_k_16                      0.2683445670000000    1.000000000000000   0.0000000000000000
      sfr_k_17                      0.1088446860000000    1.000000000000000   0.0000000000000000
      sfr_k_18                      0.1414750000000000    1.000000000000000   0.0000000000000000
      sfr_k_19                      0.1035204360000000    1.000000000000000   0.0000000000000000
       sfr_k_2                      0.1815123700000000    1.000000000000000   0.0000000000000000
      sfr_k_20                      0.1039295940000000    1.000000000000000   0.0000000000000000
      sfr_k_21                      0.1761497020000000    1.000000000000000   0.0000000000000000
      sfr_k_22                      0.1256705200000000    1.000000000000000   0.0000000000000000
       sfr_k_3                      0.09415328500000000    1.000000000000000   0.0000000000000000
       sfr_k_4                      0.03059920800000000    1.000000000000000   0.0000000000000000
       sfr_k_5                      0.2054159010000000    1.000000000000000   0.0000000000000000
       sfr_k_6                      0.5859405100000000    1.000000000000000   0.0000000000000000
       sfr_k_7                      0.2543181020000000    1.000000000000000   0.0000000000000000
       sfr_k_8                      0.3022339540000000    1.000000000000000   0.0000000000000000
       sfr_k_9                      0.1775654150000000    1.000000000000000   0.0000000000000000
     spill_447                      185.0599976000000    1.000000000000000   0.0000000000000000
     spill_449                      146.6000061000000    1.000000000000000   0.0000000000000000
     spill_688                      8.230000000000000    1.000000000000000   0.0000000000000000
     surfk_1_1                      0.0002240890000000000    1.000000000000000   0.0000000000000000
    surfk_1_10                      0.0002531290000000000    1.000000000000000   0.0000000000000000
    surfk_1_11                      0.0002508900000000000    1.000000000000000   0.0000000000000000
    surfk_1_12                      0.0002508230000000000    1.000000000000000   0.0000000000000000
    surfk_1_13                      0.0002508890000000000    1.000000000000000   0.0000000000000000
    surfk_1_14                      0.0002508040000000000    1.000000000000000   0.0000000000000000
    surfk_1_15                      0.0002310290000000000    1.000000000000000   0.0000000000000000
    surfk_1_16                      0.0002275330000000000    1.000000000000000   0.0000000000000000
    surfk_1_17                      0.0002509190000000000    1.000000000000000   0.0000000000000000
    surfk_1_18                      0.0002637470000000000    1.000000000000000   0.0000000000000000
    surfk_1_19                      0.0002508610000000000    1.000000000000000   0.0000000000000000
     surfk_1_2                      0.0002254730000000000    1.000000000000000   0.0000000000000000
    surfk_1_21                      0.0002488300000000000    1.000000000000000   0.0000000000000000
     surfk_1_3                      0.0002320440000000000    1.000000000000000   0.0000000000000000
     surfk_1_4                      0.0003457030000000000    1.000000000000000   0.0000000000000000
     surfk_1_5                      0.0003334400000000000    1.000000000000000   0.0000000000000000
     surfk_1_6                      0.0002305080000000000    1.000000000000000   0.0000000000000000
     surfk_1_8                      0.0002494660000000000    1.000000000000000   0.0000000000000000
     surfk_1_9                      0.0002117630000000000    1.000000000000000   0.0000000000000000
     surfk_2_1                      0.0003163760000000000    1.000000000000000   0.0000000000000000
    surfk_2_10                      0.0002465870000000000    1.000000000000000   0.0000000000000000
    surfk_2_11                      0.0002311530000000000    1.000000000000000   0.0000000000000000
    surfk_2_12                      0.0002084510000000000    1.000000000000000   0.0000000000000000
    surfk_2_14                      0.0001449230000000000    1.000000000000000   0.0000000000000000
    surfk_2_15                      0.0001631200000000000    1.000000000000000   0.0000000000000000
    surfk_2_16                      0.0001529940000000000    1.000000000000000   0.0000000000000000
    surfk_2_17                      0.0001583070000000000    1.000000000000000   0.0000000000000000
    surfk_2_18                      0.0001724600000000000    1.000000000000000   0.0000000000000000
    surfk_2_19                      0.0001583190000000000    1.000000000000000   0.0000000000000000
     surfk_2_2                      9.260000000000000e-05    1.000000000000000   0.0000000000000000
    surfk_2_20                      0.0005661050000000000    1.000000000000000   0.0000000000000000
    surfk_2_21                      0.0001583650000000000    1.000000000000000   0.0000000000000000
    surfk_2_22                      0.0001518740000000000    1.000000000000000   0.0000000000000000
     surfk_2_3                      9.980000000000000e-05    1.000000000000000   0.0000000000000000
     surfk_2_4                      0.0002207400000000000    1.000000000000000   0.0000000000000000
     surfk_2_5                      0.0002624880000000000    1.000000000000000   0.0000000000000000
     surfk_2_6                      0.0001292600000000000    1.000000000000000   0.0000000000000000
     surfk_2_7                      0.0002413750000000000    1.000000000000000   0.0000000000000000
     surfk_2_8                      0.0002415610000000000    1.000000000000000   0.0000000000000000
     surfk_2_9                      0.0002164850000000000    1.000000000000000   0.0000000000000000
     surfk_3_1                      3.010000000000000e-08    1.000000000000000   0.0000000000000000
    surfk_3_10                      3.100000000000000e-08    1.000000000000000   0.0000000000000000
    surfk_3_11                      3.100000000000000e-08    1.000000000000000   0.0000000000000000
    surfk_3_12                      3.100000000000000e-08    1.000000000000000   0.0000000000000000
    surfk_3_13                      3.100000000000000e-08    1.000000000000000   0.0000000000000000
    surfk_3_14                      3.150000000000000e-08    1.000000000000000   0.0000000000000000
    surfk_3_15                      3.080000000000000e-08    1.000000000000000   0.0000000000000000
    surfk_3_16                      1.040000000000000e-07    1.000000000000000   0.0000000000000000
    surfk_3_17                      3.180000000000000e-08    1.000000000000000   0.0000000000000000
    surfk_3_18                      2.990000000000000e-08    1.000000000000000   0.0000000000000000
    surfk_3_19                      3.100000000000000e-08    1.000000000000000   0.0000000000000000
     surfk_3_2                      3.080000000000000e-08    1.000000000000000   0.0000000000000000
    surfk_3_20                      1.110000000000000e-07    1.000000000000000   0.0000000000000000
    surfk_3_21                      3.100000000000000e-08    1.000000000000000   0.0000000000000000
    surfk_3_22                      2.480000000000000e-08    1.000000000000000   0.0000000000000000
     surfk_3_3                      3.080000000000000e-08    1.000000000000000   0.0000000000000000
     surfk_3_4                      3.080000000000000e-08    1.000000000000000   0.0000000000000000
     surfk_3_5                      3.100000000000000e-08    1.000000000000000   0.0000000000000000
     surfk_3_6                      9.979999999999999e-08    1.000000000000000   0.0000000000000000
     surfk_3_7                      3.080000000000000e-08    1.000000000000000   0.0000000000000000
     surfk_3_8                      3.100000000000000e-08    1.000000000000000   0.0000000000000000
     surfk_3_9                      3.100000000000000e-08    1.000000000000000   0.0000000000000000
   vka_ratio_1                      0.3434779130000000    1.000000000000000   0.0000000000000000
   vka_ratio_2                      0.1013930000000000    1.000000000000000   0.0000000000000000
   vka_ratio_3                      0.06011194800000000    1.000000000000000   0.0000000000000000
       vks_1_1                      0.0002511890000000000    1.000000000000000   0.0000000000000000
      vks_1_10                      0.0002511890000000000    1.000000000000000   0.0000000000000000
      vks_1_11                      0.0002511890000000000    1.000000000000000   0.0000000000000000
      vks_1_12                      0.0002511890000000000    1.000000000000000   0.0000000000000000
      vks_1_13                      0.0002511890000000000    1.000000000000000   0.0000000000000000
      vks_1_14                      0.0002511890000000000    1.000000000000000   0.0000000000000000
      vks_1_15                      0.0002511890000000000    1.000000000000000   0.0000000000000000
      vks_1_16                      0.0002511890000000000    1.000000000000000   0.0000000000000000
      vks_1_17                      0.0002511890000000000    1.000000000000000   0.0000000000000000
      vks_1_18                      0.0002511890000000000    1.000000000000000   0.0000000000000000
      vks_1_19                      0.0002511890000000000    1.000000000000000   0.0000000000000000
       vks_1_2                      0.0002511890000000000    1.000000000000000   0.0000000000000000
      vks_1_21                      0.0002511890000000000    1.000000000000000   0.0000000000000000
       vks_1_3                      0.0002511890000000000    1.000000000000000   0.0000000000000000
       vks_1_4                      0.0003981070000000000    1.000000000000000   0.0000000000000000
       vks_1_5                      0.0003981070000000000    1.000000000000000   0.0000000000000000
       vks_1_6                      0.0002511890000000000    1.000000000000000   0.0000000000000000
       vks_1_8                      0.0002511890000000000    1.000000000000000   0.0000000000000000
       vks_1_9                      0.0002511890000000000    1.000000000000000   0.0000000000000000
       vks_2_1                      0.0002511890000000000    1.000000000000000   0.0000000000000000
      vks_2_10                      0.0002511890000000000    1.000000000000000   0.0000000000000000
      vks_2_11                      0.0002511890000000000    1.000000000000000   0.0000000000000000
      vks_2_12                      0.0002511890000000000    1.000000000000000   0.0000000000000000
      vks_2_14                      0.0001584890000000000    1.000000000000000   0.0000000000000000
      vks_2_15                      0.0001584890000000000    1.000000000000000   0.0000000000000000
      vks_2_16                      0.0001584890000000000    1.000000000000000   0.0000000000000000
      vks_2_17                      0.0001584890000000000    1.000000000000000   0.0000000000000000
      vks_2_18                      0.0001584890000000000    1.000000000000000   0.0000000000000000
      vks_2_19                      0.0001584890000000000    1.000000000000000   0.0000000000000000
       vks_2_2                      0.0001000000000000000    1.000000000000000   0.0000000000000000
      vks_2_20                      0.0006309570000000000    1.000000000000000   0.0000000000000000
      vks_2_21                      0.0001584890000000000    1.000000000000000   0.0000000000000000
      vks_2_22                      0.0001584890000000000    1.000000000000000   0.0000000000000000
       vks_2_3                      0.0001000000000000000    1.000000000000000   0.0000000000000000
       vks_2_4                      0.0002511890000000000    1.000000000000000   0.0000000000000000
       vks_2_5                      0.0002511890000000000    1.000000000000000   0.0000000000000000
       vks_2_6                      0.0001584890000000000    1.000000000000000   0.0000000000000000
       vks_2_7                      0.0002511890000000000    1.000000000000000   0.0000000000000000
       vks_2_8                      0.0002511890000000000    1.000000000000000   0.0000000000000000
       vks_2_9                      0.0002511890000000000    1.000000000000000   0.0000000000000000
       vks_3_1                      3.020000000000000e-08    1.000000000000000   0.0000000000000000
      vks_3_10                      3.090000000000000e-08    1.000000000000000   0.0000000000000000
      vks_3_11                      3.090000000000000e-08    1.000000000000000   0.0000000000000000
      vks_3_12                      3.090000000000000e-08    1.000000000000000   0.0000000000000000
      vks_3_13                      3.090000000000000e-08    1.000000000000000   0.0000000000000000
      vks_3_14                      3.090000000000000e-08    1.000000000000000   0.0000000000000000
      vks_3_15                      3.090000000000000e-08    1.000000000000000   0.0000000000000000
      vks_3_16                      1.000000000000000e-07    1.000000000000000   0.0000000000000000
      vks_3_17                      3.090000000000000e-08    1.000000000000000   0.0000000000000000
      vks_3_18                      3.090000000000000e-08    1.000000000000000   0.0000000000000000
      vks_3_19                      3.090000000000000e-08    1.000000000000000   0.0000000000000000
       vks_3_2                      3.090000000000000e-08    1.000000000000000   0.0000000000000000
      vks_3_20                      1.150000000000000e-07    1.000000000000000   0.0000000000000000
      vks_3_21                      3.090000000000000e-08    1.000000000000000   0.0000000000000000
      vks_3_22                      3.090000000000000e-08    1.000000000000000   0.0000000000000000
       vks_3_3                      3.090000000000000e-08    1.000000000000000   0.0000000000000000
       vks_3_4                      3.090000000000000e-08    1.000000000000000   0.0000000000000000
       vks_3_5                      3.090000000000000e-08    1.000000000000000   0.0000000000000000
       vks_3_6                      1.000000000000000e-07    1.000000000000000   0.0000000000000000
       vks_3_7                      3.090000000000000e-08    1.000000000000000   0.0000000000000000
       vks_3_8                      3.090000000000000e-08    1.000000000000000   0.0000000000000000
       vks_3_9                      3.090000000000000e-08    1.000000000000000   0.0000000000000000
