single point
        finf_1                      0.4830353000000000    1.000000000000000   0.0000000000000000
       finf_10                      0.4725046550000000    1.000000000000000   0.0000000000000000
       finf_11                      0.4725046520000000    1.000000000000000   0.0000000000000000
       finf_12                      0.4725046520000000    1.000000000000000   0.0000000000000000
       finf_13                      0.4725046250000000    1.000000000000000   0.0000000000000000
       finf_14                      0.4830353020000000    1.000000000000000   0.0000000000000000
       finf_15                      0.4830353000000000    1.000000000000000   0.0000000000000000
       finf_16                      0.4830353000000000    1.000000000000000   0.0000000000000000
       finf_17                      0.4830352960000000    1.000000000000000   0.0000000000000000
       finf_18                      0.4830353000000000    1.000000000000000   0.0000000000000000
       finf_19                      0.4830353020000000    1.000000000000000   0.0000000000000000
        finf_2                      0.4830352990000000    1.000000000000000   0.0000000000000000
       finf_20                      0.5284619410000000    1.000000000000000   0.0000000000000000
       finf_21                      0.4830353010000000    1.000000000000000   0.0000000000000000
       finf_22                      0.4830353040000000    1.000000000000000   0.0000000000000000
        finf_3                      0.4830353050000000    1.000000000000000   0.0000000000000000
        finf_4                      0.4105800060000000    1.000000000000000   0.0000000000000000
        finf_5                      0.4105800060000000    1.000000000000000   0.0000000000000000
        finf_6                      0.4830352990000000    1.000000000000000   0.0000000000000000
        finf_7                      0.4725046530000000    1.000000000000000   0.0000000000000000
        finf_8                      0.4725046500000000    1.000000000000000   0.0000000000000000
        finf_9                      0.4725046480000000    1.000000000000000   0.0000000000000000
          ks_1                      2.428976299490000    1.000000000000000   0.0000000000000000
         ks_10                      1.834662046124000    1.000000000000000   0.0000000000000000
        ks_100                      0.0002682154967000000    1.000000000000000   0.0000000000000000
        ks_101                      0.0006924330000000000    1.000000000000000   0.0000000000000000
        ks_102                      7.388841239999999e-05    1.000000000000000   0.0000000000000000
        ks_103                      0.0003436208535000000    1.000000000000000   0.0000000000000000
        ks_104                      9.680000000000000e-06    1.000000000000000   0.0000000000000000
        ks_105                      9.780001627000000e-06    1.000000000000000   0.0000000000000000
        ks_106                      0.0001450010000000000    1.000000000000000   0.0000000000000000
        ks_107                      0.0002524376497000000    1.000000000000000   0.0000000000000000
        ks_108                      4.466504616163200    1.000000000000000   0.0000000000000000
        ks_109                      7.525781288413900    1.000000000000000   0.0000000000000000
         ks_11                      0.3566981321770000    1.000000000000000   0.0000000000000000
        ks_110                      3.733240476225400    1.000000000000000   0.0000000000000000
        ks_111                      8.623442385817500    1.000000000000000   0.0000000000000000
        ks_112                      4.459846319413400    1.000000000000000   0.0000000000000000
        ks_113                      0.07258077115880000    1.000000000000000   0.0000000000000000
        ks_114                      10.18782204868000    1.000000000000000   0.0000000000000000
        ks_115                      6.798634745552900    1.000000000000000   0.0000000000000000
        ks_116                      0.3877969563445000    1.000000000000000   0.0000000000000000
        ks_117                      13.90546386824400    1.000000000000000   0.0000000000000000
        ks_118                      1.966421562459900    1.000000000000000   0.0000000000000000
        ks_119                      10.64782867745600    1.000000000000000   0.0000000000000000
         ks_12                      9.269048276488000    1.000000000000000   0.0000000000000000
        ks_120                      0.1171005057479000    1.000000000000000   0.0000000000000000
        ks_121                      2.332562599661400    1.000000000000000   0.0000000000000000
        ks_122                      43.01434558403600    1.000000000000000   0.0000000000000000
        ks_123                      9.391125124087500    1.000000000000000   0.0000000000000000
        ks_124                      2.123296412992300    1.000000000000000   0.0000000000000000
        ks_125                      30.90717512073500    1.000000000000000   0.0000000000000000
        ks_126                      274.1857914000000    1.000000000000000   0.0000000000000000
        ks_127                      0.9306016326178000    1.000000000000000   0.0000000000000000
        ks_128                      4.857483438585500    1.000000000000000   0.0000000000000000
        ks_129                      6.530041550138600    1.000000000000000   0.0000000000000000
         ks_13                      0.6889304857830000    1.000000000000000   0.0000000000000000
        ks_130                      5.262787187516500    1.000000000000000   0.0000000000000000
        ks_131                      0.0002010100000000000    1.000000000000000   0.0000000000000000
        ks_132                      0.0001989960000000000    1.000000000000000   0.0000000000000000
        ks_133                      0.0002007800000000000    1.000000000000000   0.0000000000000000
        ks_134                      0.02720135083440000    1.000000000000000   0.0000000000000000
        ks_135                      0.0001585250000000000    1.000000000000000   0.0000000000000000
        ks_136                      0.0002380817545000000    1.000000000000000   0.0000000000000000
        ks_137                      0.003873333803000000    1.000000000000000   0.0000000000000000
        ks_138                      6.739289889044500    1.000000000000000   0.0000000000000000
        ks_139                      0.0002285830000000000    1.000000000000000   0.0000000000000000
         ks_14                      4.343622031155000    1.000000000000000   0.0000000000000000
        ks_140                      15.06034875824500    1.000000000000000   0.0000000000000000
        ks_141                      0.0001982550000000000    1.000000000000000   0.0000000000000000
        ks_142                      0.0001996620000000000    1.000000000000000   0.0000000000000000
        ks_143                      0.001389254000000000    1.000000000000000   0.0000000000000000
        ks_144                      1.051809020909800    1.000000000000000   0.0000000000000000
        ks_145                      29.39493952821300    1.000000000000000   0.0000000000000000
        ks_146                      5.898008486549900    1.000000000000000   0.0000000000000000
        ks_147                      2.246405753701100    1.000000000000000   0.0000000000000000
        ks_148                      6.135360434253100    1.000000000000000   0.0000000000000000
        ks_149                      0.0002656990000000000    1.000000000000000   0.0000000000000000
         ks_15                      1.154134992307000    1.000000000000000   0.0000000000000000
        ks_150                      7.630136288683900    1.000000000000000   0.0000000000000000
        ks_151                      6.242386433432800    1.000000000000000   0.0000000000000000
        ks_152                      0.1264224004212000    1.000000000000000   0.0000000000000000
        ks_153                      49.78685087040600    1.000000000000000   0.0000000000000000
        ks_154                      35.95651002621200    1.000000000000000   0.0000000000000000
        ks_155                      0.0001750404738000000    1.000000000000000   0.0000000000000000
        ks_156                      0.1872461201199000    1.000000000000000   0.0000000000000000
        ks_157                      0.1727998278126000    1.000000000000000   0.0000000000000000
        ks_158                      0.6404772318484000    1.000000000000000   0.0000000000000000
        ks_159                      0.02645320717350000    1.000000000000000   0.0000000000000000
         ks_16                      226.4556990000000    1.000000000000000   0.0000000000000000
        ks_160                      1.094624536718100    1.000000000000000   0.0000000000000000
        ks_161                      500.0000000000000    1.000000000000000   0.0000000000000000
        ks_162                      0.1964114314506000    1.000000000000000   0.0000000000000000
        ks_163                      0.06981041012189999    1.000000000000000   0.0000000000000000
        ks_164                      0.05635740623060000    1.000000000000000   0.0000000000000000
        ks_165                      7.233618846101900    1.000000000000000   0.0000000000000000
        ks_166                      0.01561202890220000    1.000000000000000   0.0000000000000000
        ks_167                      0.02403675093980000    1.000000000000000   0.0000000000000000
        ks_168                      0.04215985301520000    1.000000000000000   0.0000000000000000
        ks_169                      0.0002308549945000000    1.000000000000000   0.0000000000000000
         ks_17                      1.742741965224000    1.000000000000000   0.0000000000000000
        ks_170                      0.001511799990000000    1.000000000000000   0.0000000000000000
        ks_171                      0.3898874033677000    1.000000000000000   0.0000000000000000
        ks_172                      0.02033765161290000    1.000000000000000   0.0000000000000000
        ks_173                      0.006575652407000000    1.000000000000000   0.0000000000000000
        ks_174                      6.055532626000000    1.000000000000000   0.0000000000000000
        ks_175                      0.1293499532653000    1.000000000000000   0.0000000000000000
        ks_176                      0.001608211305000000    1.000000000000000   0.0000000000000000
        ks_177                      1.156359618592400    1.000000000000000   0.0000000000000000
        ks_178                      0.0002002370000000000    1.000000000000000   0.0000000000000000
        ks_179                      0.5420572645070000    1.000000000000000   0.0000000000000000
         ks_18                      2.437536154261000    1.000000000000000   0.0000000000000000
        ks_180                      1.860000000000000e-05    1.000000000000000   0.0000000000000000
        ks_181                      0.01188227731340000    1.000000000000000   0.0000000000000000
        ks_182                      5.241527919083100    1.000000000000000   0.0000000000000000
        ks_183                      0.9962278069995000    1.000000000000000   0.0000000000000000
        ks_184                      0.0003339495596000000    1.000000000000000   0.0000000000000000
        ks_185                      9.540000000000000e-05    1.000000000000000   0.0000000000000000
        ks_186                      9.810000000000000e-05    1.000000000000000   0.0000000000000000
        ks_187                      0.0001297420723000000    1.000000000000000   0.0000000000000000
        ks_188                      0.0003582020285000000    1.000000000000000   0.0000000000000000
        ks_189                      0.0001151422649000000    1.000000000000000   0.0000000000000000
         ks_19                      45.95383723704000    1.000000000000000   0.0000000000000000
        ks_190                      9.629999999999999e-06    1.000000000000000   0.0000000000000000
        ks_191                      0.0001008020000000000    1.000000000000000   0.0000000000000000
        ks_192                      0.0001215430000000000    1.000000000000000   0.0000000000000000
        ks_193                      0.001474367334000000    1.000000000000000   0.0000000000000000
        ks_194                      9.560000000000000e-06    1.000000000000000   0.0000000000000000
        ks_195                      0.0006734530000000000    1.000000000000000   0.0000000000000000
        ks_196                      9.590000000000000e-06    1.000000000000000   0.0000000000000000
        ks_197                      8.187037957000000e-05    1.000000000000000   0.0000000000000000
        ks_198                      0.0001706598096000000    1.000000000000000   0.0000000000000000
        ks_199                      1.080000000000000e-05    1.000000000000000   0.0000000000000000
          ks_2                      0.02279171031000000    1.000000000000000   0.0000000000000000
         ks_20                      1.925947706023000    1.000000000000000   0.0000000000000000
        ks_200                      9.650000000000001e-06    1.000000000000000   0.0000000000000000
        ks_201                      9.560000000000000e-06    1.000000000000000   0.0000000000000000
        ks_202                      0.0001013180000000000    1.000000000000000   0.0000000000000000
        ks_203                      0.0001136310000000000    1.000000000000000   0.0000000000000000
        ks_204                      9.950000000000001e-05    1.000000000000000   0.0000000000000000
        ks_205                      0.0001034739952000000    1.000000000000000   0.0000000000000000
        ks_206                      9.619999999999999e-06    1.000000000000000   0.0000000000000000
        ks_207                      0.0001016799989000000    1.000000000000000   0.0000000000000000
        ks_208                      1.300000004000000e-05    1.000000000000000   0.0000000000000000
        ks_209                      0.0002753937819000000    1.000000000000000   0.0000000000000000
         ks_21                      0.9668581840120000    1.000000000000000   0.0000000000000000
        ks_210                      8.670000000000001e-05    1.000000000000000   0.0000000000000000
        ks_211                      8.800000000000000e-05    1.000000000000000   0.0000000000000000
        ks_212                      4.574423787000000e-05    1.000000000000000   0.0000000000000000
        ks_213                      9.550000000000000e-05    1.000000000000000   0.0000000000000000
        ks_214                      9.910000000000000e-05    1.000000000000000   0.0000000000000000
        ks_215                      9.800000000000000e-05    1.000000000000000   0.0000000000000000
        ks_216                      0.0001004904662000000    1.000000000000000   0.0000000000000000
        ks_217                      5.138675919000000e-05    1.000000000000000   0.0000000000000000
        ks_218                      5.160000000000000e-05    1.000000000000000   0.0000000000000000
        ks_219                      0.0001037070000000000    1.000000000000000   0.0000000000000000
         ks_22                      0.4636155784200000    1.000000000000000   0.0000000000000000
        ks_220                      9.210000000000000e-05    1.000000000000000   0.0000000000000000
        ks_221                      0.0001247830000000000    1.000000000000000   0.0000000000000000
        ks_222                      0.0001050810000000000    1.000000000000000   0.0000000000000000
        ks_223                      0.0001014076292000000    1.000000000000000   0.0000000000000000
        ks_224                      0.0001000652513000000    1.000000000000000   0.0000000000000000
        ks_225                      9.780000001000000e-06    1.000000000000000   0.0000000000000000
        ks_226                      0.0001057708683000000    1.000000000000000   0.0000000000000000
        ks_227                      8.650000000000000e-05    1.000000000000000   0.0000000000000000
        ks_228                      6.240344916000000e-05    1.000000000000000   0.0000000000000000
        ks_229                      0.0003914068228000000    1.000000000000000   0.0000000000000000
         ks_23                      410.7718390000000    1.000000000000000   0.0000000000000000
        ks_230                      1.539079377000000e-05    1.000000000000000   0.0000000000000000
        ks_231                      9.680558154000000e-05    1.000000000000000   0.0000000000000000
        ks_232                      0.0003536530000000000    1.000000000000000   0.0000000000000000
        ks_233                      5.729883319000000e-05    1.000000000000000   0.0000000000000000
         ks_24                      0.04947399330600000    1.000000000000000   0.0000000000000000
         ks_25                      0.08807494696600000    1.000000000000000   0.0000000000000000
         ks_26                      5000.000000000000    1.000000000000000   0.0000000000000000
         ks_27                      0.2003874288150000    1.000000000000000   0.0000000000000000
         ks_28                      0.3425463498170000    1.000000000000000   0.0000000000000000
         ks_29                      3.449196650391000    1.000000000000000   0.0000000000000000
          ks_3                      0.7782591042500000    1.000000000000000   0.0000000000000000
         ks_30                      9.690000000000000e-06    1.000000000000000   0.0000000000000000
         ks_31                      2.723466690648000    1.000000000000000   0.0000000000000000
         ks_32                      0.0001892888620000000    1.000000000000000   0.0000000000000000
         ks_33                      0.1020004084800000    1.000000000000000   0.0000000000000000
         ks_34                      51.04754926516000    1.000000000000000   0.0000000000000000
         ks_35                      0.0001818412820000000    1.000000000000000   0.0000000000000000
         ks_36                      0.0004833164700000000    1.000000000000000   0.0000000000000000
         ks_37                      0.0002070640210000000    1.000000000000000   0.0000000000000000
         ks_38                      0.07693310453799999    1.000000000000000   0.0000000000000000
         ks_39                      0.0001953660000000000    1.000000000000000   0.0000000000000000
          ks_4                      84.93827556440000    1.000000000000000   0.0000000000000000
         ks_40                      1.149739569628000    1.000000000000000   0.0000000000000000
         ks_41                      1.183585928163000    1.000000000000000   0.0000000000000000
         ks_42                      2.389164186721000    1.000000000000000   0.0000000000000000
         ks_43                      0.08917758076500000    1.000000000000000   0.0000000000000000
         ks_44                      0.4042380239880000    1.000000000000000   0.0000000000000000
         ks_45                      0.01144069082500000    1.000000000000000   0.0000000000000000
         ks_46                      0.1797349491410000    1.000000000000000   0.0000000000000000
         ks_47                      5.645879335949000    1.000000000000000   0.0000000000000000
         ks_48                      9.181674536696001    1.000000000000000   0.0000000000000000
         ks_49                      0.0001756855030000000    1.000000000000000   0.0000000000000000
          ks_5                      219.9081500000000    1.000000000000000   0.0000000000000000
         ks_50                      3.914872137664000    1.000000000000000   0.0000000000000000
         ks_51                      4.203924750000000e-05    1.000000000000000   0.0000000000000000
         ks_52                      0.003338899310000000    1.000000000000000   0.0000000000000000
         ks_53                      5.113370742563000    1.000000000000000   0.0000000000000000
         ks_54                      0.01859339115000000    1.000000000000000   0.0000000000000000
         ks_55                      8.730155088250999    1.000000000000000   0.0000000000000000
         ks_56                      73.29461348808999    1.000000000000000   0.0000000000000000
         ks_57                      4.827592581956000    1.000000000000000   0.0000000000000000
         ks_58                      0.3201540749930000    1.000000000000000   0.0000000000000000
         ks_59                      0.06325135329999999    1.000000000000000   0.0000000000000000
          ks_6                      257.3216900000000    1.000000000000000   0.0000000000000000
         ks_60                      4.622394680330000    1.000000000000000   0.0000000000000000
         ks_61                      0.02937742172500000    1.000000000000000   0.0000000000000000
         ks_62                      0.1875624094870000    1.000000000000000   0.0000000000000000
         ks_63                      10.94220356244000    1.000000000000000   0.0000000000000000
         ks_64                      0.0005697410000000000    1.000000000000000   0.0000000000000000
         ks_65                      0.001445544350000000    1.000000000000000   0.0000000000000000
         ks_66                      5.727971797440000    1.000000000000000   0.0000000000000000
         ks_67                      12.70956709635000    1.000000000000000   0.0000000000000000
         ks_68                      0.006564548790000000    1.000000000000000   0.0000000000000000
         ks_69                      0.7600412767770000    1.000000000000000   0.0000000000000000
          ks_7                      9.880000000000000e-06    1.000000000000000   0.0000000000000000
         ks_70                      3.884336974322000    1.000000000000000   0.0000000000000000
         ks_71                      9.670000000000001e-06    1.000000000000000   0.0000000000000000
         ks_72                      8.874415930000001e-05    1.000000000000000   0.0000000000000000
         ks_73                      0.0001011290690000000    1.000000000000000   0.0000000000000000
         ks_74                      9.294211250000000e-05    1.000000000000000   0.0000000000000000
         ks_75                      1.123407540000000e-05    1.000000000000000   0.0000000000000000
         ks_76                      0.0001453535090000000    1.000000000000000   0.0000000000000000
         ks_77                      0.0001021420000000000    1.000000000000000   0.0000000000000000
         ks_78                      1.376709410000000e-05    1.000000000000000   0.0000000000000000
         ks_79                      9.609999999999999e-06    1.000000000000000   0.0000000000000000
          ks_8                      9.690000000000000e-06    1.000000000000000   0.0000000000000000
         ks_80                      201.4329420000000    1.000000000000000   0.0000000000000000
         ks_81                      8.460000000000000e-05    1.000000000000000   0.0000000000000000
         ks_82                      500.0000000000000    1.000000000000000   0.0000000000000000
         ks_83                      6.816221025277000    1.000000000000000   0.0000000000000000
         ks_84                      8.428075710000000e-05    1.000000000000000   0.0000000000000000
         ks_85                      1.250000000000000e-05    1.000000000000000   0.0000000000000000
         ks_86                      0.0001314940000000000    1.000000000000000   0.0000000000000000
         ks_87                      500.0000000000000    1.000000000000000   0.0000000000000000
         ks_88                      26.81600000000000    1.000000000000000   0.0000000000000000
         ks_89                      7.760000000000000e-05    1.000000000000000   0.0000000000000000
          ks_9                      7.861849861190000    1.000000000000000   0.0000000000000000
         ks_90                      4.645155789003000    1.000000000000000   0.0000000000000000
         ks_91                      14.98360000000000    1.000000000000000   0.0000000000000000
         ks_92                      0.0001139230000000000    1.000000000000000   0.0000000000000000
         ks_93                      0.2108458814890000    1.000000000000000   0.0000000000000000
         ks_94                      9.590000000000000e-06    1.000000000000000   0.0000000000000000
         ks_95                      9.990000000000000e-05    1.000000000000000   0.0000000000000000
         ks_96                      0.0001728000000000000    1.000000000000000   0.0000000000000000
         ks_97                      2.978295830000000e-05    1.000000000000000   0.0000000000000000
         ks_98                      0.0001085480000000000    1.000000000000000   0.0000000000000000
         ks_99                      0.0001064360000000000    1.000000000000000   0.0000000000000000
    lak_cond_1                      1.000000000000000    1.000000000000000   0.0000000000000000
   lak_cond_12                      1.029473147000000    1.000000000000000   0.0000000000000000
    lak_cond_2                      1.000000000000000    1.000000000000000   0.0000000000000000
         pet_1                      9.500000000000001e-05    1.000000000000000   0.0000000000000000
 pond_recharge                      22026.20000000000    1.000000000000000   0.0000000000000000
       sfr_k_1                      0.05733073881757000    1.000000000000000   0.0000000000000000
      sfr_k_10                      0.1165444855988040    1.000000000000000   0.0000000000000000
      sfr_k_11                      0.2175941294796760    1.000000000000000   0.0000000000000000
      sfr_k_12                      0.8849770000000000    1.000000000000000   0.0000000000000000
      sfr_k_13                      0.09961343893975300    1.000000000000000   0.0000000000000000
      sfr_k_14                      0.1916925328664040    1.000000000000000   0.0000000000000000
      sfr_k_15                      0.1286064126667900    1.000000000000000   0.0000000000000000
      sfr_k_16                      0.2620369154272780    1.000000000000000   0.0000000000000000
      sfr_k_17                      0.1051592958949650    1.000000000000000   0.0000000000000000
      sfr_k_18                      0.1346192605026400    1.000000000000000   0.0000000000000000
      sfr_k_19                      0.1035204361475360    1.000000000000000   0.0000000000000000
       sfr_k_2                      0.1751466221347100    1.000000000000000   0.0000000000000000
      sfr_k_20                      0.1039303747118520    1.000000000000000   0.0000000000000000
      sfr_k_21                      0.1761479353514880    1.000000000000000   0.0000000000000000
      sfr_k_22                      0.1192661923851460    1.000000000000000   0.0000000000000000
       sfr_k_3                      0.1173087941459500    1.000000000000000   0.0000000000000000
       sfr_k_4                      0.02968823468234000    1.000000000000000   0.0000000000000000
       sfr_k_5                      0.2073174938536500    1.000000000000000   0.0000000000000000
       sfr_k_6                      0.5926033030721100    1.000000000000000   0.0000000000000000
       sfr_k_7                      0.2547510616345600    1.000000000000000   0.0000000000000000
       sfr_k_8                      0.3033223571104800    1.000000000000000   0.0000000000000000
       sfr_k_9                      0.1835843469301500    1.000000000000000   0.0000000000000000
     spill_447                      185.0599976000000    1.000000000000000   0.0000000000000000
     spill_449                      146.6000061000000    1.000000000000000   0.0000000000000000
     spill_688                      8.230000000000000    1.000000000000000   0.0000000000000000
     surfk_1_1                      0.0002251017011161000    1.000000000000000   0.0000000000000000
    surfk_1_10                      0.0002531290244323100    1.000000000000000   0.0000000000000000
    surfk_1_11                      0.0002508900509816300    1.000000000000000   0.0000000000000000
    surfk_1_12                      0.0002508230000000900    1.000000000000000   0.0000000000000000
    surfk_1_13                      0.0002508890018597400    1.000000000000000   0.0000000000000000
    surfk_1_14                      0.0002508040000000000    1.000000000000000   0.0000000000000000
    surfk_1_15                      0.0002310290012422300    1.000000000000000   0.0000000000000000
    surfk_1_16                      0.0002283567646684100    1.000000000000000   0.0000000000000000
    surfk_1_17                      0.0002509190000000000    1.000000000000000   0.0000000000000000
    surfk_1_18                      0.0002620952598355300    1.000000000000000   0.0000000000000000
    surfk_1_19                      0.0002508610000000000    1.000000000000000   0.0000000000000000
     surfk_1_2                      0.0002259983270820000    1.000000000000000   0.0000000000000000
    surfk_1_21                      0.0002488299981454900    1.000000000000000   0.0000000000000000
     surfk_1_3                      0.0002320440000000000    1.000000000000000   0.0000000000000000
     surfk_1_4                      0.0003454118164399000    1.000000000000000   0.0000000000000000
     surfk_1_5                      0.0003356875316716000    1.000000000000000   0.0000000000000000
     surfk_1_6                      0.0002305079999426000    1.000000000000000   0.0000000000000000
     surfk_1_8                      0.0002494660000000000    1.000000000000000   0.0000000000000000
     surfk_1_9                      0.0002128011791386000    1.000000000000000   0.0000000000000000
     surfk_2_1                      0.0003139885621933000    1.000000000000000   0.0000000000000000
    surfk_2_10                      0.0002465870244812900    1.000000000000000   0.0000000000000000
    surfk_2_11                      0.0002311480155421800    1.000000000000000   0.0000000000000000
    surfk_2_12                      0.0002084561946147100    1.000000000000000   0.0000000000000000
    surfk_2_14                      0.0001449230000000000    1.000000000000000   0.0000000000000000
    surfk_2_15                      0.0001631200022710200    1.000000000000000   0.0000000000000000
    surfk_2_16                      0.0001532636154727900    1.000000000000000   0.0000000000000000
    surfk_2_17                      0.0001583069986296200    1.000000000000000   0.0000000000000000
    surfk_2_18                      0.0001709107577680900    1.000000000000000   0.0000000000000000
    surfk_2_19                      0.0001583190000000000    1.000000000000000   0.0000000000000000
     surfk_2_2                      9.260000077669001e-05    1.000000000000000   0.0000000000000000
    surfk_2_20                      0.0005661050000036800    1.000000000000000   0.0000000000000000
    surfk_2_21                      0.0001583650044006100    1.000000000000000   0.0000000000000000
    surfk_2_22                      0.0001518740002503700    1.000000000000000   0.0000000000000000
     surfk_2_3                      9.980000000000000e-05    1.000000000000000   0.0000000000000000
     surfk_2_4                      0.0002207493414341000    1.000000000000000   0.0000000000000000
     surfk_2_5                      0.0002789795207295000    1.000000000000000   0.0000000000000000
     surfk_2_6                      0.0001291509448029000    1.000000000000000   0.0000000000000000
     surfk_2_7                      0.0002413750000000000    1.000000000000000   0.0000000000000000
     surfk_2_8                      0.0002410981747356000    1.000000000000000   0.0000000000000000
     surfk_2_9                      0.0002157043154709000    1.000000000000000   0.0000000000000000
     surfk_3_1                      3.010000000000000e-08    1.000000000000000   0.0000000000000000
    surfk_3_10                      3.100000000000000e-08    1.000000000000000   0.0000000000000000
    surfk_3_11                      3.100000000000000e-08    1.000000000000000   0.0000000000000000
    surfk_3_12                      3.100000000000000e-08    1.000000000000000   0.0000000000000000
    surfk_3_13                      3.100000000000000e-08    1.000000000000000   0.0000000000000000
    surfk_3_14                      3.150000000000000e-08    1.000000000000000   0.0000000000000000
    surfk_3_15                      3.080000000000000e-08    1.000000000000000   0.0000000000000000
    surfk_3_16                      1.040000000000000e-07    1.000000000000000   0.0000000000000000
    surfk_3_17                      3.170066733955800e-08    1.000000000000000   0.0000000000000000
    surfk_3_18                      2.990000000000000e-08    1.000000000000000   0.0000000000000000
    surfk_3_19                      3.100000000000000e-08    1.000000000000000   0.0000000000000000
     surfk_3_2                      3.080000000000000e-08    1.000000000000000   0.0000000000000000
    surfk_3_20                      1.110000000000000e-07    1.000000000000000   0.0000000000000000
    surfk_3_21                      3.100000000000000e-08    1.000000000000000   0.0000000000000000
    surfk_3_22                      2.480000000000000e-08    1.000000000000000   0.0000000000000000
     surfk_3_3                      3.080000000000000e-08    1.000000000000000   0.0000000000000000
     surfk_3_4                      3.080000000000000e-08    1.000000000000000   0.0000000000000000
     surfk_3_5                      3.100000000000000e-08    1.000000000000000   0.0000000000000000
     surfk_3_6                      9.979999999999999e-08    1.000000000000000   0.0000000000000000
     surfk_3_7                      3.080000000000000e-08    1.000000000000000   0.0000000000000000
     surfk_3_8                      3.100000000000000e-08    1.000000000000000   0.0000000000000000
     surfk_3_9                      3.100000000000000e-08    1.000000000000000   0.0000000000000000
   vka_ratio_1                      0.3081878756804869    1.000000000000000   0.0000000000000000
   vka_ratio_2                      0.1136938828333925    1.000000000000000   0.0000000000000000
   vka_ratio_3                      0.006011194800000000    1.000000000000000   0.0000000000000000
       vks_1_1                      0.0002511890000000000    1.000000000000000   0.0000000000000000
      vks_1_10                      0.0002511890000000000    1.000000000000000   0.0000000000000000
      vks_1_11                      0.0002511890000000000    1.000000000000000   0.0000000000000000
      vks_1_12                      0.0002511890000000000    1.000000000000000   0.0000000000000000
      vks_1_13                      0.0002511890000000000    1.000000000000000   0.0000000000000000
      vks_1_14                      0.0002511890000000000    1.000000000000000   0.0000000000000000
      vks_1_15                      0.0002511890000000000    1.000000000000000   0.0000000000000000
      vks_1_16                      0.0002511890000000000    1.000000000000000   0.0000000000000000
      vks_1_17                      0.0002511890000000000    1.000000000000000   0.0000000000000000
      vks_1_18                      0.0002511890000000000    1.000000000000000   0.0000000000000000
      vks_1_19                      0.0002511890000000000    1.000000000000000   0.0000000000000000
       vks_1_2                      0.0002511890000000000    1.000000000000000   0.0000000000000000
      vks_1_21                      0.0002511890000000000    1.000000000000000   0.0000000000000000
       vks_1_3                      0.0002511890000000000    1.000000000000000   0.0000000000000000
       vks_1_4                      0.0003981070000000000    1.000000000000000   0.0000000000000000
       vks_1_5                      0.0003981070000000000    1.000000000000000   0.0000000000000000
       vks_1_6                      0.0002511890000000000    1.000000000000000   0.0000000000000000
       vks_1_8                      0.0002511890000000000    1.000000000000000   0.0000000000000000
       vks_1_9                      0.0002511890000000000    1.000000000000000   0.0000000000000000
       vks_2_1                      0.0002511890000000000    1.000000000000000   0.0000000000000000
      vks_2_10                      0.0002511890000000000    1.000000000000000   0.0000000000000000
      vks_2_11                      0.0002511890000000000    1.000000000000000   0.0000000000000000
      vks_2_12                      0.0002511890000000000    1.000000000000000   0.0000000000000000
      vks_2_14                      0.0001584890000000000    1.000000000000000   0.0000000000000000
      vks_2_15                      0.0001584890000000000    1.000000000000000   0.0000000000000000
      vks_2_16                      0.0001584890000000000    1.000000000000000   0.0000000000000000
      vks_2_17                      0.0001584890000000000    1.000000000000000   0.0000000000000000
      vks_2_18                      0.0001584890000000000    1.000000000000000   0.0000000000000000
      vks_2_19                      0.0001584890000000000    1.000000000000000   0.0000000000000000
       vks_2_2                      0.0001000000000000000    1.000000000000000   0.0000000000000000
      vks_2_20                      0.0006309570000000000    1.000000000000000   0.0000000000000000
      vks_2_21                      0.0001584890000000000    1.000000000000000   0.0000000000000000
      vks_2_22                      0.0001584890000000000    1.000000000000000   0.0000000000000000
       vks_2_3                      0.0001000000000000000    1.000000000000000   0.0000000000000000
       vks_2_4                      0.0002511890000000000    1.000000000000000   0.0000000000000000
       vks_2_5                      0.0002511890000000000    1.000000000000000   0.0000000000000000
       vks_2_6                      0.0001584890000000000    1.000000000000000   0.0000000000000000
       vks_2_7                      0.0002511890000000000    1.000000000000000   0.0000000000000000
       vks_2_8                      0.0002511890000000000    1.000000000000000   0.0000000000000000
       vks_2_9                      0.0002511890000000000    1.000000000000000   0.0000000000000000
       vks_3_1                      3.020000000000000e-08    1.000000000000000   0.0000000000000000
      vks_3_10                      3.090000000000000e-08    1.000000000000000   0.0000000000000000
      vks_3_11                      3.090000000000000e-08    1.000000000000000   0.0000000000000000
      vks_3_12                      3.090000000000000e-08    1.000000000000000   0.0000000000000000
      vks_3_13                      3.090000000000000e-08    1.000000000000000   0.0000000000000000
      vks_3_14                      3.090000000000000e-08    1.000000000000000   0.0000000000000000
      vks_3_15                      3.090000000000000e-08    1.000000000000000   0.0000000000000000
      vks_3_16                      1.000000000000000e-07    1.000000000000000   0.0000000000000000
      vks_3_17                      3.090000000000000e-08    1.000000000000000   0.0000000000000000
      vks_3_18                      3.090000000000000e-08    1.000000000000000   0.0000000000000000
      vks_3_19                      3.090000000000000e-08    1.000000000000000   0.0000000000000000
       vks_3_2                      3.090000000000000e-08    1.000000000000000   0.0000000000000000
      vks_3_20                      1.150000000000000e-07    1.000000000000000   0.0000000000000000
      vks_3_21                      3.090000000000000e-08    1.000000000000000   0.0000000000000000
      vks_3_22                      3.090000000000000e-08    1.000000000000000   0.0000000000000000
       vks_3_3                      3.090000000000000e-08    1.000000000000000   0.0000000000000000
       vks_3_4                      3.090000000000000e-08    1.000000000000000   0.0000000000000000
       vks_3_5                      3.090000000000000e-08    1.000000000000000   0.0000000000000000
       vks_3_6                      1.000000000000000e-07    1.000000000000000   0.0000000000000000
       vks_3_7                      3.090000000000000e-08    1.000000000000000   0.0000000000000000
       vks_3_8                      3.090000000000000e-08    1.000000000000000   0.0000000000000000
       vks_3_9                      3.090000000000000e-08    1.000000000000000   0.0000000000000000
