single point
        finf_1                      0.4830353000000000    1.000000000000000   0.0000000000000000
       finf_10                      0.4725046550000000    1.000000000000000   0.0000000000000000
       finf_11                      0.4725046520000000    1.000000000000000   0.0000000000000000
       finf_12                      0.4725046520000000    1.000000000000000   0.0000000000000000
       finf_13                      0.4725046250000000    1.000000000000000   0.0000000000000000
       finf_14                      0.4830353020000000    1.000000000000000   0.0000000000000000
       finf_15                      0.4830353000000000    1.000000000000000   0.0000000000000000
       finf_16                      0.4830353000000000    1.000000000000000   0.0000000000000000
       finf_17                      0.4830352960000000    1.000000000000000   0.0000000000000000
       finf_18                      0.4830353000000000    1.000000000000000   0.0000000000000000
       finf_19                      0.4830353020000000    1.000000000000000   0.0000000000000000
        finf_2                      0.4830352990000000    1.000000000000000   0.0000000000000000
       finf_20                      0.5284619410000000    1.000000000000000   0.0000000000000000
       finf_21                      0.4830353010000000    1.000000000000000   0.0000000000000000
       finf_22                      0.4830353040000000    1.000000000000000   0.0000000000000000
        finf_3                      0.4830353050000000    1.000000000000000   0.0000000000000000
        finf_4                      0.4105800060000000    1.000000000000000   0.0000000000000000
        finf_5                      0.4105800060000000    1.000000000000000   0.0000000000000000
        finf_6                      0.4830352990000000    1.000000000000000   0.0000000000000000
        finf_7                      0.4725046530000000    1.000000000000000   0.0000000000000000
        finf_8                      0.4725046500000000    1.000000000000000   0.0000000000000000
        finf_9                      0.4725046480000000    1.000000000000000   0.0000000000000000
          ks_1                      4.344147967460000    1.000000000000000   0.0000000000000000
         ks_10                      1.836654377318000    1.000000000000000   0.0000000000000000
        ks_100                      0.0004933125568000000    1.000000000000000   0.0000000000000000
        ks_101                      0.0006348529017000000    1.000000000000000   0.0000000000000000
        ks_102                      7.015978476000000e-05    1.000000000000000   0.0000000000000000
        ks_103                      0.0003151918214000000    1.000000000000000   0.0000000000000000
        ks_104                      9.675657020000000e-06    1.000000000000000   0.0000000000000000
        ks_105                      9.775579516999999e-06    1.000000000000000   0.0000000000000000
        ks_106                      0.0001411183609000000    1.000000000000000   0.0000000000000000
        ks_107                      0.0002370065873000000    1.000000000000000   0.0000000000000000
        ks_108                      4.504872323598900    1.000000000000000   0.0000000000000000
        ks_109                      7.421899114796500    1.000000000000000   0.0000000000000000
         ks_11                      0.4168110469160000    1.000000000000000   0.0000000000000000
        ks_110                      3.463780191328600    1.000000000000000   0.0000000000000000
        ks_111                      7.601776327327900    1.000000000000000   0.0000000000000000
        ks_112                      4.600949737526700    1.000000000000000   0.0000000000000000
        ks_113                      0.05998199932740000    1.000000000000000   0.0000000000000000
        ks_114                      10.73730367294500    1.000000000000000   0.0000000000000000
        ks_115                      7.060494779516400    1.000000000000000   0.0000000000000000
        ks_116                      0.3760581952573000    1.000000000000000   0.0000000000000000
        ks_117                      14.84971545554100    1.000000000000000   0.0000000000000000
        ks_118                      1.906438777843200    1.000000000000000   0.0000000000000000
        ks_119                      10.55557188559900    1.000000000000000   0.0000000000000000
         ks_12                      11.76053884361000    1.000000000000000   0.0000000000000000
        ks_120                      0.1002198398075000    1.000000000000000   0.0000000000000000
        ks_121                      2.475034990323600    1.000000000000000   0.0000000000000000
        ks_122                      46.08947902755900    1.000000000000000   0.0000000000000000
        ks_123                      8.201846314958800    1.000000000000000   0.0000000000000000
        ks_124                      2.165349232642600    1.000000000000000   0.0000000000000000
        ks_125                      21.10591327687900    1.000000000000000   0.0000000000000000
        ks_126                      245.4337015000000    1.000000000000000   0.0000000000000000
        ks_127                      0.6694921230210999    1.000000000000000   0.0000000000000000
        ks_128                      5.775266590949100    1.000000000000000   0.0000000000000000
        ks_129                      6.748150129456200    1.000000000000000   0.0000000000000000
         ks_13                      0.6633588197390000    1.000000000000000   0.0000000000000000
        ks_130                      3.552131157092700    1.000000000000000   0.0000000000000000
        ks_131                      0.0002319367090000000    1.000000000000000   0.0000000000000000
        ks_132                      0.0001959749651000000    1.000000000000000   0.0000000000000000
        ks_133                      0.0001845291815000000    1.000000000000000   0.0000000000000000
        ks_134                      0.02720084160860000    1.000000000000000   0.0000000000000000
        ks_135                      0.0001539552162000000    1.000000000000000   0.0000000000000000
        ks_136                      0.0002185146070000000    1.000000000000000   0.0000000000000000
        ks_137                      0.002628501252000000    1.000000000000000   0.0000000000000000
        ks_138                      6.920738208240700    1.000000000000000   0.0000000000000000
        ks_139                      0.0002249838432000000    1.000000000000000   0.0000000000000000
         ks_14                      4.351051813336000    1.000000000000000   0.0000000000000000
        ks_140                      15.25109869188100    1.000000000000000   0.0000000000000000
        ks_141                      0.0002299916550000000    1.000000000000000   0.0000000000000000
        ks_142                      0.0001943214971000000    1.000000000000000   0.0000000000000000
        ks_143                      0.001251168402000000    1.000000000000000   0.0000000000000000
        ks_144                      1.052311385064600    1.000000000000000   0.0000000000000000
        ks_145                      37.39600302279000    1.000000000000000   0.0000000000000000
        ks_146                      5.863610326783000    1.000000000000000   0.0000000000000000
        ks_147                      2.279514961551900    1.000000000000000   0.0000000000000000
        ks_148                      6.142696629753200    1.000000000000000   0.0000000000000000
        ks_149                      0.0002584542276000000    1.000000000000000   0.0000000000000000
         ks_15                      1.078605846473000    1.000000000000000   0.0000000000000000
        ks_150                      7.685310998814600    1.000000000000000   0.0000000000000000
        ks_151                      6.542538903021100    1.000000000000000   0.0000000000000000
        ks_152                      0.1455672356395000    1.000000000000000   0.0000000000000000
        ks_153                      70.00608990267200    1.000000000000000   0.0000000000000000
        ks_154                      43.80152255865200    1.000000000000000   0.0000000000000000
        ks_155                      0.0001616166150000000    1.000000000000000   0.0000000000000000
        ks_156                      0.1936754353444000    1.000000000000000   0.0000000000000000
        ks_157                      0.1431085488256000    1.000000000000000   0.0000000000000000
        ks_158                      0.6522892066452000    1.000000000000000   0.0000000000000000
        ks_159                      0.02676123041920000    1.000000000000000   0.0000000000000000
         ks_16                      168.7672840000000    1.000000000000000   0.0000000000000000
        ks_160                      1.145689976671200    1.000000000000000   0.0000000000000000
        ks_161                      500.0000000000000    1.000000000000000   0.0000000000000000
        ks_162                      0.1958142750997000    1.000000000000000   0.0000000000000000
        ks_163                      0.06985081103800000    1.000000000000000   0.0000000000000000
        ks_164                      0.07083421692770001    1.000000000000000   0.0000000000000000
        ks_165                      7.889173130826400    1.000000000000000   0.0000000000000000
        ks_166                      0.01545708732440000    1.000000000000000   0.0000000000000000
        ks_167                      0.02025881730070000    1.000000000000000   0.0000000000000000
        ks_168                      0.04496458976210000    1.000000000000000   0.0000000000000000
        ks_169                      0.0002140544610000000    1.000000000000000   0.0000000000000000
         ks_17                      1.746930716276000    1.000000000000000   0.0000000000000000
        ks_170                      0.001374198283000000    1.000000000000000   0.0000000000000000
        ks_171                      0.3895082175520000    1.000000000000000   0.0000000000000000
        ks_172                      0.02077332268330000    1.000000000000000   0.0000000000000000
        ks_173                      0.005415138042000000    1.000000000000000   0.0000000000000000
        ks_174                      6.165781985076700    1.000000000000000   0.0000000000000000
        ks_175                      0.1301493237696000    1.000000000000000   0.0000000000000000
        ks_176                      0.001844768781000000    1.000000000000000   0.0000000000000000
        ks_177                      1.146650441653000    1.000000000000000   0.0000000000000000
        ks_178                      0.0001967907667000000    1.000000000000000   0.0000000000000000
        ks_179                      0.7253509856080000    1.000000000000000   0.0000000000000000
         ks_18                      2.365300605700000    1.000000000000000   0.0000000000000000
        ks_180                      1.820510672000000e-05    1.000000000000000   0.0000000000000000
        ks_181                      0.01042316433720000    1.000000000000000   0.0000000000000000
        ks_182                      5.238490460128000    1.000000000000000   0.0000000000000000
        ks_183                      1.016947124130700    1.000000000000000   0.0000000000000000
        ks_184                      0.0003015100244000000    1.000000000000000   0.0000000000000000
        ks_185                      9.422628882000000e-05    1.000000000000000   0.0000000000000000
        ks_186                      9.898173781999999e-05    1.000000000000000   0.0000000000000000
        ks_187                      0.0001302632199000000    1.000000000000000   0.0000000000000000
        ks_188                      0.0003470714010000000    1.000000000000000   0.0000000000000000
        ks_189                      0.0001077871046000000    1.000000000000000   0.0000000000000000
         ks_19                      45.35535550965000    1.000000000000000   0.0000000000000000
        ks_190                      9.625696390999999e-06    1.000000000000000   0.0000000000000000
        ks_191                      9.942205232000000e-05    1.000000000000000   0.0000000000000000
        ks_192                      0.0001177686390000000    1.000000000000000   0.0000000000000000
        ks_193                      0.001384072081000000    1.000000000000000   0.0000000000000000
        ks_194                      9.555751263000000e-06    1.000000000000000   0.0000000000000000
        ks_195                      0.0006236273764000000    1.000000000000000   0.0000000000000000
        ks_196                      9.585727778000000e-06    1.000000000000000   0.0000000000000000
        ks_197                      8.285949356000000e-05    1.000000000000000   0.0000000000000000
        ks_198                      0.0008186247862000000    1.000000000000000   0.0000000000000000
        ks_199                      1.096146009000000e-05    1.000000000000000   0.0000000000000000
          ks_2                      0.02180718044000000    1.000000000000000   0.0000000000000000
         ks_20                      1.735267885284000    1.000000000000000   0.0000000000000000
        ks_200                      9.645680661999999e-06    1.000000000000000   0.0000000000000000
        ks_201                      9.555751265000001e-06    1.000000000000000   0.0000000000000000
        ks_202                      0.0001015955339000000    1.000000000000000   0.0000000000000000
        ks_203                      0.0001064475533000000    1.000000000000000   0.0000000000000000
        ks_204                      9.817923204999999e-05    1.000000000000000   0.0000000000000000
        ks_205                      9.605012979000000e-05    1.000000000000000   0.0000000000000000
        ks_206                      9.615704246000000e-06    1.000000000000000   0.0000000000000000
        ks_207                      0.0001019859654000000    1.000000000000000   0.0000000000000000
        ks_208                      1.296106875000000e-05    1.000000000000000   0.0000000000000000
        ks_209                      0.0002657125555000000    1.000000000000000   0.0000000000000000
         ks_21                      0.9041010682640001    1.000000000000000   0.0000000000000000
        ks_210                      8.359148428000001e-05    1.000000000000000   0.0000000000000000
        ks_211                      8.867211911000000e-05    1.000000000000000   0.0000000000000000
        ks_212                      4.504193016000000e-05    1.000000000000000   0.0000000000000000
        ks_213                      9.426819727999999e-05    1.000000000000000   0.0000000000000000
        ks_214                      9.979492222000001e-05    1.000000000000000   0.0000000000000000
        ks_215                      9.586780496999999e-05    1.000000000000000   0.0000000000000000
        ks_216                      9.827862225999999e-05    1.000000000000000   0.0000000000000000
        ks_217                      3.594347229000000e-05    1.000000000000000   0.0000000000000000
        ks_218                      4.979491199000000e-05    1.000000000000000   0.0000000000000000
        ks_219                      0.0001035619063000000    1.000000000000000   0.0000000000000000
         ks_22                      0.5034624800240000    1.000000000000000   0.0000000000000000
        ks_220                      8.801693527000000e-05    1.000000000000000   0.0000000000000000
        ks_221                      0.0001185396895000000    1.000000000000000   0.0000000000000000
        ks_222                      0.0001044110534000000    1.000000000000000   0.0000000000000000
        ks_223                      9.584323817000000e-05    1.000000000000000   0.0000000000000000
        ks_224                      0.0001005461189000000    1.000000000000000   0.0000000000000000
        ks_225                      9.971066178000000e-06    1.000000000000000   0.0000000000000000
        ks_226                      0.0001051442056000000    1.000000000000000   0.0000000000000000
        ks_227                      8.434416619000000e-05    1.000000000000000   0.0000000000000000
        ks_228                      4.980120584000000e-05    1.000000000000000   0.0000000000000000
        ks_229                      0.0003731911862000000    1.000000000000000   0.0000000000000000
         ks_23                      500.0000000000000    1.000000000000000   0.0000000000000000
        ks_230                      1.821583426000000e-05    1.000000000000000   0.0000000000000000
        ks_231                      8.003547013000000e-05    1.000000000000000   0.0000000000000000
        ks_232                      0.0003340515061000000    1.000000000000000   0.0000000000000000
        ks_233                      7.014670000000000e-05    1.000000000000000   0.0000000000000000
         ks_24                      0.05119736724200000    1.000000000000000   0.0000000000000000
         ks_25                      0.1005339509110000    1.000000000000000   0.0000000000000000
         ks_26                      5000.000000000000    1.000000000000000   0.0000000000000000
         ks_27                      0.1276645281100000    1.000000000000000   0.0000000000000000
         ks_28                      0.3190644104490000    1.000000000000000   0.0000000000000000
         ks_29                      2.865173234974000    1.000000000000000   0.0000000000000000
          ks_3                      0.7925193126500000    1.000000000000000   0.0000000000000000
         ks_30                      9.685649150000001e-06    1.000000000000000   0.0000000000000000
         ks_31                      2.787559390949000    1.000000000000000   0.0000000000000000
         ks_32                      0.0001845956960000000    1.000000000000000   0.0000000000000000
         ks_33                      0.1030903000560000    1.000000000000000   0.0000000000000000
         ks_34                      65.19272345922001    1.000000000000000   0.0000000000000000
         ks_35                      0.0001770246720000000    1.000000000000000   0.0000000000000000
         ks_36                      0.0004453047010000000    1.000000000000000   0.0000000000000000
         ks_37                      0.0001924076330000000    1.000000000000000   0.0000000000000000
         ks_38                      0.1360013966070000    1.000000000000000   0.0000000000000000
         ks_39                      0.0001870680570000000    1.000000000000000   0.0000000000000000
          ks_4                      211.9644400000000    1.000000000000000   0.0000000000000000
         ks_40                      1.194423225653000    1.000000000000000   0.0000000000000000
         ks_41                      1.193996909350000    1.000000000000000   0.0000000000000000
         ks_42                      2.485182842991000    1.000000000000000   0.0000000000000000
         ks_43                      0.1812459186030000    1.000000000000000   0.0000000000000000
         ks_44                      0.4916527004710000    1.000000000000000   0.0000000000000000
         ks_45                      0.01134382955600000    1.000000000000000   0.0000000000000000
         ks_46                      0.1833011748450000    1.000000000000000   0.0000000000000000
         ks_47                      5.881615646729000    1.000000000000000   0.0000000000000000
         ks_48                      9.244996560172000    1.000000000000000   0.0000000000000000
         ks_49                      0.0001646888150000000    1.000000000000000   0.0000000000000000
          ks_5                      412.5614300000000    1.000000000000000   0.0000000000000000
         ks_50                      3.991971783925000    1.000000000000000   0.0000000000000000
         ks_51                      3.836756710000000e-05    1.000000000000000   0.0000000000000000
         ks_52                      0.003378557290000000    1.000000000000000   0.0000000000000000
         ks_53                      5.204771264191000    1.000000000000000   0.0000000000000000
         ks_54                      0.01912920035300000    1.000000000000000   0.0000000000000000
         ks_55                      6.879021241709000    1.000000000000000   0.0000000000000000
         ks_56                      73.32759812080999    1.000000000000000   0.0000000000000000
         ks_57                      4.492586053328000    1.000000000000000   0.0000000000000000
         ks_58                      0.3329052595380000    1.000000000000000   0.0000000000000000
         ks_59                      0.07827489125500001    1.000000000000000   0.0000000000000000
          ks_6                      199.3188300000000    1.000000000000000   0.0000000000000000
         ks_60                      4.672287629341000    1.000000000000000   0.0000000000000000
         ks_61                      0.03063502969500000    1.000000000000000   0.0000000000000000
         ks_62                      0.2045853351010000    1.000000000000000   0.0000000000000000
         ks_63                      11.16257379790000    1.000000000000000   0.0000000000000000
         ks_64                      0.0006335910610000001    1.000000000000000   0.0000000000000000
         ks_65                      0.001613047490000000    1.000000000000000   0.0000000000000000
         ks_66                      5.836505134953000    1.000000000000000   0.0000000000000000
         ks_67                      14.56608269482000    1.000000000000000   0.0000000000000000
         ks_68                      0.007032963040000000    1.000000000000000   0.0000000000000000
         ks_69                      0.7838234806850000    1.000000000000000   0.0000000000000000
          ks_7                      9.952651300000000e-06    1.000000000000000   0.0000000000000000
         ks_70                      3.989385817354000    1.000000000000000   0.0000000000000000
         ks_71                      9.665664910000000e-06    1.000000000000000   0.0000000000000000
         ks_72                      8.952398439999999e-05    1.000000000000000   0.0000000000000000
         ks_73                      9.578415970000000e-05    1.000000000000000   0.0000000000000000
         ks_74                      8.712256490000000e-05    1.000000000000000   0.0000000000000000
         ks_75                      9.981722580000000e-06    1.000000000000000   0.0000000000000000
         ks_76                      0.0001424184700000000    1.000000000000000   0.0000000000000000
         ks_77                      0.0001025449770000000    1.000000000000000   0.0000000000000000
         ks_78                      1.308607250000000e-05    1.000000000000000   0.0000000000000000
         ks_79                      9.605712090000000e-06    1.000000000000000   0.0000000000000000
          ks_8                      9.685649200000000e-06    1.000000000000000   0.0000000000000000
         ks_80                      176.1310510000000    1.000000000000000   0.0000000000000000
         ks_81                      8.305862180000000e-05    1.000000000000000   0.0000000000000000
         ks_82                      500.0000000000000    1.000000000000000   0.0000000000000000
         ks_83                      6.958846488574000    1.000000000000000   0.0000000000000000
         ks_84                      8.359642210000000e-05    1.000000000000000   0.0000000000000000
         ks_85                      1.212584920000000e-05    1.000000000000000   0.0000000000000000
         ks_86                      0.0001321466780000000    1.000000000000000   0.0000000000000000
         ks_87                      500.0000000000000    1.000000000000000   0.0000000000000000
         ks_88                      262.7993370000000    1.000000000000000   0.0000000000000000
         ks_89                      7.729002469999999e-05    1.000000000000000   0.0000000000000000
          ks_9                      8.202368106170001    1.000000000000000   0.0000000000000000
         ks_90                      4.645262834744000    1.000000000000000   0.0000000000000000
         ks_91                      15.25575539168000    1.000000000000000   0.0000000000000000
         ks_92                      0.0001120911940000000    1.000000000000000   0.0000000000000000
         ks_93                      0.5229295607110001    1.000000000000000   0.0000000000000000
         ks_94                      9.585727780000001e-06    1.000000000000000   0.0000000000000000
         ks_95                      9.839765980000000e-05    1.000000000000000   0.0000000000000000
         ks_96                      0.0001683169280000000    1.000000000000000   0.0000000000000000
         ks_97                      2.957473110000000e-05    1.000000000000000   0.0000000000000000
         ks_98                      0.0001074405380000000    1.000000000000000   0.0000000000000000
         ks_99                      0.0001068148600000000    1.000000000000000   0.0000000000000000
    lak_cond_1                      1.000000000000000    1.000000000000000   0.0000000000000000
   lak_cond_12                      1.029473146948172    1.000000000000000   0.0000000000000000
    lak_cond_2                      1.000000000000000    1.000000000000000   0.0000000000000000
         pet_1                      9.500000000000001e-05    1.000000000000000   0.0000000000000000
 pond_recharge                      59491.24801273978    1.000000000000000   0.0000000000000000
       sfr_k_1                      0.09609159648215999    1.000000000000000   0.0000000000000000
      sfr_k_10                      0.09219153682150399    1.000000000000000   0.0000000000000000
      sfr_k_11                      0.2187413044043940    1.000000000000000   0.0000000000000000
      sfr_k_12                      1.292328694155572    1.000000000000000   0.0000000000000000
      sfr_k_13                      0.1014301271234700    1.000000000000000   0.0000000000000000
      sfr_k_14                      0.1833247603124090    1.000000000000000   0.0000000000000000
      sfr_k_15                      0.1262728846623910    1.000000000000000   0.0000000000000000
      sfr_k_16                      0.2995835739620230    1.000000000000000   0.0000000000000000
      sfr_k_17                      0.1226613789410300    1.000000000000000   0.0000000000000000
      sfr_k_18                      0.1270170093994100    1.000000000000000   0.0000000000000000
      sfr_k_19                      0.1035212545009400    1.000000000000000   0.0000000000000000
       sfr_k_2                      0.1715411254342100    1.000000000000000   0.0000000000000000
      sfr_k_20                      0.1041377921793030    1.000000000000000   0.0000000000000000
      sfr_k_21                      0.1725095510357230    1.000000000000000   0.0000000000000000
      sfr_k_22                      0.1234214031755080    1.000000000000000   0.0000000000000000
       sfr_k_3                      0.1178521788847900    1.000000000000000   0.0000000000000000
       sfr_k_4                      0.008304268308500000    1.000000000000000   0.0000000000000000
       sfr_k_5                      0.2538428941556900    1.000000000000000   0.0000000000000000
       sfr_k_6                      0.7346682811783600    1.000000000000000   0.0000000000000000
       sfr_k_7                      0.2548306939132800    1.000000000000000   0.0000000000000000
       sfr_k_8                      0.3103135703974800    1.000000000000000   0.0000000000000000
       sfr_k_9                      0.1848483724303500    1.000000000000000   0.0000000000000000
     spill_447                      185.0599976000000    1.000000000000000   0.0000000000000000
     spill_449                      146.6000061000000    1.000000000000000   0.0000000000000000
     spill_688                      8.230000000000000    1.000000000000000   0.0000000000000000
     surfk_1_1                      0.0002116511336422000    1.000000000000000   0.0000000000000000
    surfk_1_10                      0.0002410801808319300    1.000000000000000   0.0000000000000000
    surfk_1_11                      0.0002431725305311100    1.000000000000000   0.0000000000000000
    surfk_1_12                      0.0002445697239046700    1.000000000000000   0.0000000000000000
    surfk_1_13                      0.0002414726862323600    1.000000000000000   0.0000000000000000
    surfk_1_14                      0.0002297679667390200    1.000000000000000   0.0000000000000000
    surfk_1_15                      0.0002705320658858100    1.000000000000000   0.0000000000000000
    surfk_1_16                      0.0002108289952689600    1.000000000000000   0.0000000000000000
    surfk_1_17                      0.0002412821470721600    1.000000000000000   0.0000000000000000
    surfk_1_18                      0.0002385900272151400    1.000000000000000   0.0000000000000000
    surfk_1_19                      0.0002425137373676600    1.000000000000000   0.0000000000000000
     surfk_1_2                      0.0002099799931348000    1.000000000000000   0.0000000000000000
    surfk_1_21                      0.0002299190475675900    1.000000000000000   0.0000000000000000
     surfk_1_3                      0.0002286148450477000    1.000000000000000   0.0000000000000000
     surfk_1_4                      0.0003219401998491000    1.000000000000000   0.0000000000000000
     surfk_1_5                      0.0003137257112347000    1.000000000000000   0.0000000000000000
     surfk_1_6                      0.0002162265186136000    1.000000000000000   0.0000000000000000
     surfk_1_8                      0.0002402550129124000    1.000000000000000   0.0000000000000000
     surfk_1_9                      0.0001994190570257000    1.000000000000000   0.0000000000000000
     surfk_2_1                      0.0003486348878758000    1.000000000000000   0.0000000000000000
    surfk_2_10                      0.0002314373932023800    1.000000000000000   0.0000000000000000
    surfk_2_11                      0.0002118898113599000    1.000000000000000   0.0000000000000000
    surfk_2_12                      0.0001943296087797000    1.000000000000000   0.0000000000000000
    surfk_2_14                      0.0001422385768933200    1.000000000000000   0.0000000000000000
    surfk_2_15                      0.0001948746001683800    1.000000000000000   0.0000000000000000
    surfk_2_16                      0.0001509670490308700    1.000000000000000   0.0000000000000000
    surfk_2_17                      0.0001550105687199300    1.000000000000000   0.0000000000000000
    surfk_2_18                      0.0001608028269905000    1.000000000000000   0.0000000000000000
    surfk_2_19                      0.0001520189105746800    1.000000000000000   0.0000000000000000
     surfk_2_2                      8.765218187011000e-05    1.000000000000000   0.0000000000000000
    surfk_2_20                      0.0005195823549840600    1.000000000000000   0.0000000000000000
    surfk_2_21                      0.0001563533432920300    1.000000000000000   0.0000000000000000
    surfk_2_22                      0.0001520942043837400    1.000000000000000   0.0000000000000000
     surfk_2_3                      9.361248445993000e-05    1.000000000000000   0.0000000000000000
     surfk_2_4                      0.0002062077073672000    1.000000000000000   0.0000000000000000
     surfk_2_5                      0.0002945188331903000    1.000000000000000   0.0000000000000000
     surfk_2_6                      0.0001242268479076000    1.000000000000000   0.0000000000000000
     surfk_2_7                      0.0002266559655743000    1.000000000000000   0.0000000000000000
     surfk_2_8                      0.0002247095717488000    1.000000000000000   0.0000000000000000
     surfk_2_9                      0.0001984370403384000    1.000000000000000   0.0000000000000000
     surfk_3_1                      2.941059119529000e-08    1.000000000000000   0.0000000000000000
    surfk_3_10                      3.155674125814100e-08    1.000000000000000   0.0000000000000000
    surfk_3_11                      3.150490922393500e-08    1.000000000000000   0.0000000000000000
    surfk_3_12                      3.080448649403600e-08    1.000000000000000   0.0000000000000000
    surfk_3_13                      3.099973351533600e-08    1.000000000000000   0.0000000000000000
    surfk_3_14                      3.107749794599200e-08    1.000000000000000   0.0000000000000000
    surfk_3_15                      3.074141555782200e-08    1.000000000000000   0.0000000000000000
    surfk_3_16                      1.019341015531200e-07    1.000000000000000   0.0000000000000000
    surfk_3_17                      3.164005496794100e-08    1.000000000000000   0.0000000000000000
    surfk_3_18                      2.953323109919600e-08    1.000000000000000   0.0000000000000000
    surfk_3_19                      3.067141232249700e-08    1.000000000000000   0.0000000000000000
     surfk_3_2                      3.098849042791000e-08    1.000000000000000   0.0000000000000000
    surfk_3_20                      1.160937342064000e-07    1.000000000000000   0.0000000000000000
    surfk_3_21                      3.183267787576900e-08    1.000000000000000   0.0000000000000000
    surfk_3_22                      2.524510963511300e-08    1.000000000000000   0.0000000000000000
     surfk_3_3                      3.079973622417000e-08    1.000000000000000   0.0000000000000000
     surfk_3_4                      3.041562246914000e-08    1.000000000000000   0.0000000000000000
     surfk_3_5                      3.124166371285000e-08    1.000000000000000   0.0000000000000000
     surfk_3_6                      1.003533567802000e-07    1.000000000000000   0.0000000000000000
     surfk_3_7                      3.079973622235000e-08    1.000000000000000   0.0000000000000000
     surfk_3_8                      3.155585666029000e-08    1.000000000000000   0.0000000000000000
     surfk_3_9                      3.981081948744000e-08    1.000000000000000   0.0000000000000000
   vka_ratio_1                      0.2917121837786315    1.000000000000000   0.0000000000000000
   vka_ratio_2                      0.1371322546949472    1.000000000000000   0.0000000000000000
   vka_ratio_3                      0.0004762254394305080    1.000000000000000   0.0000000000000000
       vks_1_1                      0.0002511890000000000    1.000000000000000   0.0000000000000000
      vks_1_10                      0.0002511890000000000    1.000000000000000   0.0000000000000000
      vks_1_11                      0.0002511890000000000    1.000000000000000   0.0000000000000000
      vks_1_12                      0.0002511890000000000    1.000000000000000   0.0000000000000000
      vks_1_13                      0.0002511890000000000    1.000000000000000   0.0000000000000000
      vks_1_14                      0.0002511890000000000    1.000000000000000   0.0000000000000000
      vks_1_15                      0.0002511890000000000    1.000000000000000   0.0000000000000000
      vks_1_16                      0.0002511890000000000    1.000000000000000   0.0000000000000000
      vks_1_17                      0.0002511890000000000    1.000000000000000   0.0000000000000000
      vks_1_18                      0.0002511890000000000    1.000000000000000   0.0000000000000000
      vks_1_19                      0.0002511890000000000    1.000000000000000   0.0000000000000000
       vks_1_2                      0.0002511890000000000    1.000000000000000   0.0000000000000000
      vks_1_21                      0.0002511890000000000    1.000000000000000   0.0000000000000000
       vks_1_3                      0.0002511890000000000    1.000000000000000   0.0000000000000000
       vks_1_4                      0.0003981070000000000    1.000000000000000   0.0000000000000000
       vks_1_5                      0.0003981070000000000    1.000000000000000   0.0000000000000000
       vks_1_6                      0.0002511890000000000    1.000000000000000   0.0000000000000000
       vks_1_8                      0.0002511890000000000    1.000000000000000   0.0000000000000000
       vks_1_9                      0.0002511890000000000    1.000000000000000   0.0000000000000000
       vks_2_1                      0.0002511890000000000    1.000000000000000   0.0000000000000000
      vks_2_10                      0.0002511890000000000    1.000000000000000   0.0000000000000000
      vks_2_11                      0.0002511890000000000    1.000000000000000   0.0000000000000000
      vks_2_12                      0.0002511890000000000    1.000000000000000   0.0000000000000000
      vks_2_14                      0.0001584890000000000    1.000000000000000   0.0000000000000000
      vks_2_15                      0.0001584890000000000    1.000000000000000   0.0000000000000000
      vks_2_16                      0.0001584890000000000    1.000000000000000   0.0000000000000000
      vks_2_17                      0.0001584890000000000    1.000000000000000   0.0000000000000000
      vks_2_18                      0.0001584890000000000    1.000000000000000   0.0000000000000000
      vks_2_19                      0.0001584890000000000    1.000000000000000   0.0000000000000000
       vks_2_2                      0.0001000000000000000    1.000000000000000   0.0000000000000000
      vks_2_20                      0.0006309570000000000    1.000000000000000   0.0000000000000000
      vks_2_21                      0.0001584890000000000    1.000000000000000   0.0000000000000000
      vks_2_22                      0.0001584890000000000    1.000000000000000   0.0000000000000000
       vks_2_3                      0.0001000000000000000    1.000000000000000   0.0000000000000000
       vks_2_4                      0.0002511890000000000    1.000000000000000   0.0000000000000000
       vks_2_5                      0.0002511890000000000    1.000000000000000   0.0000000000000000
       vks_2_6                      0.0001584890000000000    1.000000000000000   0.0000000000000000
       vks_2_7                      0.0002511890000000000    1.000000000000000   0.0000000000000000
       vks_2_8                      0.0002511890000000000    1.000000000000000   0.0000000000000000
       vks_2_9                      0.0002511890000000000    1.000000000000000   0.0000000000000000
       vks_3_1                      3.020000000000000e-08    1.000000000000000   0.0000000000000000
      vks_3_10                      3.090000000000000e-08    1.000000000000000   0.0000000000000000
      vks_3_11                      3.090000000000000e-08    1.000000000000000   0.0000000000000000
      vks_3_12                      3.090000000000000e-08    1.000000000000000   0.0000000000000000
      vks_3_13                      3.090000000000000e-08    1.000000000000000   0.0000000000000000
      vks_3_14                      3.090000000000000e-08    1.000000000000000   0.0000000000000000
      vks_3_15                      3.090000000000000e-08    1.000000000000000   0.0000000000000000
      vks_3_16                      1.000000000000000e-07    1.000000000000000   0.0000000000000000
      vks_3_17                      3.090000000000000e-08    1.000000000000000   0.0000000000000000
      vks_3_18                      3.090000000000000e-08    1.000000000000000   0.0000000000000000
      vks_3_19                      3.090000000000000e-08    1.000000000000000   0.0000000000000000
       vks_3_2                      3.090000000000000e-08    1.000000000000000   0.0000000000000000
      vks_3_20                      1.150000000000000e-07    1.000000000000000   0.0000000000000000
      vks_3_21                      3.090000000000000e-08    1.000000000000000   0.0000000000000000
      vks_3_22                      3.090000000000000e-08    1.000000000000000   0.0000000000000000
       vks_3_3                      3.090000000000000e-08    1.000000000000000   0.0000000000000000
       vks_3_4                      3.090000000000000e-08    1.000000000000000   0.0000000000000000
       vks_3_5                      3.090000000000000e-08    1.000000000000000   0.0000000000000000
       vks_3_6                      1.000000000000000e-07    1.000000000000000   0.0000000000000000
       vks_3_7                      3.090000000000000e-08    1.000000000000000   0.0000000000000000
       vks_3_8                      3.090000000000000e-08    1.000000000000000   0.0000000000000000
       vks_3_9                      3.090000000000000e-08    1.000000000000000   0.0000000000000000
