single point
        finf_1                      0.4830353000000000    1.000000000000000   0.0000000000000000
       finf_10                      0.4725046550000000    1.000000000000000   0.0000000000000000
       finf_11                      0.4725046520000000    1.000000000000000   0.0000000000000000
       finf_12                      0.4725046520000000    1.000000000000000   0.0000000000000000
       finf_13                      0.4725046250000000    1.000000000000000   0.0000000000000000
       finf_14                      0.4830353020000000    1.000000000000000   0.0000000000000000
       finf_15                      0.4830353000000000    1.000000000000000   0.0000000000000000
       finf_16                      0.4830353000000000    1.000000000000000   0.0000000000000000
       finf_17                      0.4830352960000000    1.000000000000000   0.0000000000000000
       finf_18                      0.4830353000000000    1.000000000000000   0.0000000000000000
       finf_19                      0.4830353020000000    1.000000000000000   0.0000000000000000
        finf_2                      0.4830352990000000    1.000000000000000   0.0000000000000000
       finf_20                      0.5284619410000000    1.000000000000000   0.0000000000000000
       finf_21                      0.4830353010000000    1.000000000000000   0.0000000000000000
       finf_22                      0.4830353040000000    1.000000000000000   0.0000000000000000
        finf_3                      0.4830353050000000    1.000000000000000   0.0000000000000000
        finf_4                      0.4105800060000000    1.000000000000000   0.0000000000000000
        finf_5                      0.4105800060000000    1.000000000000000   0.0000000000000000
        finf_6                      0.4830352990000000    1.000000000000000   0.0000000000000000
        finf_7                      0.4725046530000000    1.000000000000000   0.0000000000000000
        finf_8                      0.4725046500000000    1.000000000000000   0.0000000000000000
        finf_9                      0.4725046480000000    1.000000000000000   0.0000000000000000
          ks_1                      2.542779560090000    1.000000000000000   0.0000000000000000
         ks_10                      1.835549201737000    1.000000000000000   0.0000000000000000
        ks_100                      0.0005555779200000000    1.000000000000000   0.0000000000000000
        ks_101                      0.0006978379783000000    1.000000000000000   0.0000000000000000
        ks_102                      7.378788294000001e-05    1.000000000000000   0.0000000000000000
        ks_103                      0.0003459507885000000    1.000000000000000   0.0000000000000000
        ks_104                      9.680000000000000e-06    1.000000000000000   0.0000000000000000
        ks_105                      9.780001628000001e-06    1.000000000000000   0.0000000000000000
        ks_106                      0.0001437398418000000    1.000000000000000   0.0000000000000000
        ks_107                      0.0002553510161000000    1.000000000000000   0.0000000000000000
        ks_108                      4.558022569296600    1.000000000000000   0.0000000000000000
        ks_109                      7.537417713262600    1.000000000000000   0.0000000000000000
         ks_11                      0.3736926634180000    1.000000000000000   0.0000000000000000
        ks_110                      3.642366128827600    1.000000000000000   0.0000000000000000
        ks_111                      8.405568491853099    1.000000000000000   0.0000000000000000
        ks_112                      4.526460624700900    1.000000000000000   0.0000000000000000
        ks_113                      0.07429309325140000    1.000000000000000   0.0000000000000000
        ks_114                      10.03839098174000    1.000000000000000   0.0000000000000000
        ks_115                      6.975048033161400    1.000000000000000   0.0000000000000000
        ks_116                      0.3859300882921000    1.000000000000000   0.0000000000000000
        ks_117                      13.92397192898800    1.000000000000000   0.0000000000000000
        ks_118                      1.930101725173600    1.000000000000000   0.0000000000000000
        ks_119                      10.62096152457100    1.000000000000000   0.0000000000000000
         ks_12                      9.269048276983000    1.000000000000000   0.0000000000000000
        ks_120                      0.1131168953709000    1.000000000000000   0.0000000000000000
        ks_121                      2.383150196943100    1.000000000000000   0.0000000000000000
        ks_122                      45.08068272112500    1.000000000000000   0.0000000000000000
        ks_123                      9.162148679751700    1.000000000000000   0.0000000000000000
        ks_124                      2.164785915589000    1.000000000000000   0.0000000000000000
        ks_125                      34.41835171401100    1.000000000000000   0.0000000000000000
        ks_126                      280.7207518000000    1.000000000000000   0.0000000000000000
        ks_127                      0.9147496709803000    1.000000000000000   0.0000000000000000
        ks_128                      5.042989340405000    1.000000000000000   0.0000000000000000
        ks_129                      6.662059703366900    1.000000000000000   0.0000000000000000
         ks_13                      0.6575702673350000    1.000000000000000   0.0000000000000000
        ks_130                      5.048612094666000    1.000000000000000   0.0000000000000000
        ks_131                      0.0001985088611000000    1.000000000000000   0.0000000000000000
        ks_132                      0.0002014313093000000    1.000000000000000   0.0000000000000000
        ks_133                      0.0002007800001000000    1.000000000000000   0.0000000000000000
        ks_134                      0.02720135087180000    1.000000000000000   0.0000000000000000
        ks_135                      0.0001571439229000000    1.000000000000000   0.0000000000000000
        ks_136                      0.0002360331860000000    1.000000000000000   0.0000000000000000
        ks_137                      0.003878596910000000    1.000000000000000   0.0000000000000000
        ks_138                      6.884780101136900    1.000000000000000   0.0000000000000000
        ks_139                      0.0002331199805000000    1.000000000000000   0.0000000000000000
         ks_14                      4.415581102325000    1.000000000000000   0.0000000000000000
        ks_140                      15.10039643566500    1.000000000000000   0.0000000000000000
        ks_141                      0.0001965306669000000    1.000000000000000   0.0000000000000000
        ks_142                      0.0001996620000000000    1.000000000000000   0.0000000000000000
        ks_143                      0.001416829708000000    1.000000000000000   0.0000000000000000
        ks_144                      1.045186133126800    1.000000000000000   0.0000000000000000
        ks_145                      29.62658448229200    1.000000000000000   0.0000000000000000
        ks_146                      5.889559199288100    1.000000000000000   0.0000000000000000
        ks_147                      2.302934929126100    1.000000000000000   0.0000000000000000
        ks_148                      6.135361802696100    1.000000000000000   0.0000000000000000
        ks_149                      0.0002698731996000000    1.000000000000000   0.0000000000000000
         ks_15                      1.143314584884000    1.000000000000000   0.0000000000000000
        ks_150                      7.689736225383900    1.000000000000000   0.0000000000000000
        ks_151                      6.509974182960900    1.000000000000000   0.0000000000000000
        ks_152                      0.1290647126507000    1.000000000000000   0.0000000000000000
        ks_153                      55.07170448864200    1.000000000000000   0.0000000000000000
        ks_154                      35.11524557237600    1.000000000000000   0.0000000000000000
        ks_155                      0.0001734955133000000    1.000000000000000   0.0000000000000000
        ks_156                      0.1899182018036000    1.000000000000000   0.0000000000000000
        ks_157                      0.1689234332976000    1.000000000000000   0.0000000000000000
        ks_158                      0.6526212498135000    1.000000000000000   0.0000000000000000
        ks_159                      0.02689021564960000    1.000000000000000   0.0000000000000000
         ks_16                      222.8904470000000    1.000000000000000   0.0000000000000000
        ks_160                      1.133417898047200    1.000000000000000   0.0000000000000000
        ks_161                      500.0000000000000    1.000000000000000   0.0000000000000000
        ks_162                      0.1962180946205000    1.000000000000000   0.0000000000000000
        ks_163                      0.07071398409940000    1.000000000000000   0.0000000000000000
        ks_164                      0.05746607288440000    1.000000000000000   0.0000000000000000
        ks_165                      7.622022923822800    1.000000000000000   0.0000000000000000
        ks_166                      0.01548568127400000    1.000000000000000   0.0000000000000000
        ks_167                      0.02374445620670000    1.000000000000000   0.0000000000000000
        ks_168                      0.04122834659380000    1.000000000000000   0.0000000000000000
        ks_169                      0.0002308967620000000    1.000000000000000   0.0000000000000000
         ks_17                      1.735127336242000    1.000000000000000   0.0000000000000000
        ks_170                      0.001541802500000000    1.000000000000000   0.0000000000000000
        ks_171                      0.3862084094853000    1.000000000000000   0.0000000000000000
        ks_172                      0.02073236102130000    1.000000000000000   0.0000000000000000
        ks_173                      0.006639741254000000    1.000000000000000   0.0000000000000000
        ks_174                      6.175724563054600    1.000000000000000   0.0000000000000000
        ks_175                      0.1303359561114000    1.000000000000000   0.0000000000000000
        ks_176                      0.001643706753000000    1.000000000000000   0.0000000000000000
        ks_177                      1.144891431459600    1.000000000000000   0.0000000000000000
        ks_178                      0.0002018009640000000    1.000000000000000   0.0000000000000000
        ks_179                      0.5198380921679000    1.000000000000000   0.0000000000000000
         ks_18                      2.409158022074000    1.000000000000000   0.0000000000000000
        ks_180                      1.889295682000000e-05    1.000000000000000   0.0000000000000000
        ks_181                      0.01140961389630000    1.000000000000000   0.0000000000000000
        ks_182                      5.241527919689000    1.000000000000000   0.0000000000000000
        ks_183                      1.016233685760800    1.000000000000000   0.0000000000000000
        ks_184                      0.0003277516958000000    1.000000000000000   0.0000000000000000
        ks_185                      9.546294849000000e-05    1.000000000000000   0.0000000000000000
        ks_186                      0.0001000483053000000    1.000000000000000   0.0000000000000000
        ks_187                      0.0001323133935000000    1.000000000000000   0.0000000000000000
        ks_188                      0.0003653138933000000    1.000000000000000   0.0000000000000000
        ks_189                      0.0001151423415000000    1.000000000000000   0.0000000000000000
         ks_19                      45.57598381764000    1.000000000000000   0.0000000000000000
        ks_190                      9.629999999999999e-06    1.000000000000000   0.0000000000000000
        ks_191                      0.0001008020000000000    1.000000000000000   0.0000000000000000
        ks_192                      0.0001224893162000000    1.000000000000000   0.0000000000000000
        ks_193                      0.001512865696000000    1.000000000000000   0.0000000000000000
        ks_194                      9.560000000000000e-06    1.000000000000000   0.0000000000000000
        ks_195                      0.0006738884934000000    1.000000000000000   0.0000000000000000
        ks_196                      9.590000000000000e-06    1.000000000000000   0.0000000000000000
        ks_197                      8.381665597000000e-05    1.000000000000000   0.0000000000000000
        ks_198                      0.0005850196259000000    1.000000000000000   0.0000000000000000
        ks_199                      1.101449233000000e-05    1.000000000000000   0.0000000000000000
          ks_2                      0.02231166748000000    1.000000000000000   0.0000000000000000
         ks_20                      1.952982954056000    1.000000000000000   0.0000000000000000
        ks_200                      9.650000000000001e-06    1.000000000000000   0.0000000000000000
        ks_201                      9.560000001000000e-06    1.000000000000000   0.0000000000000000
        ks_202                      0.0001033479093000000    1.000000000000000   0.0000000000000000
        ks_203                      0.0001136310000000000    1.000000000000000   0.0000000000000000
        ks_204                      9.950000000000001e-05    1.000000000000000   0.0000000000000000
        ks_205                      0.0001026077301000000    1.000000000000000   0.0000000000000000
        ks_206                      9.619999999999999e-06    1.000000000000000   0.0000000000000000
        ks_207                      0.0001058906782000000    1.000000000000000   0.0000000000000000
        ks_208                      1.300000270000000e-05    1.000000000000000   0.0000000000000000
        ks_209                      0.0002738910562000000    1.000000000000000   0.0000000000000000
         ks_21                      0.9562480560140000    1.000000000000000   0.0000000000000000
        ks_210                      8.670000000000001e-05    1.000000000000000   0.0000000000000000
        ks_211                      8.974771526000000e-05    1.000000000000000   0.0000000000000000
        ks_212                      4.665120880000000e-05    1.000000000000000   0.0000000000000000
        ks_213                      9.550000000000000e-05    1.000000000000000   0.0000000000000000
        ks_214                      0.0001010681657000000    1.000000000000000   0.0000000000000000
        ks_215                      9.876589747000000e-05    1.000000000000000   0.0000000000000000
        ks_216                      9.955769877000000e-05    1.000000000000000   0.0000000000000000
        ks_217                      4.903455607000000e-05    1.000000000000000   0.0000000000000000
        ks_218                      5.163336753000000e-05    1.000000000000000   0.0000000000000000
        ks_219                      0.0001050358255000000    1.000000000000000   0.0000000000000000
         ks_22                      0.4591992727820000    1.000000000000000   0.0000000000000000
        ks_220                      9.392914292000000e-05    1.000000000000000   0.0000000000000000
        ks_221                      0.0001270620901000000    1.000000000000000   0.0000000000000000
        ks_222                      0.0001059022375000000    1.000000000000000   0.0000000000000000
        ks_223                      0.0001022623314000000    1.000000000000000   0.0000000000000000
        ks_224                      0.0001020493473000000    1.000000000000000   0.0000000000000000
        ks_225                      9.975644684000000e-06    1.000000000000000   0.0000000000000000
        ks_226                      0.0001066608183000000    1.000000000000000   0.0000000000000000
        ks_227                      8.718131158999999e-05    1.000000000000000   0.0000000000000000
        ks_228                      6.109694469000000e-05    1.000000000000000   0.0000000000000000
        ks_229                      0.0003989298169000000    1.000000000000000   0.0000000000000000
         ks_23                      500.0000000000000    1.000000000000000   0.0000000000000000
        ks_230                      1.612212052000000e-05    1.000000000000000   0.0000000000000000
        ks_231                      0.0001660132584000000    1.000000000000000   0.0000000000000000
        ks_232                      0.0003538871593000000    1.000000000000000   0.0000000000000000
        ks_233                      5.851797625000000e-05    1.000000000000000   0.0000000000000000
         ks_24                      0.05079607607800000    1.000000000000000   0.0000000000000000
         ks_25                      0.09751501738700000    1.000000000000000   0.0000000000000000
         ks_26                      5000.000000000000    1.000000000000000   0.0000000000000000
         ks_27                      0.1951961419610000    1.000000000000000   0.0000000000000000
         ks_28                      0.3387797433270000    1.000000000000000   0.0000000000000000
         ks_29                      3.523187305566000    1.000000000000000   0.0000000000000000
          ks_3                      0.7831349782800000    1.000000000000000   0.0000000000000000
         ks_30                      9.690000000000000e-06    1.000000000000000   0.0000000000000000
         ks_31                      2.779575538625000    1.000000000000000   0.0000000000000000
         ks_32                      0.0001892888620000000    1.000000000000000   0.0000000000000000
         ks_33                      0.1023903806990000    1.000000000000000   0.0000000000000000
         ks_34                      51.12262323128000    1.000000000000000   0.0000000000000000
         ks_35                      0.0001854549420000000    1.000000000000000   0.0000000000000000
         ks_36                      0.0004919160730000000    1.000000000000000   0.0000000000000000
         ks_37                      0.0002068790580000000    1.000000000000000   0.0000000000000000
         ks_38                      0.08615554091800000    1.000000000000000   0.0000000000000000
         ks_39                      0.0001953660000000000    1.000000000000000   0.0000000000000000
          ks_4                      96.64963829100000    1.000000000000000   0.0000000000000000
         ks_40                      1.176714043415000    1.000000000000000   0.0000000000000000
         ks_41                      1.185720246062000    1.000000000000000   0.0000000000000000
         ks_42                      2.495333171033000    1.000000000000000   0.0000000000000000
         ks_43                      0.09343030040000000    1.000000000000000   0.0000000000000000
         ks_44                      0.4416545659400000    1.000000000000000   0.0000000000000000
         ks_45                      0.01098817187000000    1.000000000000000   0.0000000000000000
         ks_46                      0.1771787216820000    1.000000000000000   0.0000000000000000
         ks_47                      5.646115290271000    1.000000000000000   0.0000000000000000
         ks_48                      9.372750704810000    1.000000000000000   0.0000000000000000
         ks_49                      0.0001756861920000000    1.000000000000000   0.0000000000000000
          ks_5                      252.6694000000000    1.000000000000000   0.0000000000000000
         ks_50                      3.961974511974000    1.000000000000000   0.0000000000000000
         ks_51                      4.135853410000000e-05    1.000000000000000   0.0000000000000000
         ks_52                      0.003310196740000000    1.000000000000000   0.0000000000000000
         ks_53                      5.213209350512000    1.000000000000000   0.0000000000000000
         ks_54                      0.01906727696300000    1.000000000000000   0.0000000000000000
         ks_55                      8.417068567204000    1.000000000000000   0.0000000000000000
         ks_56                      73.33181958079000    1.000000000000000   0.0000000000000000
         ks_57                      4.744715549503000    1.000000000000000   0.0000000000000000
         ks_58                      0.3341767463130000    1.000000000000000   0.0000000000000000
         ks_59                      0.06491222823900000    1.000000000000000   0.0000000000000000
          ks_6                      263.2102200000000    1.000000000000000   0.0000000000000000
         ks_60                      4.701903075808000    1.000000000000000   0.0000000000000000
         ks_61                      0.03058012726100000    1.000000000000000   0.0000000000000000
         ks_62                      0.1815549882630000    1.000000000000000   0.0000000000000000
         ks_63                      11.16055769425000    1.000000000000000   0.0000000000000000
         ks_64                      0.0005741132770000000    1.000000000000000   0.0000000000000000
         ks_65                      0.001481263370000000    1.000000000000000   0.0000000000000000
         ks_66                      5.840999439550000    1.000000000000000   0.0000000000000000
         ks_67                      13.22439472302000    1.000000000000000   0.0000000000000000
         ks_68                      0.006669145570000000    1.000000000000000   0.0000000000000000
         ks_69                      0.7750801287640000    1.000000000000000   0.0000000000000000
          ks_7                      9.957214999999999e-06    1.000000000000000   0.0000000000000000
         ks_70                      3.955147563024000    1.000000000000000   0.0000000000000000
         ks_71                      9.670000000000001e-06    1.000000000000000   0.0000000000000000
         ks_72                      8.734335770000000e-05    1.000000000000000   0.0000000000000000
         ks_73                      0.0001015994780000000    1.000000000000000   0.0000000000000000
         ks_74                      9.294211339999999e-05    1.000000000000000   0.0000000000000000
         ks_75                      1.109427120000000e-05    1.000000000000000   0.0000000000000000
         ks_76                      0.0001446883350000000    1.000000000000000   0.0000000000000000
         ks_77                      0.0001041667760000000    1.000000000000000   0.0000000000000000
         ks_78                      1.346480480000000e-05    1.000000000000000   0.0000000000000000
         ks_79                      9.609999999999999e-06    1.000000000000000   0.0000000000000000
          ks_8                      9.690000000000000e-06    1.000000000000000   0.0000000000000000
         ks_80                      205.8440640000000    1.000000000000000   0.0000000000000000
         ks_81                      8.627916490000000e-05    1.000000000000000   0.0000000000000000
         ks_82                      500.0000000000000    1.000000000000000   0.0000000000000000
         ks_83                      6.950307919609000    1.000000000000000   0.0000000000000000
         ks_84                      8.493885350000000e-05    1.000000000000000   0.0000000000000000
         ks_85                      1.250808320000000e-05    1.000000000000000   0.0000000000000000
         ks_86                      0.0001341006250000000    1.000000000000000   0.0000000000000000
         ks_87                      500.0000000000000    1.000000000000000   0.0000000000000000
         ks_88                      26.45957212787000    1.000000000000000   0.0000000000000000
         ks_89                      7.820396120000000e-05    1.000000000000000   0.0000000000000000
          ks_9                      7.842635786050000    1.000000000000000   0.0000000000000000
         ks_90                      4.645155788955000    1.000000000000000   0.0000000000000000
         ks_91                      15.27992978983000    1.000000000000000   0.0000000000000000
         ks_92                      0.0001139230000000000    1.000000000000000   0.0000000000000000
         ks_93                      0.2478570702160000    1.000000000000000   0.0000000000000000
         ks_94                      9.590000000000000e-06    1.000000000000000   0.0000000000000000
         ks_95                      9.990000000000000e-05    1.000000000000000   0.0000000000000000
         ks_96                      0.0001720230970000000    1.000000000000000   0.0000000000000000
         ks_97                      2.967999560000000e-05    1.000000000000000   0.0000000000000000
         ks_98                      0.0001080599720000000    1.000000000000000   0.0000000000000000
         ks_99                      0.0001085485720000000    1.000000000000000   0.0000000000000000
    lak_cond_1                      1.000000000000000    1.000000000000000   0.0000000000000000
   lak_cond_12                      1.029473146948172    1.000000000000000   0.0000000000000000
    lak_cond_2                      1.000000000000000    1.000000000000000   0.0000000000000000
         pet_1                      9.500000000000001e-05    1.000000000000000   0.0000000000000000
 pond_recharge                      21600.67057972564    1.000000000000000   0.0000000000000000
       sfr_k_1                      0.05442573952133000    1.000000000000000   0.0000000000000000
      sfr_k_10                      0.1131826937174830    1.000000000000000   0.0000000000000000
      sfr_k_11                      0.2197365893495850    1.000000000000000   0.0000000000000000
      sfr_k_12                      1.142407613886493    1.000000000000000   0.0000000000000000
      sfr_k_13                      0.1015877833187230    1.000000000000000   0.0000000000000000
      sfr_k_14                      0.1908506888572710    1.000000000000000   0.0000000000000000
      sfr_k_15                      0.1294802906544080    1.000000000000000   0.0000000000000000
      sfr_k_16                      0.2577280757120280    1.000000000000000   0.0000000000000000
      sfr_k_17                      0.1015125075898230    1.000000000000000   0.0000000000000000
      sfr_k_18                      0.1347777543803880    1.000000000000000   0.0000000000000000
      sfr_k_19                      0.1035204361488710    1.000000000000000   0.0000000000000000
       sfr_k_2                      0.1722908904288500    1.000000000000000   0.0000000000000000
      sfr_k_20                      0.1039303748120420    1.000000000000000   0.0000000000000000
      sfr_k_21                      0.1794879984445610    1.000000000000000   0.0000000000000000
      sfr_k_22                      0.1241944495980670    1.000000000000000   0.0000000000000000
       sfr_k_3                      0.1181187530586000    1.000000000000000   0.0000000000000000
       sfr_k_4                      0.02841924658543000    1.000000000000000   0.0000000000000000
       sfr_k_5                      0.2419361389808600    1.000000000000000   0.0000000000000000
       sfr_k_6                      0.6810165824733000    1.000000000000000   0.0000000000000000
       sfr_k_7                      0.2547510617322200    1.000000000000000   0.0000000000000000
       sfr_k_8                      0.3105105071107600    1.000000000000000   0.0000000000000000
       sfr_k_9                      0.1834804979554500    1.000000000000000   0.0000000000000000
     spill_447                      185.0599976000000    1.000000000000000   0.0000000000000000
     spill_449                      146.6000061000000    1.000000000000000   0.0000000000000000
     spill_688                      8.230000000000000    1.000000000000000   0.0000000000000000
     surfk_1_1                      0.0002263616105728000    1.000000000000000   0.0000000000000000
    surfk_1_10                      0.0002531290488723000    1.000000000000000   0.0000000000000000
    surfk_1_11                      0.0002557416838417800    1.000000000000000   0.0000000000000000
    surfk_1_12                      0.0002557630812378700    1.000000000000000   0.0000000000000000
    surfk_1_13                      0.0002508890017080900    1.000000000000000   0.0000000000000000
    surfk_1_14                      0.0002486226192017600    1.000000000000000   0.0000000000000000
    surfk_1_15                      0.0002328308463186700    1.000000000000000   0.0000000000000000
    surfk_1_16                      0.0002282537262112300    1.000000000000000   0.0000000000000000
    surfk_1_17                      0.0002510812586438000    1.000000000000000   0.0000000000000000
    surfk_1_18                      0.0002650003059718500    1.000000000000000   0.0000000000000000
    surfk_1_19                      0.0002520787044878600    1.000000000000000   0.0000000000000000
     surfk_1_2                      0.0002261873275668000    1.000000000000000   0.0000000000000000
    surfk_1_21                      0.0002488299996124100    1.000000000000000   0.0000000000000000
     surfk_1_3                      0.0002367036007819000    1.000000000000000   0.0000000000000000
     surfk_1_4                      0.0003483208172773000    1.000000000000000   0.0000000000000000
     surfk_1_5                      0.0003448815678486000    1.000000000000000   0.0000000000000000
     surfk_1_6                      0.0002349551849939000    1.000000000000000   0.0000000000000000
     surfk_1_8                      0.0002494660000081000    1.000000000000000   0.0000000000000000
     surfk_1_9                      0.0002138068206911000    1.000000000000000   0.0000000000000000
     surfk_2_1                      0.0003204139066635000    1.000000000000000   0.0000000000000000
    surfk_2_10                      0.0002484987804081000    1.000000000000000   0.0000000000000000
    surfk_2_11                      0.0002290944422837400    1.000000000000000   0.0000000000000000
    surfk_2_12                      0.0002100503864739700    1.000000000000000   0.0000000000000000
    surfk_2_14                      0.0001449230000033800    1.000000000000000   0.0000000000000000
    surfk_2_15                      0.0001663439126253500    1.000000000000000   0.0000000000000000
    surfk_2_16                      0.0001536390826124600    1.000000000000000   0.0000000000000000
    surfk_2_17                      0.0001614463984725300    1.000000000000000   0.0000000000000000
    surfk_2_18                      0.0001714893683170900    1.000000000000000   0.0000000000000000
    surfk_2_19                      0.0001583190000104000    1.000000000000000   0.0000000000000000
     surfk_2_2                      9.281686885073000e-05    1.000000000000000   0.0000000000000000
    surfk_2_20                      0.0005661050000183900    1.000000000000000   0.0000000000000000
    surfk_2_21                      0.0001595997953414100    1.000000000000000   0.0000000000000000
    surfk_2_22                      0.0001548884386981600    1.000000000000000   0.0000000000000000
     surfk_2_3                      9.980000000387001e-05    1.000000000000000   0.0000000000000000
     surfk_2_4                      0.0002207493540799000    1.000000000000000   0.0000000000000000
     surfk_2_5                      0.0003006859884618000    1.000000000000000   0.0000000000000000
     surfk_2_6                      0.0001318581087166000    1.000000000000000   0.0000000000000000
     surfk_2_7                      0.0002415350982875000    1.000000000000000   0.0000000000000000
     surfk_2_8                      0.0002408946911936000    1.000000000000000   0.0000000000000000
     surfk_2_9                      0.0002154999903359000    1.000000000000000   0.0000000000000000
     surfk_3_1                      2.983779227426000e-08    1.000000000000000   0.0000000000000000
    surfk_3_10                      3.161451748689500e-08    1.000000000000000   0.0000000000000000
    surfk_3_11                      3.161567242021600e-08    1.000000000000000   0.0000000000000000
    surfk_3_12                      3.086082104901000e-08    1.000000000000000   0.0000000000000000
    surfk_3_13                      3.099999999897100e-08    1.000000000000000   0.0000000000000000
    surfk_3_14                      3.149999999864600e-08    1.000000000000000   0.0000000000000000
    surfk_3_15                      3.079999999959800e-08    1.000000000000000   0.0000000000000000
    surfk_3_16                      1.040000000012800e-07    1.000000000000000   0.0000000000000000
    surfk_3_17                      3.170066733936000e-08    1.000000000000000   0.0000000000000000
    surfk_3_18                      2.995465297494700e-08    1.000000000000000   0.0000000000000000
    surfk_3_19                      3.072995217779400e-08    1.000000000000000   0.0000000000000000
     surfk_3_2                      3.104071063450000e-08    1.000000000000000   0.0000000000000000
    surfk_3_20                      1.132031596465400e-07    1.000000000000000   0.0000000000000000
    surfk_3_21                      3.188958617241700e-08    1.000000000000000   0.0000000000000000
    surfk_3_22                      2.529223746862900e-08    1.000000000000000   0.0000000000000000
     surfk_3_3                      3.080000000038000e-08    1.000000000000000   0.0000000000000000
     surfk_3_4                      3.079999999972000e-08    1.000000000000000   0.0000000000000000
     surfk_3_5                      3.124193347976000e-08    1.000000000000000   0.0000000000000000
     surfk_3_6                      1.005788697053000e-07    1.000000000000000   0.0000000000000000
     surfk_3_7                      3.079999999888000e-08    1.000000000000000   0.0000000000000000
     surfk_3_8                      3.161567241912000e-08    1.000000000000000   0.0000000000000000
     surfk_3_9                      3.102004638176000e-08    1.000000000000000   0.0000000000000000
   vka_ratio_1                      0.3005664260249343    1.000000000000000   0.0000000000000000
   vka_ratio_2                      0.1266645278522101    1.000000000000000   0.0000000000000000
   vka_ratio_3                      0.005814986429311480    1.000000000000000   0.0000000000000000
       vks_1_1                      0.0002511890000000000    1.000000000000000   0.0000000000000000
      vks_1_10                      0.0002511890000000000    1.000000000000000   0.0000000000000000
      vks_1_11                      0.0002511890000000000    1.000000000000000   0.0000000000000000
      vks_1_12                      0.0002511890000000000    1.000000000000000   0.0000000000000000
      vks_1_13                      0.0002511890000000000    1.000000000000000   0.0000000000000000
      vks_1_14                      0.0002511890000000000    1.000000000000000   0.0000000000000000
      vks_1_15                      0.0002511890000000000    1.000000000000000   0.0000000000000000
      vks_1_16                      0.0002511890000000000    1.000000000000000   0.0000000000000000
      vks_1_17                      0.0002511890000000000    1.000000000000000   0.0000000000000000
      vks_1_18                      0.0002511890000000000    1.000000000000000   0.0000000000000000
      vks_1_19                      0.0002511890000000000    1.000000000000000   0.0000000000000000
       vks_1_2                      0.0002511890000000000    1.000000000000000   0.0000000000000000
      vks_1_21                      0.0002511890000000000    1.000000000000000   0.0000000000000000
       vks_1_3                      0.0002511890000000000    1.000000000000000   0.0000000000000000
       vks_1_4                      0.0003981070000000000    1.000000000000000   0.0000000000000000
       vks_1_5                      0.0003981070000000000    1.000000000000000   0.0000000000000000
       vks_1_6                      0.0002511890000000000    1.000000000000000   0.0000000000000000
       vks_1_8                      0.0002511890000000000    1.000000000000000   0.0000000000000000
       vks_1_9                      0.0002511890000000000    1.000000000000000   0.0000000000000000
       vks_2_1                      0.0002511890000000000    1.000000000000000   0.0000000000000000
      vks_2_10                      0.0002511890000000000    1.000000000000000   0.0000000000000000
      vks_2_11                      0.0002511890000000000    1.000000000000000   0.0000000000000000
      vks_2_12                      0.0002511890000000000    1.000000000000000   0.0000000000000000
      vks_2_14                      0.0001584890000000000    1.000000000000000   0.0000000000000000
      vks_2_15                      0.0001584890000000000    1.000000000000000   0.0000000000000000
      vks_2_16                      0.0001584890000000000    1.000000000000000   0.0000000000000000
      vks_2_17                      0.0001584890000000000    1.000000000000000   0.0000000000000000
      vks_2_18                      0.0001584890000000000    1.000000000000000   0.0000000000000000
      vks_2_19                      0.0001584890000000000    1.000000000000000   0.0000000000000000
       vks_2_2                      0.0001000000000000000    1.000000000000000   0.0000000000000000
      vks_2_20                      0.0006309570000000000    1.000000000000000   0.0000000000000000
      vks_2_21                      0.0001584890000000000    1.000000000000000   0.0000000000000000
      vks_2_22                      0.0001584890000000000    1.000000000000000   0.0000000000000000
       vks_2_3                      0.0001000000000000000    1.000000000000000   0.0000000000000000
       vks_2_4                      0.0002511890000000000    1.000000000000000   0.0000000000000000
       vks_2_5                      0.0002511890000000000    1.000000000000000   0.0000000000000000
       vks_2_6                      0.0001584890000000000    1.000000000000000   0.0000000000000000
       vks_2_7                      0.0002511890000000000    1.000000000000000   0.0000000000000000
       vks_2_8                      0.0002511890000000000    1.000000000000000   0.0000000000000000
       vks_2_9                      0.0002511890000000000    1.000000000000000   0.0000000000000000
       vks_3_1                      3.020000000000000e-08    1.000000000000000   0.0000000000000000
      vks_3_10                      3.090000000000000e-08    1.000000000000000   0.0000000000000000
      vks_3_11                      3.090000000000000e-08    1.000000000000000   0.0000000000000000
      vks_3_12                      3.090000000000000e-08    1.000000000000000   0.0000000000000000
      vks_3_13                      3.090000000000000e-08    1.000000000000000   0.0000000000000000
      vks_3_14                      3.090000000000000e-08    1.000000000000000   0.0000000000000000
      vks_3_15                      3.090000000000000e-08    1.000000000000000   0.0000000000000000
      vks_3_16                      1.000000000000000e-07    1.000000000000000   0.0000000000000000
      vks_3_17                      3.090000000000000e-08    1.000000000000000   0.0000000000000000
      vks_3_18                      3.090000000000000e-08    1.000000000000000   0.0000000000000000
      vks_3_19                      3.090000000000000e-08    1.000000000000000   0.0000000000000000
       vks_3_2                      3.090000000000000e-08    1.000000000000000   0.0000000000000000
      vks_3_20                      1.150000000000000e-07    1.000000000000000   0.0000000000000000
      vks_3_21                      3.090000000000000e-08    1.000000000000000   0.0000000000000000
      vks_3_22                      3.090000000000000e-08    1.000000000000000   0.0000000000000000
       vks_3_3                      3.090000000000000e-08    1.000000000000000   0.0000000000000000
       vks_3_4                      3.090000000000000e-08    1.000000000000000   0.0000000000000000
       vks_3_5                      3.090000000000000e-08    1.000000000000000   0.0000000000000000
       vks_3_6                      1.000000000000000e-07    1.000000000000000   0.0000000000000000
       vks_3_7                      3.090000000000000e-08    1.000000000000000   0.0000000000000000
       vks_3_8                      3.090000000000000e-08    1.000000000000000   0.0000000000000000
       vks_3_9                      3.090000000000000e-08    1.000000000000000   0.0000000000000000
