single point
        finf_1                      0.4830353000000000    1.000000000000000   0.0000000000000000
       finf_10                      0.4725046550000000    1.000000000000000   0.0000000000000000
       finf_11                      0.4725046520000000    1.000000000000000   0.0000000000000000
       finf_12                      0.4725046520000000    1.000000000000000   0.0000000000000000
       finf_13                      0.4725046250000000    1.000000000000000   0.0000000000000000
       finf_14                      0.4830353020000000    1.000000000000000   0.0000000000000000
       finf_15                      0.4830353000000000    1.000000000000000   0.0000000000000000
       finf_16                      0.4830353000000000    1.000000000000000   0.0000000000000000
       finf_17                      0.4830352960000000    1.000000000000000   0.0000000000000000
       finf_18                      0.4830353000000000    1.000000000000000   0.0000000000000000
       finf_19                      0.4830353020000000    1.000000000000000   0.0000000000000000
        finf_2                      0.4830352990000000    1.000000000000000   0.0000000000000000
       finf_20                      0.5284619410000000    1.000000000000000   0.0000000000000000
       finf_21                      0.4830353010000000    1.000000000000000   0.0000000000000000
       finf_22                      0.4830353040000000    1.000000000000000   0.0000000000000000
        finf_3                      0.4830353050000000    1.000000000000000   0.0000000000000000
        finf_4                      0.4105800060000000    1.000000000000000   0.0000000000000000
        finf_5                      0.4105800060000000    1.000000000000000   0.0000000000000000
        finf_6                      0.4830352990000000    1.000000000000000   0.0000000000000000
        finf_7                      0.4725046530000000    1.000000000000000   0.0000000000000000
        finf_8                      0.4725046500000000    1.000000000000000   0.0000000000000000
        finf_9                      0.4725046480000000    1.000000000000000   0.0000000000000000
          ks_1                      3.961753530370000    1.000000000000000   0.0000000000000000
         ks_10                      1.836608741172000    1.000000000000000   0.0000000000000000
        ks_100                      0.0005004822557000000    1.000000000000000   0.0000000000000000
        ks_101                      0.0006412281106000000    1.000000000000000   0.0000000000000000
        ks_102                      7.056708563000000e-05    1.000000000000000   0.0000000000000000
        ks_103                      0.0003180157044000000    1.000000000000000   0.0000000000000000
        ks_104                      9.674011853000001e-06    1.000000000000000   0.0000000000000000
        ks_105                      9.773896215000000e-06    1.000000000000000   0.0000000000000000
        ks_106                      0.0001423317322000000    1.000000000000000   0.0000000000000000
        ks_107                      0.0002388337428000000    1.000000000000000   0.0000000000000000
        ks_108                      4.508371498799400    1.000000000000000   0.0000000000000000
        ks_109                      7.433607666723900    1.000000000000000   0.0000000000000000
         ks_11                      0.4128729476990000    1.000000000000000   0.0000000000000000
        ks_110                      3.477512187499700    1.000000000000000   0.0000000000000000
        ks_111                      7.685828356913000    1.000000000000000   0.0000000000000000
        ks_112                      4.592582695176200    1.000000000000000   0.0000000000000000
        ks_113                      0.05980469738820000    1.000000000000000   0.0000000000000000
        ks_114                      10.75158481395600    1.000000000000000   0.0000000000000000
        ks_115                      7.048472492919100    1.000000000000000   0.0000000000000000
        ks_116                      0.3774652008488000    1.000000000000000   0.0000000000000000
        ks_117                      14.83651836258900    1.000000000000000   0.0000000000000000
        ks_118                      1.910016569949800    1.000000000000000   0.0000000000000000
        ks_119                      10.57643893893900    1.000000000000000   0.0000000000000000
         ks_12                      11.76053883273000    1.000000000000000   0.0000000000000000
        ks_120                      0.1011747593107000    1.000000000000000   0.0000000000000000
        ks_121                      2.465028049235200    1.000000000000000   0.0000000000000000
        ks_122                      45.98689290902400    1.000000000000000   0.0000000000000000
        ks_123                      8.280363419155201    1.000000000000000   0.0000000000000000
        ks_124                      2.164786005891700    1.000000000000000   0.0000000000000000
        ks_125                      20.20160179449400    1.000000000000000   0.0000000000000000
        ks_126                      248.0640842000000    1.000000000000000   0.0000000000000000
        ks_127                      0.6717814655210000    1.000000000000000   0.0000000000000000
        ks_128                      5.739377656290100    1.000000000000000   0.0000000000000000
        ks_129                      6.746174077389700    1.000000000000000   0.0000000000000000
         ks_13                      0.6233728160540000    1.000000000000000   0.0000000000000000
        ks_130                      3.574899293794100    1.000000000000000   0.0000000000000000
        ks_131                      0.0002337451019000000    1.000000000000000   0.0000000000000000
        ks_132                      0.0001975294124000000    1.000000000000000   0.0000000000000000
        ks_133                      0.0001860179971000000    1.000000000000000   0.0000000000000000
        ks_134                      0.02720135097000000    1.000000000000000   0.0000000000000000
        ks_135                      0.0001550575036000000    1.000000000000000   0.0000000000000000
        ks_136                      0.0002202137443000000    1.000000000000000   0.0000000000000000
        ks_137                      0.002667573568000000    1.000000000000000   0.0000000000000000
        ks_138                      6.917776803105100    1.000000000000000   0.0000000000000000
        ks_139                      0.0002271085983000000    1.000000000000000   0.0000000000000000
         ks_14                      4.359255827263000    1.000000000000000   0.0000000000000000
        ks_140                      15.23526131210900    1.000000000000000   0.0000000000000000
        ks_141                      0.0002315716303000000    1.000000000000000   0.0000000000000000
        ks_142                      0.0001957750820000000    1.000000000000000   0.0000000000000000
        ks_143                      0.001266650102000000    1.000000000000000   0.0000000000000000
        ks_144                      1.051887773279900    1.000000000000000   0.0000000000000000
        ks_145                      37.38632824095700    1.000000000000000   0.0000000000000000
        ks_146                      5.866019511966200    1.000000000000000   0.0000000000000000
        ks_147                      2.280109539712500    1.000000000000000   0.0000000000000000
        ks_148                      6.135363570055400    1.000000000000000   0.0000000000000000
        ks_149                      0.0002605077024000000    1.000000000000000   0.0000000000000000
         ks_15                      1.134292745882000    1.000000000000000   0.0000000000000000
        ks_150                      7.685321669995300    1.000000000000000   0.0000000000000000
        ks_151                      6.541037017562300    1.000000000000000   0.0000000000000000
        ks_152                      0.1440560063501000    1.000000000000000   0.0000000000000000
        ks_153                      68.47171139061901    1.000000000000000   0.0000000000000000
        ks_154                      43.89565317140200    1.000000000000000   0.0000000000000000
        ks_155                      0.0001627802806000000    1.000000000000000   0.0000000000000000
        ks_156                      0.1930042558129000    1.000000000000000   0.0000000000000000
        ks_157                      0.1450729443670000    1.000000000000000   0.0000000000000000
        ks_158                      0.6533535331337000    1.000000000000000   0.0000000000000000
        ks_159                      0.02677223959550000    1.000000000000000   0.0000000000000000
         ks_16                      172.8631630000000    1.000000000000000   0.0000000000000000
        ks_160                      1.144557905460100    1.000000000000000   0.0000000000000000
        ks_161                      500.0000000000000    1.000000000000000   0.0000000000000000
        ks_162                      0.1959081945328000    1.000000000000000   0.0000000000000000
        ks_163                      0.06997201482800000    1.000000000000000   0.0000000000000000
        ks_164                      0.07082149775540000    1.000000000000000   0.0000000000000000
        ks_165                      7.863270247772100    1.000000000000000   0.0000000000000000
        ks_166                      0.01548568295840000    1.000000000000000   0.0000000000000000
        ks_167                      0.02043425901320000    1.000000000000000   0.0000000000000000
        ks_168                      0.04588334349330000    1.000000000000000   0.0000000000000000
        ks_169                      0.0002157399911000000    1.000000000000000   0.0000000000000000
         ks_17                      1.749164912293000    1.000000000000000   0.0000000000000000
        ks_170                      0.001391746796000000    1.000000000000000   0.0000000000000000
        ks_171                      0.3901482145800000    1.000000000000000   0.0000000000000000
        ks_172                      0.02075218081930000    1.000000000000000   0.0000000000000000
        ks_173                      0.005529088144000000    1.000000000000000   0.0000000000000000
        ks_174                      6.175724563054600    1.000000000000000   0.0000000000000000
        ks_175                      0.1303359560992000    1.000000000000000   0.0000000000000000
        ks_176                      0.001870323812000000    1.000000000000000   0.0000000000000000
        ks_177                      1.146135695257600    1.000000000000000   0.0000000000000000
        ks_178                      0.0001981021694000000    1.000000000000000   0.0000000000000000
        ks_179                      0.7358825815327000    1.000000000000000   0.0000000000000000
         ks_18                      2.368727344829000    1.000000000000000   0.0000000000000000
        ks_180                      1.831177237000000e-05    1.000000000000000   0.0000000000000000
        ks_181                      0.01098286534640000    1.000000000000000   0.0000000000000000
        ks_182                      5.238376253683500    1.000000000000000   0.0000000000000000
        ks_183                      1.018541255488000    1.000000000000000   0.0000000000000000
        ks_184                      0.0003040970462000000    1.000000000000000   0.0000000000000000
        ks_185                      9.482828322000000e-05    1.000000000000000   0.0000000000000000
        ks_186                      9.944997153000001e-05    1.000000000000000   0.0000000000000000
        ks_187                      0.0001311617915000000    1.000000000000000   0.0000000000000000
        ks_188                      0.0003497129901000000    1.000000000000000   0.0000000000000000
        ks_189                      0.0001086807251000000    1.000000000000000   0.0000000000000000
         ks_19                      45.43650045200000    1.000000000000000   0.0000000000000000
        ks_190                      9.624070075000000e-06    1.000000000000000   0.0000000000000000
        ks_191                      0.0001000822976000000    1.000000000000000   0.0000000000000000
        ks_192                      0.0001185743912000000    1.000000000000000   0.0000000000000000
        ks_193                      0.001398241519000000    1.000000000000000   0.0000000000000000
        ks_194                      9.554151097000001e-06    1.000000000000000   0.0000000000000000
        ks_195                      0.0006298287740000000    1.000000000000000   0.0000000000000000
        ks_196                      9.584116438000001e-06    1.000000000000000   0.0000000000000000
        ks_197                      8.332432169000000e-05    1.000000000000000   0.0000000000000000
        ks_198                      0.0007955905179000000    1.000000000000000   0.0000000000000000
        ks_199                      1.100818753000000e-05    1.000000000000000   0.0000000000000000
          ks_2                      0.02169442419000000    1.000000000000000   0.0000000000000000
         ks_20                      1.765540956493000    1.000000000000000   0.0000000000000000
        ks_200                      9.644046821000000e-06    1.000000000000000   0.0000000000000000
        ks_201                      9.554151099000000e-06    1.000000000000000   0.0000000000000000
        ks_202                      0.0001024253897000000    1.000000000000000   0.0000000000000000
        ks_203                      0.0001071240598000000    1.000000000000000   0.0000000000000000
        ks_204                      9.879751823000001e-05    1.000000000000000   0.0000000000000000
        ks_205                      9.666992802999999e-05    1.000000000000000   0.0000000000000000
        ks_206                      9.614081682000000e-06    1.000000000000000   0.0000000000000000
        ks_207                      0.0001028426336000000    1.000000000000000   0.0000000000000000
        ks_208                      1.298194492000000e-05    1.000000000000000   0.0000000000000000
        ks_209                      0.0002678293487000000    1.000000000000000   0.0000000000000000
         ks_21                      0.9147724205570000    1.000000000000000   0.0000000000000000
        ks_210                      8.413176584000000e-05    1.000000000000000   0.0000000000000000
        ks_211                      8.919502525000000e-05    1.000000000000000   0.0000000000000000
        ks_212                      4.531724566000000e-05    1.000000000000000   0.0000000000000000
        ks_213                      9.486385216000000e-05    1.000000000000000   0.0000000000000000
        ks_214                      0.0001004557447000000    1.000000000000000   0.0000000000000000
        ks_215                      9.579159042000000e-05    1.000000000000000   0.0000000000000000
        ks_216                      9.888263921000000e-05    1.000000000000000   0.0000000000000000
        ks_217                      3.669307971000000e-05    1.000000000000000   0.0000000000000000
        ks_218                      5.015436762000000e-05    1.000000000000000   0.0000000000000000
        ks_219                      0.0001042305244000000    1.000000000000000   0.0000000000000000
         ks_22                      0.5069216255980000    1.000000000000000   0.0000000000000000
        ks_220                      8.856128174000000e-05    1.000000000000000   0.0000000000000000
        ks_221                      0.0001193826317000000    1.000000000000000   0.0000000000000000
        ks_222                      0.0001050958907000000    1.000000000000000   0.0000000000000000
        ks_223                      9.647588618000000e-05    1.000000000000000   0.0000000000000000
        ks_224                      0.0001011733951000000    1.000000000000000   0.0000000000000000
        ks_225                      9.969306568999999e-06    1.000000000000000   0.0000000000000000
        ks_226                      0.0001058056700000000    1.000000000000000   0.0000000000000000
        ks_227                      8.480719595000000e-05    1.000000000000000   0.0000000000000000
        ks_228                      5.075186343000000e-05    1.000000000000000   0.0000000000000000
        ks_229                      0.0003760290415000000    1.000000000000000   0.0000000000000000
         ks_23                      500.0000000000000    1.000000000000000   0.0000000000000000
        ks_230                      1.805483574000000e-05    1.000000000000000   0.0000000000000000
        ks_231                      7.873396740000000e-05    1.000000000000000   0.0000000000000000
        ks_232                      0.0003369761312000000    1.000000000000000   0.0000000000000000
        ks_233                      7.014671576999999e-05    1.000000000000000   0.0000000000000000
         ks_24                      0.05102248717100000    1.000000000000000   0.0000000000000000
         ks_25                      0.09960679375800000    1.000000000000000   0.0000000000000000
         ks_26                      5000.000000000000    1.000000000000000   0.0000000000000000
         ks_27                      0.1295645251450000    1.000000000000000   0.0000000000000000
         ks_28                      0.3184785251660000    1.000000000000000   0.0000000000000000
         ks_29                      2.850470529113000    1.000000000000000   0.0000000000000000
          ks_3                      0.7881005102999999    1.000000000000000   0.0000000000000000
         ks_30                      9.684000189999999e-06    1.000000000000000   0.0000000000000000
         ks_31                      2.774871415716000    1.000000000000000   0.0000000000000000
         ks_32                      0.0001859497800000000    1.000000000000000   0.0000000000000000
         ks_33                      0.1025810737510000    1.000000000000000   0.0000000000000000
         ks_34                      65.18345093500000    1.000000000000000   0.0000000000000000
         ks_35                      0.0001786243330000000    1.000000000000000   0.0000000000000000
         ks_36                      0.0004496880200000000    1.000000000000000   0.0000000000000000
         ks_37                      0.0001939149670000000    1.000000000000000   0.0000000000000000
         ks_38                      0.1355476621590000    1.000000000000000   0.0000000000000000
         ks_39                      0.0001884957000000000    1.000000000000000   0.0000000000000000
          ks_4                      186.9829200000000    1.000000000000000   0.0000000000000000
         ks_40                      1.188131657052000    1.000000000000000   0.0000000000000000
         ks_41                      1.188417957806000    1.000000000000000   0.0000000000000000
         ks_42                      2.472637300269000    1.000000000000000   0.0000000000000000
         ks_43                      0.1812602432340000    1.000000000000000   0.0000000000000000
         ks_44                      0.4834766737630000    1.000000000000000   0.0000000000000000
         ks_45                      0.01190869104900000    1.000000000000000   0.0000000000000000
         ks_46                      0.1737917525600000    1.000000000000000   0.0000000000000000
         ks_47                      5.577042870196000    1.000000000000000   0.0000000000000000
         ks_48                      9.263048533992000    1.000000000000000   0.0000000000000000
         ks_49                      0.0001661590960000000    1.000000000000000   0.0000000000000000
          ks_5                      381.8992800000000    1.000000000000000   0.0000000000000000
         ks_50                      3.999352679323000    1.000000000000000   0.0000000000000000
         ks_51                      3.870678180000000e-05    1.000000000000000   0.0000000000000000
         ks_52                      0.003314555740000000    1.000000000000000   0.0000000000000000
         ks_53                      5.206397039750000    1.000000000000000   0.0000000000000000
         ks_54                      0.01907722312800000    1.000000000000000   0.0000000000000000
         ks_55                      6.962093674416000    1.000000000000000   0.0000000000000000
         ks_56                      73.33233389071000    1.000000000000000   0.0000000000000000
         ks_57                      4.515138946758000    1.000000000000000   0.0000000000000000
         ks_58                      0.3333791677100000    1.000000000000000   0.0000000000000000
         ks_59                      0.07775319955200000    1.000000000000000   0.0000000000000000
          ks_6                      200.3196100000000    1.000000000000000   0.0000000000000000
         ks_60                      4.648818464359000    1.000000000000000   0.0000000000000000
         ks_61                      0.03060164677000000    1.000000000000000   0.0000000000000000
         ks_62                      0.2042424354280000    1.000000000000000   0.0000000000000000
         ks_63                      11.16208353860000    1.000000000000000   0.0000000000000000
         ks_64                      0.0005301366300000000    1.000000000000000   0.0000000000000000
         ks_65                      0.001638199810000000    1.000000000000000   0.0000000000000000
         ks_66                      5.840999172462000    1.000000000000000   0.0000000000000000
         ks_67                      14.44451876656000    1.000000000000000   0.0000000000000000
         ks_68                      0.007184337760000000    1.000000000000000   0.0000000000000000
         ks_69                      0.7830571075810000    1.000000000000000   0.0000000000000000
          ks_7                      9.950899000000000e-06    1.000000000000000   0.0000000000000000
         ks_70                      3.990052821220000    1.000000000000000   0.0000000000000000
         ks_71                      9.664023520000000e-06    1.000000000000000   0.0000000000000000
         ks_72                      8.932267359999999e-05    1.000000000000000   0.0000000000000000
         ks_73                      9.634405680000000e-05    1.000000000000000   0.0000000000000000
         ks_74                      8.767052440000001e-05    1.000000000000000   0.0000000000000000
         ks_75                      1.002843980000000e-05    1.000000000000000   0.0000000000000000
         ks_76                      0.0001447661460000000    1.000000000000000   0.0000000000000000
         ks_77                      0.0001033906180000000    1.000000000000000   0.0000000000000000
         ks_78                      1.314155440000000e-05    1.000000000000000   0.0000000000000000
         ks_79                      9.604093270000000e-06    1.000000000000000   0.0000000000000000
          ks_8                      9.684000200000001e-06    1.000000000000000   0.0000000000000000
         ks_80                      179.0361140000000    1.000000000000000   0.0000000000000000
         ks_81                      8.372310949999999e-05    1.000000000000000   0.0000000000000000
         ks_82                      500.0000000000000    1.000000000000000   0.0000000000000000
         ks_83                      6.969987375651000    1.000000000000000   0.0000000000000000
         ks_84                      8.412834199999999e-05    1.000000000000000   0.0000000000000000
         ks_85                      1.217654230000000e-05    1.000000000000000   0.0000000000000000
         ks_86                      0.0001329106230000000    1.000000000000000   0.0000000000000000
         ks_87                      500.0000000000000    1.000000000000000   0.0000000000000000
         ks_88                      235.6757100000000    1.000000000000000   0.0000000000000000
         ks_89                      7.779749140000000e-05    1.000000000000000   0.0000000000000000
          ks_9                      8.134745723769999    1.000000000000000   0.0000000000000000
         ks_90                      4.645155788955000    1.000000000000000   0.0000000000000000
         ks_91                      15.28137764349000    1.000000000000000   0.0000000000000000
         ks_92                      0.0001129673250000000    1.000000000000000   0.0000000000000000
         ks_93                      0.5136676806570000    1.000000000000000   0.0000000000000000
         ks_94                      9.584116440000000e-06    1.000000000000000   0.0000000000000000
         ks_95                      9.919491850000000e-05    1.000000000000000   0.0000000000000000
         ks_96                      0.0001694013490000000    1.000000000000000   0.0000000000000000
         ks_97                      2.962431680000000e-05    1.000000000000000   0.0000000000000000
         ks_98                      0.0001073453210000000    1.000000000000000   0.0000000000000000
         ks_99                      0.0001076947610000000    1.000000000000000   0.0000000000000000
    lak_cond_1                      1.000000000000000    1.000000000000000   0.0000000000000000
   lak_cond_12                      1.029473146948172    1.000000000000000   0.0000000000000000
    lak_cond_2                      1.000000000000000    1.000000000000000   0.0000000000000000
         pet_1                      9.500000000000001e-05    1.000000000000000   0.0000000000000000
 pond_recharge                      60013.20974478320    1.000000000000000   0.0000000000000000
       sfr_k_1                      0.09715038569521001    1.000000000000000   0.0000000000000000
      sfr_k_10                      0.09318406263711999    1.000000000000000   0.0000000000000000
      sfr_k_11                      0.2185673793995840    1.000000000000000   0.0000000000000000
      sfr_k_12                      1.278104594895588    1.000000000000000   0.0000000000000000
      sfr_k_13                      0.1015877964548730    1.000000000000000   0.0000000000000000
      sfr_k_14                      0.1842176835210330    1.000000000000000   0.0000000000000000
      sfr_k_15                      0.1267682192326630    1.000000000000000   0.0000000000000000
      sfr_k_16                      0.3004879806585520    1.000000000000000   0.0000000000000000
      sfr_k_17                      0.1250403810861910    1.000000000000000   0.0000000000000000
      sfr_k_18                      0.1272855354110810    1.000000000000000   0.0000000000000000
      sfr_k_19                      0.1035204178537700    1.000000000000000   0.0000000000000000
       sfr_k_2                      0.1709432967774200    1.000000000000000   0.0000000000000000
      sfr_k_20                      0.1039303883442780    1.000000000000000   0.0000000000000000
      sfr_k_21                      0.1731187820479010    1.000000000000000   0.0000000000000000
      sfr_k_22                      0.1235935866083620    1.000000000000000   0.0000000000000000
       sfr_k_3                      0.1177098976098800    1.000000000000000   0.0000000000000000
       sfr_k_4                      0.008744277254900000    1.000000000000000   0.0000000000000000
       sfr_k_5                      0.2549158523286100    1.000000000000000   0.0000000000000000
       sfr_k_6                      0.7286050959854899    1.000000000000000   0.0000000000000000
       sfr_k_7                      0.2547510618779600    1.000000000000000   0.0000000000000000
       sfr_k_8                      0.3105105073675700    1.000000000000000   0.0000000000000000
       sfr_k_9                      0.1847090462768400    1.000000000000000   0.0000000000000000
     spill_447                      185.0599976000000    1.000000000000000   0.0000000000000000
     spill_449                      146.6000061000000    1.000000000000000   0.0000000000000000
     spill_688                      8.230000000000000    1.000000000000000   0.0000000000000000
     surfk_1_1                      0.0002131983776077000    1.000000000000000   0.0000000000000000
    surfk_1_10                      0.0002433902928155400    1.000000000000000   0.0000000000000000
    surfk_1_11                      0.0002450817893484400    1.000000000000000   0.0000000000000000
    surfk_1_12                      0.0002465553137888300    1.000000000000000   0.0000000000000000
    surfk_1_13                      0.0002434279506505300    1.000000000000000   0.0000000000000000
    surfk_1_14                      0.0002316070665698000    1.000000000000000   0.0000000000000000
    surfk_1_15                      0.0002727316404786100    1.000000000000000   0.0000000000000000
    surfk_1_16                      0.0002128094028566300    1.000000000000000   0.0000000000000000
    surfk_1_17                      0.0002436028709012100    1.000000000000000   0.0000000000000000
    surfk_1_18                      0.0002405396193337000    1.000000000000000   0.0000000000000000
    surfk_1_19                      0.0002445098839108700    1.000000000000000   0.0000000000000000
     surfk_1_2                      0.0002115899078188000    1.000000000000000   0.0000000000000000
    surfk_1_21                      0.0002317601694189900    1.000000000000000   0.0000000000000000
     surfk_1_3                      0.0002304507736619000    1.000000000000000   0.0000000000000000
     surfk_1_4                      0.0003230183417241000    1.000000000000000   0.0000000000000000
     surfk_1_5                      0.0003161315506574000    1.000000000000000   0.0000000000000000
     surfk_1_6                      0.0002180041719612000    1.000000000000000   0.0000000000000000
     surfk_1_8                      0.0002421320567154000    1.000000000000000   0.0000000000000000
     surfk_1_9                      0.0002007703811800000    1.000000000000000   0.0000000000000000
     surfk_2_1                      0.0003473468198205000    1.000000000000000   0.0000000000000000
    surfk_2_10                      0.0002336555538758500    1.000000000000000   0.0000000000000000
    surfk_2_11                      0.0002135472619895800    1.000000000000000   0.0000000000000000
    surfk_2_12                      0.0001961302630579700    1.000000000000000   0.0000000000000000
    surfk_2_14                      0.0001432204254636500    1.000000000000000   0.0000000000000000
    surfk_2_15                      0.0001963957531048900    1.000000000000000   0.0000000000000000
    surfk_2_16                      0.0001519769964985900    1.000000000000000   0.0000000000000000
    surfk_2_17                      0.0001563741249648200    1.000000000000000   0.0000000000000000
    surfk_2_18                      0.0001618656159718900    1.000000000000000   0.0000000000000000
    surfk_2_19                      0.0001530854027475200    1.000000000000000   0.0000000000000000
     surfk_2_2                      8.796682206131999e-05    1.000000000000000   0.0000000000000000
    surfk_2_20                      0.0005240605330586201    1.000000000000000   0.0000000000000000
    surfk_2_21                      0.0001577415135187200    1.000000000000000   0.0000000000000000
    surfk_2_22                      0.0001531960950074600    1.000000000000000   0.0000000000000000
     surfk_2_3                      9.422570815016000e-05    1.000000000000000   0.0000000000000000
     surfk_2_4                      0.0002068615581007000    1.000000000000000   0.0000000000000000
     surfk_2_5                      0.0002953093535530000    1.000000000000000   0.0000000000000000
     surfk_2_6                      0.0001248642645667000    1.000000000000000   0.0000000000000000
     surfk_2_7                      0.0002288108927984000    1.000000000000000   0.0000000000000000
     surfk_2_8                      0.0002266871090665000    1.000000000000000   0.0000000000000000
     surfk_2_9                      0.0001999898155815000    1.000000000000000   0.0000000000000000
     surfk_3_1                      2.946614045711000e-08    1.000000000000000   0.0000000000000000
    surfk_3_10                      3.161429478218200e-08    1.000000000000000   0.0000000000000000
    surfk_3_11                      3.161544190935600e-08    1.000000000000000   0.0000000000000000
    surfk_3_12                      3.086060686311100e-08    1.000000000000000   0.0000000000000000
    surfk_3_13                      3.099966930294700e-08    1.000000000000000   0.0000000000000000
    surfk_3_14                      3.110480995503200e-08    1.000000000000000   0.0000000000000000
    surfk_3_15                      3.079967266403900e-08    1.000000000000000   0.0000000000000000
    surfk_3_16                      1.021937691543200e-07    1.000000000000000   0.0000000000000000
    surfk_3_17                      3.170032476973400e-08    1.000000000000000   0.0000000000000000
    surfk_3_18                      2.958136377725100e-08    1.000000000000000   0.0000000000000000
    surfk_3_19                      3.072962601652300e-08    1.000000000000000   0.0000000000000000
     surfk_3_2                      3.104037925408000e-08    1.000000000000000   0.0000000000000000
    surfk_3_20                      1.132005296634900e-07    1.000000000000000   0.0000000000000000
    surfk_3_21                      3.188924037430300e-08    1.000000000000000   0.0000000000000000
    surfk_3_22                      2.529199743231000e-08    1.000000000000000   0.0000000000000000
     surfk_3_3                      3.079967266613000e-08    1.000000000000000   0.0000000000000000
     surfk_3_4                      3.041556028945000e-08    1.000000000000000   0.0000000000000000
     surfk_3_5                      3.124159870275000e-08    1.000000000000000   0.0000000000000000
     surfk_3_6                      1.005766989372000e-07    1.000000000000000   0.0000000000000000
     surfk_3_7                      3.079967266438000e-08    1.000000000000000   0.0000000000000000
     surfk_3_8                      3.161544970168000e-08    1.000000000000000   0.0000000000000000
     surfk_3_9                      3.862819822401000e-08    1.000000000000000   0.0000000000000000
   vka_ratio_1                      0.2841891081398545    1.000000000000000   0.0000000000000000
   vka_ratio_2                      0.1290213721432034    1.000000000000000   0.0000000000000000
   vka_ratio_3                      0.004762254394305080    1.000000000000000   0.0000000000000000
       vks_1_1                      0.0002511890000000000    1.000000000000000   0.0000000000000000
      vks_1_10                      0.0002511890000000000    1.000000000000000   0.0000000000000000
      vks_1_11                      0.0002511890000000000    1.000000000000000   0.0000000000000000
      vks_1_12                      0.0002511890000000000    1.000000000000000   0.0000000000000000
      vks_1_13                      0.0002511890000000000    1.000000000000000   0.0000000000000000
      vks_1_14                      0.0002511890000000000    1.000000000000000   0.0000000000000000
      vks_1_15                      0.0002511890000000000    1.000000000000000   0.0000000000000000
      vks_1_16                      0.0002511890000000000    1.000000000000000   0.0000000000000000
      vks_1_17                      0.0002511890000000000    1.000000000000000   0.0000000000000000
      vks_1_18                      0.0002511890000000000    1.000000000000000   0.0000000000000000
      vks_1_19                      0.0002511890000000000    1.000000000000000   0.0000000000000000
       vks_1_2                      0.0002511890000000000    1.000000000000000   0.0000000000000000
      vks_1_21                      0.0002511890000000000    1.000000000000000   0.0000000000000000
       vks_1_3                      0.0002511890000000000    1.000000000000000   0.0000000000000000
       vks_1_4                      0.0003981070000000000    1.000000000000000   0.0000000000000000
       vks_1_5                      0.0003981070000000000    1.000000000000000   0.0000000000000000
       vks_1_6                      0.0002511890000000000    1.000000000000000   0.0000000000000000
       vks_1_8                      0.0002511890000000000    1.000000000000000   0.0000000000000000
       vks_1_9                      0.0002511890000000000    1.000000000000000   0.0000000000000000
       vks_2_1                      0.0002511890000000000    1.000000000000000   0.0000000000000000
      vks_2_10                      0.0002511890000000000    1.000000000000000   0.0000000000000000
      vks_2_11                      0.0002511890000000000    1.000000000000000   0.0000000000000000
      vks_2_12                      0.0002511890000000000    1.000000000000000   0.0000000000000000
      vks_2_14                      0.0001584890000000000    1.000000000000000   0.0000000000000000
      vks_2_15                      0.0001584890000000000    1.000000000000000   0.0000000000000000
      vks_2_16                      0.0001584890000000000    1.000000000000000   0.0000000000000000
      vks_2_17                      0.0001584890000000000    1.000000000000000   0.0000000000000000
      vks_2_18                      0.0001584890000000000    1.000000000000000   0.0000000000000000
      vks_2_19                      0.0001584890000000000    1.000000000000000   0.0000000000000000
       vks_2_2                      0.0001000000000000000    1.000000000000000   0.0000000000000000
      vks_2_20                      0.0006309570000000000    1.000000000000000   0.0000000000000000
      vks_2_21                      0.0001584890000000000    1.000000000000000   0.0000000000000000
      vks_2_22                      0.0001584890000000000    1.000000000000000   0.0000000000000000
       vks_2_3                      0.0001000000000000000    1.000000000000000   0.0000000000000000
       vks_2_4                      0.0002511890000000000    1.000000000000000   0.0000000000000000
       vks_2_5                      0.0002511890000000000    1.000000000000000   0.0000000000000000
       vks_2_6                      0.0001584890000000000    1.000000000000000   0.0000000000000000
       vks_2_7                      0.0002511890000000000    1.000000000000000   0.0000000000000000
       vks_2_8                      0.0002511890000000000    1.000000000000000   0.0000000000000000
       vks_2_9                      0.0002511890000000000    1.000000000000000   0.0000000000000000
       vks_3_1                      3.020000000000000e-08    1.000000000000000   0.0000000000000000
      vks_3_10                      3.090000000000000e-08    1.000000000000000   0.0000000000000000
      vks_3_11                      3.090000000000000e-08    1.000000000000000   0.0000000000000000
      vks_3_12                      3.090000000000000e-08    1.000000000000000   0.0000000000000000
      vks_3_13                      3.090000000000000e-08    1.000000000000000   0.0000000000000000
      vks_3_14                      3.090000000000000e-08    1.000000000000000   0.0000000000000000
      vks_3_15                      3.090000000000000e-08    1.000000000000000   0.0000000000000000
      vks_3_16                      1.000000000000000e-07    1.000000000000000   0.0000000000000000
      vks_3_17                      3.090000000000000e-08    1.000000000000000   0.0000000000000000
      vks_3_18                      3.090000000000000e-08    1.000000000000000   0.0000000000000000
      vks_3_19                      3.090000000000000e-08    1.000000000000000   0.0000000000000000
       vks_3_2                      3.090000000000000e-08    1.000000000000000   0.0000000000000000
      vks_3_20                      1.150000000000000e-07    1.000000000000000   0.0000000000000000
      vks_3_21                      3.090000000000000e-08    1.000000000000000   0.0000000000000000
      vks_3_22                      3.090000000000000e-08    1.000000000000000   0.0000000000000000
       vks_3_3                      3.090000000000000e-08    1.000000000000000   0.0000000000000000
       vks_3_4                      3.090000000000000e-08    1.000000000000000   0.0000000000000000
       vks_3_5                      3.090000000000000e-08    1.000000000000000   0.0000000000000000
       vks_3_6                      1.000000000000000e-07    1.000000000000000   0.0000000000000000
       vks_3_7                      3.090000000000000e-08    1.000000000000000   0.0000000000000000
       vks_3_8                      3.090000000000000e-08    1.000000000000000   0.0000000000000000
       vks_3_9                      3.090000000000000e-08    1.000000000000000   0.0000000000000000
