single point
        finf_1                      0.4830353000000000    1.000000000000000   0.0000000000000000
       finf_10                      0.4725046550000000    1.000000000000000   0.0000000000000000
       finf_11                      0.4725046520000000    1.000000000000000   0.0000000000000000
       finf_12                      0.4725046520000000    1.000000000000000   0.0000000000000000
       finf_13                      0.4725046250000000    1.000000000000000   0.0000000000000000
       finf_14                      0.4830353020000000    1.000000000000000   0.0000000000000000
       finf_15                      0.4830353000000000    1.000000000000000   0.0000000000000000
       finf_16                      0.4830353000000000    1.000000000000000   0.0000000000000000
       finf_17                      0.4830352960000000    1.000000000000000   0.0000000000000000
       finf_18                      0.4830353000000000    1.000000000000000   0.0000000000000000
       finf_19                      0.4830353020000000    1.000000000000000   0.0000000000000000
        finf_2                      0.4830352990000000    1.000000000000000   0.0000000000000000
       finf_20                      0.5284619410000000    1.000000000000000   0.0000000000000000
       finf_21                      0.4830353010000000    1.000000000000000   0.0000000000000000
       finf_22                      0.4830353040000000    1.000000000000000   0.0000000000000000
        finf_3                      0.4830353050000000    1.000000000000000   0.0000000000000000
        finf_4                      0.4105800060000000    1.000000000000000   0.0000000000000000
        finf_5                      0.4105800060000000    1.000000000000000   0.0000000000000000
        finf_6                      0.4830352990000000    1.000000000000000   0.0000000000000000
        finf_7                      0.4725046530000000    1.000000000000000   0.0000000000000000
        finf_8                      0.4725046500000000    1.000000000000000   0.0000000000000000
        finf_9                      0.4725046480000000    1.000000000000000   0.0000000000000000
          ks_1                      0.8445025592099999    1.000000000000000   0.0000000000000000
         ks_10                      1.764336223743000    1.000000000000000   0.0000000000000000
        ks_100                      1.001581982000000e-05    1.000000000000000   0.0000000000000000
        ks_101                      0.0008424766043000000    1.000000000000000   0.0000000000000000
        ks_102                      7.929571025000000e-05    1.000000000000000   0.0000000000000000
        ks_103                      0.0004325353217000000    1.000000000000000   0.0000000000000000
        ks_104                      1.000000000000000e-05    1.000000000000000   0.0000000000000000
        ks_105                      1.010050000000000e-05    1.000000000000000   0.0000000000000000
        ks_106                      0.0001450742643000000    1.000000000000000   0.0000000000000000
        ks_107                      0.0003112554066000000    1.000000000000000   0.0000000000000000
        ks_108                      4.452526223938700    1.000000000000000   0.0000000000000000
        ks_109                      7.174861319191200    1.000000000000000   0.0000000000000000
         ks_11                      0.3065594078470000    1.000000000000000   0.0000000000000000
        ks_110                      3.899957475521400    1.000000000000000   0.0000000000000000
        ks_111                      4.823106321273800    1.000000000000000   0.0000000000000000
        ks_112                      3.174312539820200    1.000000000000000   0.0000000000000000
        ks_113                      1.009971269187600    1.000000000000000   0.0000000000000000
        ks_114                      8.244028215834000    1.000000000000000   0.0000000000000000
        ks_115                      6.436266544156000    1.000000000000000   0.0000000000000000
        ks_116                      0.4047102787103000    1.000000000000000   0.0000000000000000
        ks_117                      13.87295380035700    1.000000000000000   0.0000000000000000
        ks_118                      2.033283289135900    1.000000000000000   0.0000000000000000
        ks_119                      10.45339083860900    1.000000000000000   0.0000000000000000
         ks_12                      8.947547818483001    1.000000000000000   0.0000000000000000
        ks_120                      0.1584101635136000    1.000000000000000   0.0000000000000000
        ks_121                      2.154752342551100    1.000000000000000   0.0000000000000000
        ks_122                      39.64052835099800    1.000000000000000   0.0000000000000000
        ks_123                      11.13591277001000    1.000000000000000   0.0000000000000000
        ks_124                      2.007113547168000    1.000000000000000   0.0000000000000000
        ks_125                      445.7942745000000    1.000000000000000   0.0000000000000000
        ks_126                      491.6155445000000    1.000000000000000   0.0000000000000000
        ks_127                      1.899547142015200    1.000000000000000   0.0000000000000000
        ks_128                      3.444229223895600    1.000000000000000   0.0000000000000000
        ks_129                      6.002770966928900    1.000000000000000   0.0000000000000000
         ks_13                      1.688243004707000    1.000000000000000   0.0000000000000000
        ks_130                      13.24065672022500    1.000000000000000   0.0000000000000000
        ks_131                      0.0002011287636000000    1.000000000000000   0.0000000000000000
        ks_132                      0.0001991475312000000    1.000000000000000   0.0000000000000000
        ks_133                      0.0002009231395000000    1.000000000000000   0.0000000000000000
        ks_134                      0.02629305379150000    1.000000000000000   0.0000000000000000
        ks_135                      0.0001586386967000000    1.000000000000000   0.0000000000000000
        ks_136                      0.0002896219445000000    1.000000000000000   0.0000000000000000
        ks_137                      0.004154392990000000    1.000000000000000   0.0000000000000000
        ks_138                      6.442218615140100    1.000000000000000   0.0000000000000000
        ks_139                      0.0002287960519000000    1.000000000000000   0.0000000000000000
         ks_14                      4.530250854298000    1.000000000000000   0.0000000000000000
        ks_140                      14.46166762677200    1.000000000000000   0.0000000000000000
        ks_141                      0.0001977616255000000    1.000000000000000   0.0000000000000000
        ks_142                      0.0001998280679000000    1.000000000000000   0.0000000000000000
        ks_143                      0.001729647471000000    1.000000000000000   0.0000000000000000
        ks_144                      1.008761793478000    1.000000000000000   0.0000000000000000
        ks_145                      29.39911749727600    1.000000000000000   0.0000000000000000
        ks_146                      5.729040153546600    1.000000000000000   0.0000000000000000
        ks_147                      4.051933613361500    1.000000000000000   0.0000000000000000
        ks_148                      5.972053173425000    1.000000000000000   0.0000000000000000
        ks_149                      0.0002639474756000000    1.000000000000000   0.0000000000000000
         ks_15                      2.713591022032000    1.000000000000000   0.0000000000000000
        ks_150                      7.235219986882500    1.000000000000000   0.0000000000000000
        ks_151                      6.007215295891500    1.000000000000000   0.0000000000000000
        ks_152                      0.09890895408960000    1.000000000000000   0.0000000000000000
        ks_153                      38.33292209997300    1.000000000000000   0.0000000000000000
        ks_154                      56.28150000000000    1.000000000000000   0.0000000000000000
        ks_155                      0.0001947033280000000    1.000000000000000   0.0000000000000000
        ks_156                      0.1852925674833000    1.000000000000000   0.0000000000000000
        ks_157                      0.1971556119330000    1.000000000000000   0.0000000000000000
        ks_158                      0.6236799302735000    1.000000000000000   0.0000000000000000
        ks_159                      0.02677430056770000    1.000000000000000   0.0000000000000000
         ks_16                      490.8643770000000    1.000000000000000   0.0000000000000000
        ks_160                      1.040372090319200    1.000000000000000   0.0000000000000000
        ks_161                      361.0370984000000    1.000000000000000   0.0000000000000000
        ks_162                      0.1866195235756000    1.000000000000000   0.0000000000000000
        ks_163                      0.06869887608140000    1.000000000000000   0.0000000000000000
        ks_164                      0.05450158416990000    1.000000000000000   0.0000000000000000
        ks_165                      6.251917967063000    1.000000000000000   0.0000000000000000
        ks_166                      0.01565406857360000    1.000000000000000   0.0000000000000000
        ks_167                      0.03745553619500000    1.000000000000000   0.0000000000000000
        ks_168                      0.1172645362115000    1.000000000000000   0.0000000000000000
        ks_169                      0.0002610220918000000    1.000000000000000   0.0000000000000000
         ks_17                      1.668780822287000    1.000000000000000   0.0000000000000000
        ks_170                      0.002014805607000000    1.000000000000000   0.0000000000000000
        ks_171                      1.180604001885500    1.000000000000000   0.0000000000000000
        ks_172                      0.01965250085890000    1.000000000000000   0.0000000000000000
        ks_173                      0.008021560366000000    1.000000000000000   0.0000000000000000
        ks_174                      5.844825752481500    1.000000000000000   0.0000000000000000
        ks_175                      0.1251775278511000    1.000000000000000   0.0000000000000000
        ks_176                      0.004491847091000000    1.000000000000000   0.0000000000000000
        ks_177                      1.108742771429700    1.000000000000000   0.0000000000000000
        ks_178                      0.0002003456806000000    1.000000000000000   0.0000000000000000
        ks_179                      1.956461580250800    1.000000000000000   0.0000000000000000
         ks_18                      2.534425483952000    1.000000000000000   0.0000000000000000
        ks_180                      1.939605035000000e-05    1.000000000000000   0.0000000000000000
        ks_181                      0.2909563917669000    1.000000000000000   0.0000000000000000
        ks_182                      4.860037398764200    1.000000000000000   0.0000000000000000
        ks_183                      0.9626123480487000    1.000000000000000   0.0000000000000000
        ks_184                      0.0004038958822000000    1.000000000000000   0.0000000000000000
        ks_185                      9.548120527000000e-05    1.000000000000000   0.0000000000000000
        ks_186                      9.817618334000000e-05    1.000000000000000   0.0000000000000000
        ks_187                      0.0001092972844000000    1.000000000000000   0.0000000000000000
        ks_188                      0.0003912009460000000    1.000000000000000   0.0000000000000000
        ks_189                      0.0001147928680000000    1.000000000000000   0.0000000000000000
         ks_19                      44.71356024957000    1.000000000000000   0.0000000000000000
        ks_190                      1.000000000000000e-05    1.000000000000000   0.0000000000000000
        ks_191                      0.0001008556115000000    1.000000000000000   0.0000000000000000
        ks_192                      0.0001286360174000000    1.000000000000000   0.0000000000000000
        ks_193                      0.0002023898853000000    1.000000000000000   0.0000000000000000
        ks_194                      1.000000000000000e-05    1.000000000000000   0.0000000000000000
        ks_195                      0.0007741465379000000    1.000000000000000   0.0000000000000000
        ks_196                      1.000124784000000e-05    1.000000000000000   0.0000000000000000
        ks_197                      0.0001310381147000000    1.000000000000000   0.0000000000000000
        ks_198                      0.0001689589849000000    1.000000000000000   0.0000000000000000
        ks_199                      1.117142872000000e-05    1.000000000000000   0.0000000000000000
          ks_2                      0.02988978731000000    1.000000000000000   0.0000000000000000
         ks_20                      0.3758236441300000    1.000000000000000   0.0000000000000000
        ks_200                      1.022597686000000e-05    1.000000000000000   0.0000000000000000
        ks_201                      1.000000000000000e-05    1.000000000000000   0.0000000000000000
        ks_202                      0.0001014273396000000    1.000000000000000   0.0000000000000000
        ks_203                      0.0001136911027000000    1.000000000000000   0.0000000000000000
        ks_204                      9.867121565000000e-05    1.000000000000000   0.0000000000000000
        ks_205                      0.0001036229347000000    1.000000000000000   0.0000000000000000
        ks_206                      1.000000000000000e-05    1.000000000000000   0.0000000000000000
        ks_207                      0.0001017599015000000    1.000000000000000   0.0000000000000000
        ks_208                      1.383340647000000e-05    1.000000000000000   0.0000000000000000
        ks_209                      0.0002942229635000000    1.000000000000000   0.0000000000000000
         ks_21                      0.6830060599740000    1.000000000000000   0.0000000000000000
        ks_210                      8.667541981000000e-05    1.000000000000000   0.0000000000000000
        ks_211                      8.811444644000000e-05    1.000000000000000   0.0000000000000000
        ks_212                      0.0001025366561000000    1.000000000000000   0.0000000000000000
        ks_213                      9.559656454999999e-05    1.000000000000000   0.0000000000000000
        ks_214                      9.910613299000000e-05    1.000000000000000   0.0000000000000000
        ks_215                      9.811676063999999e-05    1.000000000000000   0.0000000000000000
        ks_216                      0.0001002518089000000    1.000000000000000   0.0000000000000000
        ks_217                      9.422017016000000e-05    1.000000000000000   0.0000000000000000
        ks_218                      5.174492597000000e-05    1.000000000000000   0.0000000000000000
        ks_219                      0.0001038079395000000    1.000000000000000   0.0000000000000000
         ks_22                      0.4626964274350000    1.000000000000000   0.0000000000000000
        ks_220                      9.224031050000000e-05    1.000000000000000   0.0000000000000000
        ks_221                      0.0001335469707000000    1.000000000000000   0.0000000000000000
        ks_222                      0.0001087553409000000    1.000000000000000   0.0000000000000000
        ks_223                      0.0001155610036000000    1.000000000000000   0.0000000000000000
        ks_224                      9.982935722000000e-05    1.000000000000000   0.0000000000000000
        ks_225                      1.012597008000000e-05    1.000000000000000   0.0000000000000000
        ks_226                      0.0001053209039000000    1.000000000000000   0.0000000000000000
        ks_227                      8.658347937000000e-05    1.000000000000000   0.0000000000000000
        ks_228                      8.749441596999999e-05    1.000000000000000   0.0000000000000000
        ks_229                      0.0004248784889000000    1.000000000000000   0.0000000000000000
         ks_23                      255.1917920000000    1.000000000000000   0.0000000000000000
        ks_230                      1.036454421000000e-05    1.000000000000000   0.0000000000000000
        ks_231                      3.373927361000000e-05    1.000000000000000   0.0000000000000000
        ks_232                      0.0003541810232000000    1.000000000000000   0.0000000000000000
        ks_233                      6.056925163000000e-05    1.000000000000000   0.0000000000000000
         ks_24                      0.04909058499400000    1.000000000000000   0.0000000000000000
         ks_25                      0.08699255602800000    1.000000000000000   0.0000000000000000
         ks_26                      500.0000000000000    1.000000000000000   0.0000000000000000
         ks_27                      0.7324382901120000    1.000000000000000   0.0000000000000000
         ks_28                      0.3935375982920000    1.000000000000000   0.0000000000000000
         ks_29                      3.236787891518000    1.000000000000000   0.0000000000000000
          ks_3                      0.7175442829100001    1.000000000000000   0.0000000000000000
         ks_30                      1.002966730000000e-05    1.000000000000000   0.0000000000000000
         ks_31                      2.632006974527000    1.000000000000000   0.0000000000000000
         ks_32                      0.0001996488520000000    1.000000000000000   0.0000000000000000
         ks_33                      0.09867859685300000    1.000000000000000   0.0000000000000000
         ks_34                      50.25943838197000    1.000000000000000   0.0000000000000000
         ks_35                      0.0001955111840000000    1.000000000000000   0.0000000000000000
         ks_36                      0.0006001371590000000    1.000000000000000   0.0000000000000000
         ks_37                      0.0002245586070000000    1.000000000000000   0.0000000000000000
         ks_38                      0.2210885860270000    1.000000000000000   0.0000000000000000
         ks_39                      0.0001957195060000000    1.000000000000000   0.0000000000000000
          ks_4                      8.498905395880000    1.000000000000000   0.0000000000000000
         ks_40                      0.6525804112210000    1.000000000000000   0.0000000000000000
         ks_41                      1.142653079792000    1.000000000000000   0.0000000000000000
         ks_42                      2.262919870555000    1.000000000000000   0.0000000000000000
         ks_43                      0.2692157052370000    1.000000000000000   0.0000000000000000
         ks_44                      0.5003077476140000    1.000000000000000   0.0000000000000000
         ks_45                      0.01600497129100000    1.000000000000000   0.0000000000000000
         ks_46                      1.525323477060000    1.000000000000000   0.0000000000000000
         ks_47                      5.619665141424000    1.000000000000000   0.0000000000000000
         ks_48                      9.051843905008999    1.000000000000000   0.0000000000000000
         ks_49                      0.0002066580060000000    1.000000000000000   0.0000000000000000
          ks_5                      48.13880827580000    1.000000000000000   0.0000000000000000
         ks_50                      2.938409670748000    1.000000000000000   0.0000000000000000
         ks_51                      4.574936070000000e-05    1.000000000000000   0.0000000000000000
         ks_52                      0.03442628171600000    1.000000000000000   0.0000000000000000
         ks_53                      4.936716609162000    1.000000000000000   0.0000000000000000
         ks_54                      0.01775343108300000    1.000000000000000   0.0000000000000000
         ks_55                      19.81632380691000    1.000000000000000   0.0000000000000000
         ks_56                      72.73555991296000    1.000000000000000   0.0000000000000000
         ks_57                      5.460797060191000    1.000000000000000   0.0000000000000000
         ks_58                      0.3098676688240000    1.000000000000000   0.0000000000000000
         ks_59                      0.006815011430000000    1.000000000000000   0.0000000000000000
          ks_6                      221.6611000000000    1.000000000000000   0.0000000000000000
         ks_60                      5.019476894070000    1.000000000000000   0.0000000000000000
         ks_61                      0.02854368442000000    1.000000000000000   0.0000000000000000
         ks_62                      0.2777044220590000    1.000000000000000   0.0000000000000000
         ks_63                      10.56852546896000    1.000000000000000   0.0000000000000000
         ks_64                      0.0006140209920000000    1.000000000000000   0.0000000000000000
         ks_65                      0.001874035810000000    1.000000000000000   0.0000000000000000
         ks_66                      5.527069915181000    1.000000000000000   0.0000000000000000
         ks_67                      8.907741026858000    1.000000000000000   0.0000000000000000
         ks_68                      0.009230407350000001    1.000000000000000   0.0000000000000000
         ks_69                      0.7377772471840000    1.000000000000000   0.0000000000000000
          ks_7                      1.022547900000000e-05    1.000000000000000   0.0000000000000000
         ks_70                      3.769920012211000    1.000000000000000   0.0000000000000000
         ks_71                      1.000000000000000e-05    1.000000000000000   0.0000000000000000
         ks_72                      8.815566280000000e-05    1.000000000000000   0.0000000000000000
         ks_73                      0.0001127219930000000    1.000000000000000   0.0000000000000000
         ks_74                      9.323596170000000e-05    1.000000000000000   0.0000000000000000
         ks_75                      1.405297820000000e-05    1.000000000000000   0.0000000000000000
         ks_76                      0.0001919770000000000    1.000000000000000   0.0000000000000000
         ks_77                      0.0001022010320000000    1.000000000000000   0.0000000000000000
         ks_78                      1.621033810000000e-05    1.000000000000000   0.0000000000000000
         ks_79                      1.000000000000000e-05    1.000000000000000   0.0000000000000000
          ks_8                      1.002528300000000e-05    1.000000000000000   0.0000000000000000
         ks_80                      259.3546200000000    1.000000000000000   0.0000000000000000
         ks_81                      9.008747670000000e-05    1.000000000000000   0.0000000000000000
         ks_82                      39.19075626062000    1.000000000000000   0.0000000000000000
         ks_83                      6.563301379733000    1.000000000000000   0.0000000000000000
         ks_84                      9.016600350000000e-05    1.000000000000000   0.0000000000000000
         ks_85                      1.286637490000000e-05    1.000000000000000   0.0000000000000000
         ks_86                      0.0001315586940000000    1.000000000000000   0.0000000000000000
         ks_87                      500.0000000000000    1.000000000000000   0.0000000000000000
         ks_88                      21.88356981556000    1.000000000000000   0.0000000000000000
         ks_89                      7.977162710000000e-05    1.000000000000000   0.0000000000000000
          ks_9                      8.235079814500001    1.000000000000000   0.0000000000000000
         ks_90                      4.483886285253000    1.000000000000000   0.0000000000000000
         ks_91                      14.46375654032000    1.000000000000000   0.0000000000000000
         ks_92                      0.0001139806780000000    1.000000000000000   0.0000000000000000
         ks_93                      0.04175023429600000    1.000000000000000   0.0000000000000000
         ks_94                      3.038102380000000e-05    1.000000000000000   0.0000000000000000
         ks_95                      9.995847060000000e-05    1.000000000000000   0.0000000000000000
         ks_96                      0.0001728950320000000    1.000000000000000   0.0000000000000000
         ks_97                      5.520393460000000e-05    1.000000000000000   0.0000000000000000
         ks_98                      0.0001145045500000000    1.000000000000000   0.0000000000000000
         ks_99                      0.0001064952780000000    1.000000000000000   0.0000000000000000
    lak_cond_1                      1.000000000000000    1.000000000000000   0.0000000000000000
   lak_cond_12                      0.9944702512314667    1.000000000000000   0.0000000000000000
    lak_cond_2                      1.000000000000000    1.000000000000000   0.0000000000000000
         pet_1                      9.500000000000001e-05    1.000000000000000   0.0000000000000000
 pond_recharge                      14269.81980936293    1.000000000000000   0.0000000000000000
       sfr_k_1                      0.1178053104776500    1.000000000000000   0.0000000000000000
      sfr_k_10                      0.1009250320587270    1.000000000000000   0.0000000000000000
      sfr_k_11                      0.09997628096195001    1.000000000000000   0.0000000000000000
      sfr_k_12                      0.1019780000000000    1.000000000000000   0.0000000000000000
      sfr_k_13                      0.1000052041240400    1.000000000000000   0.0000000000000000
      sfr_k_14                      0.1006278349935910    1.000000000000000   0.0000000000000000
      sfr_k_15                      0.1001760604881250    1.000000000000000   0.0000000000000000
      sfr_k_16                      0.1053146024544080    1.000000000000000   0.0000000000000000
      sfr_k_17                      0.1005120000000000    1.000000000000000   0.0000000000000000
      sfr_k_18                      0.1530067730059680    1.000000000000000   0.0000000000000000
      sfr_k_19                      0.1000475950808660    1.000000000000000   0.0000000000000000
       sfr_k_2                      0.09971607018470000    1.000000000000000   0.0000000000000000
      sfr_k_20                      0.1002019615316650    1.000000000000000   0.0000000000000000
      sfr_k_21                      0.1000520000000000    1.000000000000000   0.0000000000000000
      sfr_k_22                      0.1073577742825940    1.000000000000000   0.0000000000000000
       sfr_k_3                      0.09214164468518000    1.000000000000000   0.0000000000000000
       sfr_k_4                      0.09766858439042000    1.000000000000000   0.0000000000000000
       sfr_k_5                      0.1117083573063600    1.000000000000000   0.0000000000000000
       sfr_k_6                      0.1009016622970000    1.000000000000000   0.0000000000000000
       sfr_k_7                      0.1008275266044200    1.000000000000000   0.0000000000000000
       sfr_k_8                      0.1019967138066900    1.000000000000000   0.0000000000000000
       sfr_k_9                      0.1047542727033000    1.000000000000000   0.0000000000000000
     spill_447                      185.0599976000000    1.000000000000000   0.0000000000000000
     spill_449                      146.6000061000000    1.000000000000000   0.0000000000000000
     spill_688                      8.230100000000000    1.000000000000000   0.0000000000000000
     surfk_1_1                      0.0002501607654168000    1.000000000000000   0.0000000000000000
    surfk_1_10                      0.0002512488741809400    1.000000000000000   0.0000000000000000
    surfk_1_11                      0.0002511045747291000    1.000000000000000   0.0000000000000000
    surfk_1_12                      0.0002510205322266600    1.000000000000000   0.0000000000000000
    surfk_1_13                      0.0002510925515233300    1.000000000000000   0.0000000000000000
    surfk_1_14                      0.0002510605719501900    1.000000000000000   0.0000000000000000
    surfk_1_15                      0.0002501229544292700    1.000000000000000   0.0000000000000000
    surfk_1_16                      0.0002499598060325800    1.000000000000000   0.0000000000000000
    surfk_1_17                      0.0002511194413917600    1.000000000000000   0.0000000000000000
    surfk_1_18                      0.0002503017970914900    1.000000000000000   0.0000000000000000
    surfk_1_19                      0.0002511168312474000    1.000000000000000   0.0000000000000000
     surfk_1_2                      0.0002500904595855000    1.000000000000000   0.0000000000000000
    surfk_1_21                      0.0002509706401536800    1.000000000000000   0.0000000000000000
     surfk_1_3                      0.0002511055338741000    1.000000000000000   0.0000000000000000
     surfk_1_4                      0.0003964196335748000    1.000000000000000   0.0000000000000000
     surfk_1_5                      0.0003953395038357000    1.000000000000000   0.0000000000000000
     surfk_1_6                      0.0002499918965133000    1.000000000000000   0.0000000000000000
     surfk_1_8                      0.0002497190153630000    1.000000000000000   0.0000000000000000
     surfk_1_9                      0.0002500537123084000    1.000000000000000   0.0000000000000000
     surfk_2_1                      0.0002508564626732000    1.000000000000000   0.0000000000000000
    surfk_2_10                      0.0002511382969301300    1.000000000000000   0.0000000000000000
    surfk_2_11                      0.0002510729660373500    1.000000000000000   0.0000000000000000
    surfk_2_12                      0.0002501849317144100    1.000000000000000   0.0000000000000000
    surfk_2_14                      0.0001584113336611200    1.000000000000000   0.0000000000000000
    surfk_2_15                      0.0001629310861965000    1.000000000000000   0.0000000000000000
    surfk_2_16                      0.0001584120370817100    1.000000000000000   0.0000000000000000
    surfk_2_17                      0.0001584218244594000    1.000000000000000   0.0000000000000000
    surfk_2_18                      0.0001560596833392700    1.000000000000000   0.0000000000000000
    surfk_2_19                      0.0001584019636487500    1.000000000000000   0.0000000000000000
     surfk_2_2                      9.959379524777000e-05    1.000000000000000   0.0000000000000000
    surfk_2_20                      0.0006301930818661099    1.000000000000000   0.0000000000000000
    surfk_2_21                      0.0001584120271358400    1.000000000000000   0.0000000000000000
    surfk_2_22                      0.0001584816029216200    1.000000000000000   0.0000000000000000
     surfk_2_3                      9.993635769221000e-05    1.000000000000000   0.0000000000000000
     surfk_2_4                      0.0002499870144114000    1.000000000000000   0.0000000000000000
     surfk_2_5                      0.0002517499959841000    1.000000000000000   0.0000000000000000
     surfk_2_6                      0.0001577367495361000    1.000000000000000   0.0000000000000000
     surfk_2_7                      0.0002511016366688000    1.000000000000000   0.0000000000000000
     surfk_2_8                      0.0002511113794571000    1.000000000000000   0.0000000000000000
     surfk_2_9                      0.0002499419268614000    1.000000000000000   0.0000000000000000
     surfk_3_1                      2.996520397350000e-08    1.000000000000000   0.0000000000000000
    surfk_3_10                      3.086394080655300e-08    1.000000000000000   0.0000000000000000
    surfk_3_11                      3.086389015081300e-08    1.000000000000000   0.0000000000000000
    surfk_3_12                      3.086401097271600e-08    1.000000000000000   0.0000000000000000
    surfk_3_13                      3.086394872119900e-08    1.000000000000000   0.0000000000000000
    surfk_3_14                      3.175412883467900e-08    1.000000000000000   0.0000000000000000
    surfk_3_15                      3.066430065243600e-08    1.000000000000000   0.0000000000000000
    surfk_3_16                      9.986660839333299e-08    1.000000000000000   0.0000000000000000
    surfk_3_17                      3.086404770942100e-08    1.000000000000000   0.0000000000000000
    surfk_3_18                      3.085133817094900e-08    1.000000000000000   0.0000000000000000
    surfk_3_19                      3.086398358432000e-08    1.000000000000000   0.0000000000000000
     surfk_3_2                      3.066430065240000e-08    1.000000000000000   0.0000000000000000
    surfk_3_20                      1.148443010103700e-07    1.000000000000000   0.0000000000000000
    surfk_3_21                      3.086399334901600e-08    1.000000000000000   0.0000000000000000
    surfk_3_22                      3.080867211726000e-08    1.000000000000000   0.0000000000000000
     surfk_3_3                      3.066430065235000e-08    1.000000000000000   0.0000000000000000
     surfk_3_4                      3.066430065235000e-08    1.000000000000000   0.0000000000000000
     surfk_3_5                      3.085150581067000e-08    1.000000000000000   0.0000000000000000
     surfk_3_6                      9.982637658651000e-08    1.000000000000000   0.0000000000000000
     surfk_3_7                      3.066430065248000e-08    1.000000000000000   0.0000000000000000
     surfk_3_8                      3.085129217869000e-08    1.000000000000000   0.0000000000000000
     surfk_3_9                      3.086405730621000e-08    1.000000000000000   0.0000000000000000
   vka_ratio_1                      0.09900010775991211    1.000000000000000   0.0000000000000000
   vka_ratio_2                      0.1006627146236595    1.000000000000000   0.0000000000000000
   vka_ratio_3                      0.09999650000000000    1.000000000000000   0.0000000000000000
       vks_1_1                      0.0002511890000000000    1.000000000000000   0.0000000000000000
      vks_1_10                      0.0002511890000000000    1.000000000000000   0.0000000000000000
      vks_1_11                      0.0002511890000000000    1.000000000000000   0.0000000000000000
      vks_1_12                      0.0002511890000000000    1.000000000000000   0.0000000000000000
      vks_1_13                      0.0002511890000000000    1.000000000000000   0.0000000000000000
      vks_1_14                      0.0002511890000000000    1.000000000000000   0.0000000000000000
      vks_1_15                      0.0002511890000000000    1.000000000000000   0.0000000000000000
      vks_1_16                      0.0002511890000000000    1.000000000000000   0.0000000000000000
      vks_1_17                      0.0002511890000000000    1.000000000000000   0.0000000000000000
      vks_1_18                      0.0002511890000000000    1.000000000000000   0.0000000000000000
      vks_1_19                      0.0002511890000000000    1.000000000000000   0.0000000000000000
       vks_1_2                      0.0002511890000000000    1.000000000000000   0.0000000000000000
      vks_1_21                      0.0002511890000000000    1.000000000000000   0.0000000000000000
       vks_1_3                      0.0002511890000000000    1.000000000000000   0.0000000000000000
       vks_1_4                      0.0003981070000000000    1.000000000000000   0.0000000000000000
       vks_1_5                      0.0003981070000000000    1.000000000000000   0.0000000000000000
       vks_1_6                      0.0002511890000000000    1.000000000000000   0.0000000000000000
       vks_1_8                      0.0002511890000000000    1.000000000000000   0.0000000000000000
       vks_1_9                      0.0002511890000000000    1.000000000000000   0.0000000000000000
       vks_2_1                      0.0002511890000000000    1.000000000000000   0.0000000000000000
      vks_2_10                      0.0002511890000000000    1.000000000000000   0.0000000000000000
      vks_2_11                      0.0002511890000000000    1.000000000000000   0.0000000000000000
      vks_2_12                      0.0002511890000000000    1.000000000000000   0.0000000000000000
      vks_2_14                      0.0001584890000000000    1.000000000000000   0.0000000000000000
      vks_2_15                      0.0001584890000000000    1.000000000000000   0.0000000000000000
      vks_2_16                      0.0001584890000000000    1.000000000000000   0.0000000000000000
      vks_2_17                      0.0001584890000000000    1.000000000000000   0.0000000000000000
      vks_2_18                      0.0001584890000000000    1.000000000000000   0.0000000000000000
      vks_2_19                      0.0001584890000000000    1.000000000000000   0.0000000000000000
       vks_2_2                      0.0001000000000000000    1.000000000000000   0.0000000000000000
      vks_2_20                      0.0006309570000000000    1.000000000000000   0.0000000000000000
      vks_2_21                      0.0001584890000000000    1.000000000000000   0.0000000000000000
      vks_2_22                      0.0001584890000000000    1.000000000000000   0.0000000000000000
       vks_2_3                      0.0001000000000000000    1.000000000000000   0.0000000000000000
       vks_2_4                      0.0002511890000000000    1.000000000000000   0.0000000000000000
       vks_2_5                      0.0002511890000000000    1.000000000000000   0.0000000000000000
       vks_2_6                      0.0001584890000000000    1.000000000000000   0.0000000000000000
       vks_2_7                      0.0002511890000000000    1.000000000000000   0.0000000000000000
       vks_2_8                      0.0002511890000000000    1.000000000000000   0.0000000000000000
       vks_2_9                      0.0002511890000000000    1.000000000000000   0.0000000000000000
       vks_3_1                      3.020000000000000e-08    1.000000000000000   0.0000000000000000
      vks_3_10                      3.090000000000000e-08    1.000000000000000   0.0000000000000000
      vks_3_11                      3.090000000000000e-08    1.000000000000000   0.0000000000000000
      vks_3_12                      3.090000000000000e-08    1.000000000000000   0.0000000000000000
      vks_3_13                      3.090000000000000e-08    1.000000000000000   0.0000000000000000
      vks_3_14                      3.090000000000000e-08    1.000000000000000   0.0000000000000000
      vks_3_15                      3.090000000000000e-08    1.000000000000000   0.0000000000000000
      vks_3_16                      1.000000000000000e-07    1.000000000000000   0.0000000000000000
      vks_3_17                      3.090000000000000e-08    1.000000000000000   0.0000000000000000
      vks_3_18                      3.090000000000000e-08    1.000000000000000   0.0000000000000000
      vks_3_19                      3.090000000000000e-08    1.000000000000000   0.0000000000000000
       vks_3_2                      3.090000000000000e-08    1.000000000000000   0.0000000000000000
      vks_3_20                      1.150000000000000e-07    1.000000000000000   0.0000000000000000
      vks_3_21                      3.090000000000000e-08    1.000000000000000   0.0000000000000000
      vks_3_22                      3.090000000000000e-08    1.000000000000000   0.0000000000000000
       vks_3_3                      3.090000000000000e-08    1.000000000000000   0.0000000000000000
       vks_3_4                      3.090000000000000e-08    1.000000000000000   0.0000000000000000
       vks_3_5                      3.090000000000000e-08    1.000000000000000   0.0000000000000000
       vks_3_6                      1.000000000000000e-07    1.000000000000000   0.0000000000000000
       vks_3_7                      3.090000000000000e-08    1.000000000000000   0.0000000000000000
       vks_3_8                      3.090000000000000e-08    1.000000000000000   0.0000000000000000
       vks_3_9                      3.090000000000000e-08    1.000000000000000   0.0000000000000000
