single point
        finf_1                      0.4830353000000000    1.000000000000000   0.0000000000000000
       finf_10                      0.4725046550000000    1.000000000000000   0.0000000000000000
       finf_11                      0.4725046520000000    1.000000000000000   0.0000000000000000
       finf_12                      0.4725046520000000    1.000000000000000   0.0000000000000000
       finf_13                      0.4725046250000000    1.000000000000000   0.0000000000000000
       finf_14                      0.4830353020000000    1.000000000000000   0.0000000000000000
       finf_15                      0.4830353000000000    1.000000000000000   0.0000000000000000
       finf_16                      0.4830353000000000    1.000000000000000   0.0000000000000000
       finf_17                      0.4830352960000000    1.000000000000000   0.0000000000000000
       finf_18                      0.4830353000000000    1.000000000000000   0.0000000000000000
       finf_19                      0.4830353020000000    1.000000000000000   0.0000000000000000
        finf_2                      0.4830352990000000    1.000000000000000   0.0000000000000000
       finf_20                      0.5284619410000000    1.000000000000000   0.0000000000000000
       finf_21                      0.4830353010000000    1.000000000000000   0.0000000000000000
       finf_22                      0.4830353040000000    1.000000000000000   0.0000000000000000
        finf_3                      0.4830353050000000    1.000000000000000   0.0000000000000000
        finf_4                      0.4105800060000000    1.000000000000000   0.0000000000000000
        finf_5                      0.4105800060000000    1.000000000000000   0.0000000000000000
        finf_6                      0.4830352990000000    1.000000000000000   0.0000000000000000
        finf_7                      0.4725046530000000    1.000000000000000   0.0000000000000000
        finf_8                      0.4725046500000000    1.000000000000000   0.0000000000000000
        finf_9                      0.4725046480000000    1.000000000000000   0.0000000000000000
          ks_1                      0.8445018592500000    1.000000000000000   0.0000000000000000
         ks_10                      1.764335718575000    1.000000000000000   0.0000000000000000
        ks_100                      1.001582198000000e-05    1.000000000000000   0.0000000000000000
        ks_101                      0.0008424760045999999    1.000000000000000   0.0000000000000000
        ks_102                      7.929570996000000e-05    1.000000000000000   0.0000000000000000
        ks_103                      0.0004323074181000000    1.000000000000000   0.0000000000000000
        ks_104                      1.000000000000000e-05    1.000000000000000   0.0000000000000000
        ks_105                      1.010128921000000e-05    1.000000000000000   0.0000000000000000
        ks_106                      0.0001450741981000000    1.000000000000000   0.0000000000000000
        ks_107                      0.0003110972038000000    1.000000000000000   0.0000000000000000
        ks_108                      4.452475852946500    1.000000000000000   0.0000000000000000
        ks_109                      7.174763753015900    1.000000000000000   0.0000000000000000
         ks_11                      0.3065518023510000    1.000000000000000   0.0000000000000000
        ks_110                      3.899952948087700    1.000000000000000   0.0000000000000000
        ks_111                      4.823110000000000    1.000000000000000   0.0000000000000000
        ks_112                      3.174320930316400    1.000000000000000   0.0000000000000000
        ks_113                      1.009945368218900    1.000000000000000   0.0000000000000000
        ks_114                      8.244010066405201    1.000000000000000   0.0000000000000000
        ks_115                      6.437229312891700    1.000000000000000   0.0000000000000000
        ks_116                      0.4043455010497000    1.000000000000000   0.0000000000000000
        ks_117                      13.87570377176800    1.000000000000000   0.0000000000000000
        ks_118                      2.033283306256900    1.000000000000000   0.0000000000000000
        ks_119                      10.45286812596500    1.000000000000000   0.0000000000000000
         ks_12                      8.947538096413000    1.000000000000000   0.0000000000000000
        ks_120                      0.1584102609658000    1.000000000000000   0.0000000000000000
        ks_121                      2.156205389079900    1.000000000000000   0.0000000000000000
        ks_122                      39.64030343103300    1.000000000000000   0.0000000000000000
        ks_123                      11.13619286617100    1.000000000000000   0.0000000000000000
        ks_124                      2.007113725302600    1.000000000000000   0.0000000000000000
        ks_125                      445.7173714000000    1.000000000000000   0.0000000000000000
        ks_126                      491.2293180000000    1.000000000000000   0.0000000000000000
        ks_127                      1.897693682380700    1.000000000000000   0.0000000000000000
        ks_128                      3.444061169308500    1.000000000000000   0.0000000000000000
        ks_129                      6.002777349265500    1.000000000000000   0.0000000000000000
         ks_13                      1.688242021354000    1.000000000000000   0.0000000000000000
        ks_130                      13.22693640148600    1.000000000000000   0.0000000000000000
        ks_131                      0.0002011287601000000    1.000000000000000   0.0000000000000000
        ks_132                      0.0001991474178000000    1.000000000000000   0.0000000000000000
        ks_133                      0.0002009231023000000    1.000000000000000   0.0000000000000000
        ks_134                      0.02629305087430000    1.000000000000000   0.0000000000000000
        ks_135                      0.0001586386877000000    1.000000000000000   0.0000000000000000
        ks_136                      0.0002896121058000000    1.000000000000000   0.0000000000000000
        ks_137                      0.004155347415000000    1.000000000000000   0.0000000000000000
        ks_138                      6.436094328518500    1.000000000000000   0.0000000000000000
        ks_139                      0.0002287960483000000    1.000000000000000   0.0000000000000000
         ks_14                      4.529777139501000    1.000000000000000   0.0000000000000000
        ks_140                      14.44832438704200    1.000000000000000   0.0000000000000000
        ks_141                      0.0001977615726000000    1.000000000000000   0.0000000000000000
        ks_142                      0.0001998280542000000    1.000000000000000   0.0000000000000000
        ks_143                      0.001729640601000000    1.000000000000000   0.0000000000000000
        ks_144                      1.009183755765100    1.000000000000000   0.0000000000000000
        ks_145                      29.38935596700000    1.000000000000000   0.0000000000000000
        ks_146                      5.729040538935000    1.000000000000000   0.0000000000000000
        ks_147                      4.048755724928100    1.000000000000000   0.0000000000000000
        ks_148                      5.966767382392700    1.000000000000000   0.0000000000000000
        ks_149                      0.0002639474528000000    1.000000000000000   0.0000000000000000
         ks_15                      2.713590104518000    1.000000000000000   0.0000000000000000
        ks_150                      7.235219863087600    1.000000000000000   0.0000000000000000
        ks_151                      6.007215762754500    1.000000000000000   0.0000000000000000
        ks_152                      0.09891010189990000    1.000000000000000   0.0000000000000000
        ks_153                      38.32184855781100    1.000000000000000   0.0000000000000000
        ks_154                      56.23146090536800    1.000000000000000   0.0000000000000000
        ks_155                      0.0001947032842000000    1.000000000000000   0.0000000000000000
        ks_156                      0.1853765704634000    1.000000000000000   0.0000000000000000
        ks_157                      0.1971512470878000    1.000000000000000   0.0000000000000000
        ks_158                      0.6269188092372000    1.000000000000000   0.0000000000000000
        ks_159                      0.02677322208370000    1.000000000000000   0.0000000000000000
         ks_16                      490.5936150000000    1.000000000000000   0.0000000000000000
        ks_160                      1.053512436145600    1.000000000000000   0.0000000000000000
        ks_161                      361.0689506000000    1.000000000000000   0.0000000000000000
        ks_162                      0.1866197663897000    1.000000000000000   0.0000000000000000
        ks_163                      0.06869888063979999    1.000000000000000   0.0000000000000000
        ks_164                      0.05450158416470000    1.000000000000000   0.0000000000000000
        ks_165                      6.266403100399200    1.000000000000000   0.0000000000000000
        ks_166                      0.01565406778670000    1.000000000000000   0.0000000000000000
        ks_167                      0.03745185530110000    1.000000000000000   0.0000000000000000
        ks_168                      0.1172644470362000    1.000000000000000   0.0000000000000000
        ks_169                      0.0002626214277000000    1.000000000000000   0.0000000000000000
         ks_17                      1.668307780582000    1.000000000000000   0.0000000000000000
        ks_170                      0.002014804044000000    1.000000000000000   0.0000000000000000
        ks_171                      1.179567808297200    1.000000000000000   0.0000000000000000
        ks_172                      0.01965250085500000    1.000000000000000   0.0000000000000000
        ks_173                      0.008017457290000000    1.000000000000000   0.0000000000000000
        ks_174                      5.844825752680600    1.000000000000000   0.0000000000000000
        ks_175                      0.1251775144152000    1.000000000000000   0.0000000000000000
        ks_176                      0.004491844252000000    1.000000000000000   0.0000000000000000
        ks_177                      1.108742771468400    1.000000000000000   0.0000000000000000
        ks_178                      0.0002003456419000000    1.000000000000000   0.0000000000000000
        ks_179                      1.954421927169400    1.000000000000000   0.0000000000000000
         ks_18                      2.534428646832000    1.000000000000000   0.0000000000000000
        ks_180                      1.939733641000000e-05    1.000000000000000   0.0000000000000000
        ks_181                      0.2909340346108000    1.000000000000000   0.0000000000000000
        ks_182                      4.860030068707200    1.000000000000000   0.0000000000000000
        ks_183                      0.9626122366642000    1.000000000000000   0.0000000000000000
        ks_184                      0.0004038901981000000    1.000000000000000   0.0000000000000000
        ks_185                      9.548118091000000e-05    1.000000000000000   0.0000000000000000
        ks_186                      9.817617944000000e-05    1.000000000000000   0.0000000000000000
        ks_187                      0.0001092972552000000    1.000000000000000   0.0000000000000000
        ks_188                      0.0003908209782000000    1.000000000000000   0.0000000000000000
        ks_189                      0.0001147928627000000    1.000000000000000   0.0000000000000000
         ks_19                      44.71353189921000    1.000000000000000   0.0000000000000000
        ks_190                      1.000012423000000e-05    1.000000000000000   0.0000000000000000
        ks_191                      0.0001008556109000000    1.000000000000000   0.0000000000000000
        ks_192                      0.0001286360164000000    1.000000000000000   0.0000000000000000
        ks_193                      0.0002038605238000000    1.000000000000000   0.0000000000000000
        ks_194                      1.000000000000000e-05    1.000000000000000   0.0000000000000000
        ks_195                      0.0007741457053000000    1.000000000000000   0.0000000000000000
        ks_196                      1.000000000000000e-05    1.000000000000000   0.0000000000000000
        ks_197                      0.0001310381113000000    1.000000000000000   0.0000000000000000
        ks_198                      0.0001691242331000000    1.000000000000000   0.0000000000000000
        ks_199                      1.117142728000000e-05    1.000000000000000   0.0000000000000000
          ks_2                      0.02991306130000000    1.000000000000000   0.0000000000000000
         ks_20                      0.3758242705790000    1.000000000000000   0.0000000000000000
        ks_200                      1.022476771000000e-05    1.000000000000000   0.0000000000000000
        ks_201                      1.000000000000000e-05    1.000000000000000   0.0000000000000000
        ks_202                      0.0001014273354000000    1.000000000000000   0.0000000000000000
        ks_203                      0.0001136910825000000    1.000000000000000   0.0000000000000000
        ks_204                      9.867121042000001e-05    1.000000000000000   0.0000000000000000
        ks_205                      0.0001036224628000000    1.000000000000000   0.0000000000000000
        ks_206                      1.000000000000000e-05    1.000000000000000   0.0000000000000000
        ks_207                      0.0001017598913000000    1.000000000000000   0.0000000000000000
        ks_208                      1.383030197000000e-05    1.000000000000000   0.0000000000000000
        ks_209                      0.0002943088187000000    1.000000000000000   0.0000000000000000
         ks_21                      0.6825283532260000    1.000000000000000   0.0000000000000000
        ks_210                      8.667541662000001e-05    1.000000000000000   0.0000000000000000
        ks_211                      8.811444598000000e-05    1.000000000000000   0.0000000000000000
        ks_212                      0.0001025366291000000    1.000000000000000   0.0000000000000000
        ks_213                      9.559656399999999e-05    1.000000000000000   0.0000000000000000
        ks_214                      9.910612897000000e-05    1.000000000000000   0.0000000000000000
        ks_215                      9.811676002000000e-05    1.000000000000000   0.0000000000000000
        ks_216                      0.0001002518074000000    1.000000000000000   0.0000000000000000
        ks_217                      9.421979983000000e-05    1.000000000000000   0.0000000000000000
        ks_218                      5.174492581000000e-05    1.000000000000000   0.0000000000000000
        ks_219                      0.0001038079388000000    1.000000000000000   0.0000000000000000
         ks_22                      0.4626964121870000    1.000000000000000   0.0000000000000000
        ks_220                      9.224027597000000e-05    1.000000000000000   0.0000000000000000
        ks_221                      0.0001335469696000000    1.000000000000000   0.0000000000000000
        ks_222                      0.0001087553402000000    1.000000000000000   0.0000000000000000
        ks_223                      0.0001155599647000000    1.000000000000000   0.0000000000000000
        ks_224                      9.982935313000000e-05    1.000000000000000   0.0000000000000000
        ks_225                      1.012597341000000e-05    1.000000000000000   0.0000000000000000
        ks_226                      0.0001053208885000000    1.000000000000000   0.0000000000000000
        ks_227                      8.660519347000000e-05    1.000000000000000   0.0000000000000000
        ks_228                      8.749430678000000e-05    1.000000000000000   0.0000000000000000
        ks_229                      0.0004248782582000000    1.000000000000000   0.0000000000000000
         ks_23                      255.1837530000000    1.000000000000000   0.0000000000000000
        ks_230                      1.036455085000000e-05    1.000000000000000   0.0000000000000000
        ks_231                      3.373926202000000e-05    1.000000000000000   0.0000000000000000
        ks_232                      0.0003541809835000000    1.000000000000000   0.0000000000000000
        ks_233                      6.056916517000000e-05    1.000000000000000   0.0000000000000000
         ks_24                      0.04904593271500000    1.000000000000000   0.0000000000000000
         ks_25                      0.08691341244700000    1.000000000000000   0.0000000000000000
         ks_26                      500.0000000000000    1.000000000000000   0.0000000000000000
         ks_27                      0.7324335785280000    1.000000000000000   0.0000000000000000
         ks_28                      0.3935357699320000    1.000000000000000   0.0000000000000000
         ks_29                      3.236499232815000    1.000000000000000   0.0000000000000000
          ks_3                      0.7175448946000000    1.000000000000000   0.0000000000000000
         ks_30                      1.003053510000000e-05    1.000000000000000   0.0000000000000000
         ks_31                      2.632011230006000    1.000000000000000   0.0000000000000000
         ks_32                      0.0001996487820000000    1.000000000000000   0.0000000000000000
         ks_33                      0.09867865553900000    1.000000000000000   0.0000000000000000
         ks_34                      50.20721426227000    1.000000000000000   0.0000000000000000
         ks_35                      0.0001955056050000000    1.000000000000000   0.0000000000000000
         ks_36                      0.0006001791910000001    1.000000000000000   0.0000000000000000
         ks_37                      0.0002245631610000000    1.000000000000000   0.0000000000000000
         ks_38                      0.2209101821590000    1.000000000000000   0.0000000000000000
         ks_39                      0.0001957194380000000    1.000000000000000   0.0000000000000000
          ks_4                      8.498664317130000    1.000000000000000   0.0000000000000000
         ks_40                      0.6520065357940000    1.000000000000000   0.0000000000000000
         ks_41                      1.142653178562000    1.000000000000000   0.0000000000000000
         ks_42                      2.262920915337000    1.000000000000000   0.0000000000000000
         ks_43                      0.2689996459430000    1.000000000000000   0.0000000000000000
         ks_44                      0.5000669756440000    1.000000000000000   0.0000000000000000
         ks_45                      0.01600496718200000    1.000000000000000   0.0000000000000000
         ks_46                      1.525316302605000    1.000000000000000   0.0000000000000000
         ks_47                      5.614673333502000    1.000000000000000   0.0000000000000000
         ks_48                      9.051871333671000    1.000000000000000   0.0000000000000000
         ks_49                      0.0002066579910000000    1.000000000000000   0.0000000000000000
          ks_5                      48.13706211940000    1.000000000000000   0.0000000000000000
         ks_50                      2.935881308821000    1.000000000000000   0.0000000000000000
         ks_51                      4.575667860000000e-05    1.000000000000000   0.0000000000000000
         ks_52                      0.03442627606600000    1.000000000000000   0.0000000000000000
         ks_53                      4.936716607746000    1.000000000000000   0.0000000000000000
         ks_54                      0.01775343302300000    1.000000000000000   0.0000000000000000
         ks_55                      19.81550907518000    1.000000000000000   0.0000000000000000
         ks_56                      72.73554040893001    1.000000000000000   0.0000000000000000
         ks_57                      5.460584586356000    1.000000000000000   0.0000000000000000
         ks_58                      0.3098920402890000    1.000000000000000   0.0000000000000000
         ks_59                      0.006814998880000000    1.000000000000000   0.0000000000000000
          ks_6                      221.6427800000000    1.000000000000000   0.0000000000000000
         ks_60                      5.019469920323000    1.000000000000000   0.0000000000000000
         ks_61                      0.02854180901200000    1.000000000000000   0.0000000000000000
         ks_62                      0.2777043622860000    1.000000000000000   0.0000000000000000
         ks_63                      10.56851140494000    1.000000000000000   0.0000000000000000
         ks_64                      0.0006139759410000000    1.000000000000000   0.0000000000000000
         ks_65                      0.001874028090000000    1.000000000000000   0.0000000000000000
         ks_66                      5.527088252691000    1.000000000000000   0.0000000000000000
         ks_67                      8.907727543712999    1.000000000000000   0.0000000000000000
         ks_68                      0.009230348590000000    1.000000000000000   0.0000000000000000
         ks_69                      0.7380043849480000    1.000000000000000   0.0000000000000000
          ks_7                      1.022562500000000e-05    1.000000000000000   0.0000000000000000
         ks_70                      3.769919994756000    1.000000000000000   0.0000000000000000
         ks_71                      1.000000000000000e-05    1.000000000000000   0.0000000000000000
         ks_72                      8.832095080000001e-05    1.000000000000000   0.0000000000000000
         ks_73                      0.0001127219860000000    1.000000000000000   0.0000000000000000
         ks_74                      9.323593410000000e-05    1.000000000000000   0.0000000000000000
         ks_75                      1.404380840000000e-05    1.000000000000000   0.0000000000000000
         ks_76                      0.0001919769570000000    1.000000000000000   0.0000000000000000
         ks_77                      0.0001022010280000000    1.000000000000000   0.0000000000000000
         ks_78                      1.621033350000000e-05    1.000000000000000   0.0000000000000000
         ks_79                      1.000000000000000e-05    1.000000000000000   0.0000000000000000
          ks_8                      1.002528300000000e-05    1.000000000000000   0.0000000000000000
         ks_80                      259.3886800000000    1.000000000000000   0.0000000000000000
         ks_81                      9.008745620000000e-05    1.000000000000000   0.0000000000000000
         ks_82                      94.94459474887000    1.000000000000000   0.0000000000000000
         ks_83                      6.563300000000000    1.000000000000000   0.0000000000000000
         ks_84                      9.016600140000001e-05    1.000000000000000   0.0000000000000000
         ks_85                      1.286637490000000e-05    1.000000000000000   0.0000000000000000
         ks_86                      0.0001315586930000000    1.000000000000000   0.0000000000000000
         ks_87                      499.9569900000000    1.000000000000000   0.0000000000000000
         ks_88                      21.88360000000000    1.000000000000000   0.0000000000000000
         ks_89                      7.976779660000000e-05    1.000000000000000   0.0000000000000000
          ks_9                      8.234514407660001    1.000000000000000   0.0000000000000000
         ks_90                      4.483890000000000    1.000000000000000   0.0000000000000000
         ks_91                      14.46689383578000    1.000000000000000   0.0000000000000000
         ks_92                      0.0001139806580000000    1.000000000000000   0.0000000000000000
         ks_93                      0.04175022937800000    1.000000000000000   0.0000000000000000
         ks_94                      3.038102170000000e-05    1.000000000000000   0.0000000000000000
         ks_95                      9.995847000000000e-05    1.000000000000000   0.0000000000000000
         ks_96                      0.0001728950210000000    1.000000000000000   0.0000000000000000
         ks_97                      5.520393210000000e-05    1.000000000000000   0.0000000000000000
         ks_98                      0.0001145045490000000    1.000000000000000   0.0000000000000000
         ks_99                      0.0001064952600000000    1.000000000000000   0.0000000000000000
    lak_cond_1                      1.000000000000000    1.000000000000000   0.0000000000000000
   lak_cond_12                      0.9944701361457137    1.000000000000000   0.0000000000000000
    lak_cond_2                      1.000000000000000    1.000000000000000   0.0000000000000000
         pet_1                      9.500000000000001e-05    1.000000000000000   0.0000000000000000
 pond_recharge                      14271.49169083402    1.000000000000000   0.0000000000000000
       sfr_k_1                      0.1178024805499800    1.000000000000000   0.0000000000000000
      sfr_k_10                      0.1009249751379090    1.000000000000000   0.0000000000000000
      sfr_k_11                      0.09994357960195600    1.000000000000000   0.0000000000000000
      sfr_k_12                      0.1019799775778860    1.000000000000000   0.0000000000000000
      sfr_k_13                      0.1000052041241640    1.000000000000000   0.0000000000000000
      sfr_k_14                      0.1006253547690930    1.000000000000000   0.0000000000000000
      sfr_k_15                      0.1001692522119680    1.000000000000000   0.0000000000000000
      sfr_k_16                      0.1053147586464490    1.000000000000000   0.0000000000000000
      sfr_k_17                      0.1004976026372660    1.000000000000000   0.0000000000000000
      sfr_k_18                      0.1529352188104600    1.000000000000000   0.0000000000000000
      sfr_k_19                      0.1000475950771700    1.000000000000000   0.0000000000000000
       sfr_k_2                      0.09971581794043000    1.000000000000000   0.0000000000000000
      sfr_k_20                      0.1002019617423970    1.000000000000000   0.0000000000000000
      sfr_k_21                      0.1000526106684750    1.000000000000000   0.0000000000000000
      sfr_k_22                      0.1073377514325090    1.000000000000000   0.0000000000000000
       sfr_k_3                      0.09415350814315000    1.000000000000000   0.0000000000000000
       sfr_k_4                      0.09767523374033001    1.000000000000000   0.0000000000000000
       sfr_k_5                      0.1118602707299700    1.000000000000000   0.0000000000000000
       sfr_k_6                      0.1009016377341900    1.000000000000000   0.0000000000000000
       sfr_k_7                      0.1009234464408200    1.000000000000000   0.0000000000000000
       sfr_k_8                      0.1018935957710100    1.000000000000000   0.0000000000000000
       sfr_k_9                      0.1047554852264900    1.000000000000000   0.0000000000000000
     spill_447                      185.0599976000000    1.000000000000000   0.0000000000000000
     spill_449                      146.6000061000000    1.000000000000000   0.0000000000000000
     spill_688                      8.230125054663757    1.000000000000000   0.0000000000000000
     surfk_1_1                      0.0002502604857252000    1.000000000000000   0.0000000000000000
    surfk_1_10                      0.0002512486924107900    1.000000000000000   0.0000000000000000
    surfk_1_11                      0.0002511045211842700    1.000000000000000   0.0000000000000000
    surfk_1_12                      0.0002510205060059400    1.000000000000000   0.0000000000000000
    surfk_1_13                      0.0002510925471320700    1.000000000000000   0.0000000000000000
    surfk_1_14                      0.0002510605209851600    1.000000000000000   0.0000000000000000
    surfk_1_15                      0.0002501229283553500    1.000000000000000   0.0000000000000000
    surfk_1_16                      0.0002499597846878000    1.000000000000000   0.0000000000000000
    surfk_1_17                      0.0002511193911113600    1.000000000000000   0.0000000000000000
    surfk_1_18                      0.0002502924581824400    1.000000000000000   0.0000000000000000
    surfk_1_19                      0.0002511168103584000    1.000000000000000   0.0000000000000000
     surfk_1_2                      0.0002500903571217000    1.000000000000000   0.0000000000000000
    surfk_1_21                      0.0002509705664667800    1.000000000000000   0.0000000000000000
     surfk_1_3                      0.0002511053927215000    1.000000000000000   0.0000000000000000
     surfk_1_4                      0.0003964778345156000    1.000000000000000   0.0000000000000000
     surfk_1_5                      0.0003953271803371000    1.000000000000000   0.0000000000000000
     surfk_1_6                      0.0002499918544019000    1.000000000000000   0.0000000000000000
     surfk_1_8                      0.0002497189647327000    1.000000000000000   0.0000000000000000
     surfk_1_9                      0.0002500534428720000    1.000000000000000   0.0000000000000000
     surfk_2_1                      0.0002510434430895000    1.000000000000000   0.0000000000000000
    surfk_2_10                      0.0002511382709343000    1.000000000000000   0.0000000000000000
    surfk_2_11                      0.0002510729626902400    1.000000000000000   0.0000000000000000
    surfk_2_12                      0.0002500906712703300    1.000000000000000   0.0000000000000000
    surfk_2_14                      0.0001584110618194500    1.000000000000000   0.0000000000000000
    surfk_2_15                      0.0001629310559391100    1.000000000000000   0.0000000000000000
    surfk_2_16                      0.0001584120354165700    1.000000000000000   0.0000000000000000
    surfk_2_17                      0.0001584218154517900    1.000000000000000   0.0000000000000000
    surfk_2_18                      0.0001560588623616900    1.000000000000000   0.0000000000000000
    surfk_2_19                      0.0001584018886637700    1.000000000000000   0.0000000000000000
     surfk_2_2                      9.959376022609000e-05    1.000000000000000   0.0000000000000000
    surfk_2_20                      0.0006301930461121100    1.000000000000000   0.0000000000000000
    surfk_2_21                      0.0001584119946348900    1.000000000000000   0.0000000000000000
    surfk_2_22                      0.0001584815854844400    1.000000000000000   0.0000000000000000
     surfk_2_3                      9.993635364314000e-05    1.000000000000000   0.0000000000000000
     surfk_2_4                      0.0002499869562998000    1.000000000000000   0.0000000000000000
     surfk_2_5                      0.0002519986742537000    1.000000000000000   0.0000000000000000
     surfk_2_6                      0.0001577150322926000    1.000000000000000   0.0000000000000000
     surfk_2_7                      0.0002511016323351000    1.000000000000000   0.0000000000000000
     surfk_2_8                      0.0002511113577818000    1.000000000000000   0.0000000000000000
     surfk_2_9                      0.0002499417124592000    1.000000000000000   0.0000000000000000
     surfk_3_1                      2.996520016966000e-08    1.000000000000000   0.0000000000000000
    surfk_3_10                      3.086394027007300e-08    1.000000000000000   0.0000000000000000
    surfk_3_11                      3.086389009795700e-08    1.000000000000000   0.0000000000000000
    surfk_3_12                      3.086400705356000e-08    1.000000000000000   0.0000000000000000
    surfk_3_13                      3.086394866791800e-08    1.000000000000000   0.0000000000000000
    surfk_3_14                      3.175412827417400e-08    1.000000000000000   0.0000000000000000
    surfk_3_15                      3.066429675862300e-08    1.000000000000000   0.0000000000000000
    surfk_3_16                      9.986660459876700e-08    1.000000000000000   0.0000000000000000
    surfk_3_17                      3.086404770932300e-08    1.000000000000000   0.0000000000000000
    surfk_3_18                      3.085133753042000e-08    1.000000000000000   0.0000000000000000
    surfk_3_19                      3.086397966522700e-08    1.000000000000000   0.0000000000000000
     surfk_3_2                      3.066429675840000e-08    1.000000000000000   0.0000000000000000
    surfk_3_20                      1.148443010041600e-07    1.000000000000000   0.0000000000000000
    surfk_3_21                      3.086399329588000e-08    1.000000000000000   0.0000000000000000
    surfk_3_22                      3.080867211681400e-08    1.000000000000000   0.0000000000000000
     surfk_3_3                      3.066429675796000e-08    1.000000000000000   0.0000000000000000
     surfk_3_4                      3.066429675795000e-08    1.000000000000000   0.0000000000000000
     surfk_3_5                      3.085150189369000e-08    1.000000000000000   0.0000000000000000
     surfk_3_6                      9.982637636187000e-08    1.000000000000000   0.0000000000000000
     surfk_3_7                      3.066429675880000e-08    1.000000000000000   0.0000000000000000
     surfk_3_8                      3.085128826075000e-08    1.000000000000000   0.0000000000000000
     surfk_3_9                      3.086405730535000e-08    1.000000000000000   0.0000000000000000
   vka_ratio_1                      0.09894737707786674    1.000000000000000   0.0000000000000000
   vka_ratio_2                      0.1006626944641355    1.000000000000000   0.0000000000000000
   vka_ratio_3                      0.09999650199445176    1.000000000000000   0.0000000000000000
       vks_1_1                      0.0002511890000000000    1.000000000000000   0.0000000000000000
      vks_1_10                      0.0002511890000000000    1.000000000000000   0.0000000000000000
      vks_1_11                      0.0002511890000000000    1.000000000000000   0.0000000000000000
      vks_1_12                      0.0002511890000000000    1.000000000000000   0.0000000000000000
      vks_1_13                      0.0002511890000000000    1.000000000000000   0.0000000000000000
      vks_1_14                      0.0002511890000000000    1.000000000000000   0.0000000000000000
      vks_1_15                      0.0002511890000000000    1.000000000000000   0.0000000000000000
      vks_1_16                      0.0002511890000000000    1.000000000000000   0.0000000000000000
      vks_1_17                      0.0002511890000000000    1.000000000000000   0.0000000000000000
      vks_1_18                      0.0002511890000000000    1.000000000000000   0.0000000000000000
      vks_1_19                      0.0002511890000000000    1.000000000000000   0.0000000000000000
       vks_1_2                      0.0002511890000000000    1.000000000000000   0.0000000000000000
      vks_1_21                      0.0002511890000000000    1.000000000000000   0.0000000000000000
       vks_1_3                      0.0002511890000000000    1.000000000000000   0.0000000000000000
       vks_1_4                      0.0003981070000000000    1.000000000000000   0.0000000000000000
       vks_1_5                      0.0003981070000000000    1.000000000000000   0.0000000000000000
       vks_1_6                      0.0002511890000000000    1.000000000000000   0.0000000000000000
       vks_1_8                      0.0002511890000000000    1.000000000000000   0.0000000000000000
       vks_1_9                      0.0002511890000000000    1.000000000000000   0.0000000000000000
       vks_2_1                      0.0002511890000000000    1.000000000000000   0.0000000000000000
      vks_2_10                      0.0002511890000000000    1.000000000000000   0.0000000000000000
      vks_2_11                      0.0002511890000000000    1.000000000000000   0.0000000000000000
      vks_2_12                      0.0002511890000000000    1.000000000000000   0.0000000000000000
      vks_2_14                      0.0001584890000000000    1.000000000000000   0.0000000000000000
      vks_2_15                      0.0001584890000000000    1.000000000000000   0.0000000000000000
      vks_2_16                      0.0001584890000000000    1.000000000000000   0.0000000000000000
      vks_2_17                      0.0001584890000000000    1.000000000000000   0.0000000000000000
      vks_2_18                      0.0001584890000000000    1.000000000000000   0.0000000000000000
      vks_2_19                      0.0001584890000000000    1.000000000000000   0.0000000000000000
       vks_2_2                      0.0001000000000000000    1.000000000000000   0.0000000000000000
      vks_2_20                      0.0006309570000000000    1.000000000000000   0.0000000000000000
      vks_2_21                      0.0001584890000000000    1.000000000000000   0.0000000000000000
      vks_2_22                      0.0001584890000000000    1.000000000000000   0.0000000000000000
       vks_2_3                      0.0001000000000000000    1.000000000000000   0.0000000000000000
       vks_2_4                      0.0002511890000000000    1.000000000000000   0.0000000000000000
       vks_2_5                      0.0002511890000000000    1.000000000000000   0.0000000000000000
       vks_2_6                      0.0001584890000000000    1.000000000000000   0.0000000000000000
       vks_2_7                      0.0002511890000000000    1.000000000000000   0.0000000000000000
       vks_2_8                      0.0002511890000000000    1.000000000000000   0.0000000000000000
       vks_2_9                      0.0002511890000000000    1.000000000000000   0.0000000000000000
       vks_3_1                      3.020000000000000e-08    1.000000000000000   0.0000000000000000
      vks_3_10                      3.090000000000000e-08    1.000000000000000   0.0000000000000000
      vks_3_11                      3.090000000000000e-08    1.000000000000000   0.0000000000000000
      vks_3_12                      3.090000000000000e-08    1.000000000000000   0.0000000000000000
      vks_3_13                      3.090000000000000e-08    1.000000000000000   0.0000000000000000
      vks_3_14                      3.090000000000000e-08    1.000000000000000   0.0000000000000000
      vks_3_15                      3.090000000000000e-08    1.000000000000000   0.0000000000000000
      vks_3_16                      1.000000000000000e-07    1.000000000000000   0.0000000000000000
      vks_3_17                      3.090000000000000e-08    1.000000000000000   0.0000000000000000
      vks_3_18                      3.090000000000000e-08    1.000000000000000   0.0000000000000000
      vks_3_19                      3.090000000000000e-08    1.000000000000000   0.0000000000000000
       vks_3_2                      3.090000000000000e-08    1.000000000000000   0.0000000000000000
      vks_3_20                      1.150000000000000e-07    1.000000000000000   0.0000000000000000
      vks_3_21                      3.090000000000000e-08    1.000000000000000   0.0000000000000000
      vks_3_22                      3.090000000000000e-08    1.000000000000000   0.0000000000000000
       vks_3_3                      3.090000000000000e-08    1.000000000000000   0.0000000000000000
       vks_3_4                      3.090000000000000e-08    1.000000000000000   0.0000000000000000
       vks_3_5                      3.090000000000000e-08    1.000000000000000   0.0000000000000000
       vks_3_6                      1.000000000000000e-07    1.000000000000000   0.0000000000000000
       vks_3_7                      3.090000000000000e-08    1.000000000000000   0.0000000000000000
       vks_3_8                      3.090000000000000e-08    1.000000000000000   0.0000000000000000
       vks_3_9                      3.090000000000000e-08    1.000000000000000   0.0000000000000000
