 
 WELLS WITH REDUCED PUMPING FOR STRESS PERIOD     1 TIME STEP     1
   LAY   ROW   COL         APPL.Q          ACT.Q        GW-HEAD       CELL-BOT
     3   162    80  -0.120676E+03  -0.399505E+01   0.973154E+02   0.967700E+02
     3    61    67  -0.270931E+02  -0.137723E-02   0.302431E+03   0.302410E+03
     3    61    67  -0.270931E+02  -0.137723E-02   0.302431E+03   0.302410E+03
     3    61    68  -0.270931E+02  -0.181399E-01   0.340005E+03   0.339930E+03
     2    62    67  -0.270931E+02  -0.209532E+02   0.221613E+03   0.220230E+03
     2    62    67  -0.270931E+02  -0.209532E+02   0.221613E+03   0.220230E+03
     3    34    24  -0.774181E+02  -0.222331E+02   0.310492E+03   0.308722E+03
     3    32    32  -0.774181E+02  -0.306871E-01   0.582878E+03   0.582820E+03
     3    29    28  -0.774181E+02  -0.782431E-02   0.499539E+03   0.499510E+03
     2    63    65  -0.582944E+01  -0.109097E+01   0.193627E+03   0.192820E+03
     2    63    64  -0.457774E+01  -0.146548E+01   0.198145E+03   0.197390E+03
     2    63    65  -0.492347E+00  -0.921421E-01   0.193627E+03   0.192820E+03
     3   162    80  -0.260073E+03  -0.860988E+01   0.973154E+02   0.967700E+02
     3   162    80  -0.260073E+03  -0.860988E+01   0.973154E+02   0.967700E+02
     3   326    82  -0.128462E+02  -0.230310E-02   0.329429E+03   0.329390E+03
     3   324    84  -0.128462E+02  -0.120171E-02   0.278068E+03   0.278040E+03
     3   324    84  -0.128462E+02  -0.120171E-02   0.278068E+03   0.278040E+03
     3   326    82  -0.128462E+02  -0.230310E-02   0.329429E+03   0.329390E+03
     3   324    83  -0.128462E+02  -0.238390E-02   0.330819E+03   0.330780E+03
     3   343    99  -0.317276E+02  -0.232016E+02  -0.480168E+02  -0.513148E+02
     2   340    98  -0.461536E+01  -0.178869E+00   0.818052E+02   0.816330E+02
     3   361    85  -0.170723E+02  -0.234505E+00  -0.257036E+02  -0.260500E+02
     3   232   125  -0.342345E+02  -0.176318E+02   0.153083E+03   0.150900E+03
     3   224   116  -0.321192E+02  -0.353369E+00   0.435492E+02   0.432400E+02
     3   224   117  -0.321192E+02  -0.988132E-01   0.693519E+02   0.691900E+02
     3   279   179  -0.964430E+02  -0.194165E+02   0.315211E+02   0.300800E+02
     3   271   151  -0.732416E+02  -0.331359E+02  -0.337972E+02  -0.361383E+02
     3   308   160  -0.124209E+02  -0.484941E+01  -0.401007E+02  -0.413800E+02
     3   308   159  -0.124209E+02  -0.122367E+02  -0.409461E+02  -0.437300E+02
     3   308   159  -0.124209E+02  -0.122367E+02  -0.409461E+02  -0.437300E+02
     3   309   159  -0.124209E+02  -0.122811E+02  -0.413577E+02  -0.441700E+02
     3   309   159  -0.124209E+02  -0.122811E+02  -0.413577E+02  -0.441700E+02
     3   308   160  -0.124209E+02  -0.484941E+01  -0.401007E+02  -0.413800E+02
     3   308   160  -0.124209E+02  -0.484941E+01  -0.401007E+02  -0.413800E+02
     3   308   160  -0.110771E+02  -0.432475E+01  -0.401007E+02  -0.413800E+02
     3   308   160  -0.110771E+02  -0.432475E+01  -0.401007E+02  -0.413800E+02
     3   367   129  -0.268433E+01  -0.164080E+00   0.109522E+03   0.108770E+03
     3   367   129  -0.268433E+01  -0.164080E+00   0.109522E+03   0.108770E+03
     3   367   130  -0.268433E+01  -0.188496E+00   0.143180E+03   0.142370E+03
     3   369   130  -0.268433E+01  -0.413827E-01   0.154078E+03   0.153710E+03
     3   367   129  -0.268433E+01  -0.164080E+00   0.109522E+03   0.108770E+03
     3   361   121  -0.862409E+01  -0.110651E+00   0.135545E+03   0.135210E+03
     3   362   122  -0.862409E+01  -0.971160E-01   0.108583E+03   0.108270E+03
     3   269   152  -0.748024E+02  -0.314632E+02  -0.286656E+02  -0.309000E+02
     3   259   133  -0.936566E+01  -0.158369E+00   0.413354E+02   0.409500E+02
     3   259   134  -0.936566E+01  -0.517116E-01   0.480877E+02   0.478700E+02
     3   258   133  -0.936566E+01  -0.947687E-02   0.710124E+02   0.709200E+02
     3   326   150  -0.297231E+01  -0.147628E-01   0.300663E+02   0.298600E+02
     3   220   170  -0.115641E+01  -0.133567E-01   0.721537E+03   0.721220E+03
     3   222   169  -0.115641E+01  -0.990366E-01   0.510581E+03   0.509680E+03
     3   275   128  -0.188225E+01  -0.415256E+00   0.256083E+02   0.240900E+02
     3   278   159  -0.264262E+01  -0.522256E+00   0.347660E+02   0.333400E+02
     3   351   132  -0.161735E+02  -0.135915E+00   0.430495E+02   0.427800E+02
     3   351   132  -0.161735E+02  -0.135915E+00   0.430495E+02   0.427800E+02
     3   351   132  -0.161735E+02  -0.135915E+00   0.430495E+02   0.427800E+02
     3   275   177  -0.157208E+03  -0.942765E-01   0.922110E+02   0.921400E+02
     3   275   177  -0.157208E+03  -0.942765E-01   0.922110E+02   0.921400E+02
     3   273   177  -0.157208E+03  -0.519791E-02   0.190857E+03   0.190840E+03
     3   368   127  -0.123173E+01  -0.433558E+00   0.192540E+03   0.190540E+03
     3   368   127  -0.123173E+01  -0.433558E+00   0.192540E+03   0.190540E+03
     3   273   153  -0.534877E+02  -0.330872E+02  -0.343913E+02  -0.372900E+02
     3   272   150  -0.534877E+02  -0.294552E+02  -0.219908E+02  -0.246600E+02
     3   302   148  -0.644566E+00  -0.367505E+00   0.128545E+02   0.101200E+02
     3   276   148  -0.756291E+01  -0.733343E-01   0.364799E+02   0.361900E+02
     3   277   147  -0.756291E+01  -0.167459E+00   0.329628E+02   0.325200E+02
     3   308   147  -0.247378E+01  -0.120152E+00   0.491265E+02   0.484600E+02
     3   308   147  -0.247378E+01  -0.120152E+00   0.491265E+02   0.484600E+02
     3   308   147  -0.247378E+01  -0.120152E+00   0.491265E+02   0.484600E+02
     2   332   119  -0.255277E+03  -0.202328E+02  -0.253944E+02  -0.257400E+02
     2   332   119  -0.255277E+03  -0.202328E+02  -0.253944E+02  -0.257400E+02
     2   332   119  -0.255277E+03  -0.202328E+02  -0.253944E+02  -0.257400E+02
     2   332   118  -0.255277E+03  -0.143833E+02  -0.254617E+02  -0.257500E+02
     3   334   106  -0.255277E+03  -0.220283E+02  -0.274184E+02  -0.283226E+02
     2   332   118  -0.255277E+03  -0.143833E+02  -0.254617E+02  -0.257500E+02
     2   332   118  -0.255277E+03  -0.143833E+02  -0.254617E+02  -0.257500E+02
     2   332   118  -0.255277E+03  -0.143833E+02  -0.254617E+02  -0.257500E+02
     3   287   155  -0.219959E+03  -0.782785E-02   0.527972E+02   0.527800E+02
     3   327   115  -0.104461E+03  -0.116390E+02  -0.377100E+02  -0.387481E+02
     3   327   115  -0.104461E+03  -0.116390E+02  -0.377100E+02  -0.387481E+02
     3   327   114  -0.104461E+03  -0.236361E+02  -0.376302E+02  -0.391707E+02
     2   332   148  -0.984458E+04  -0.489633E+00  -0.278550E+01  -0.279000E+01
     1   335   147  -0.984458E+04  -0.810344E+04  -0.273159E+02  -0.308300E+02
     1   336   147  -0.984458E+04  -0.808156E+04  -0.273350E+02  -0.308400E+02
     1   335   147  -0.984458E+04  -0.810344E+04  -0.273159E+02  -0.308300E+02
     1   336   147  -0.984458E+04  -0.808156E+04  -0.273350E+02  -0.308400E+02
     1   336   147  -0.984458E+04  -0.808156E+04  -0.273350E+02  -0.308400E+02
     1   335   147  -0.984458E+04  -0.810344E+04  -0.273159E+02  -0.308300E+02
     1   335   147  -0.984458E+04  -0.810344E+04  -0.273159E+02  -0.308300E+02
     1   331   149  -0.984458E+04  -0.109002E+04  -0.426171E+00  -0.840000E+00
     1   345   110  -0.208264E+03  -0.575743E+02   0.159787E+02   0.145700E+02
     2   346   109  -0.208264E+03  -0.370175E+02  -0.386327E+02  -0.391700E+02
     3   329   103  -0.208264E+03  -0.251179E-02   0.186950E+03   0.186940E+03
     2   346   109  -0.208264E+03  -0.370175E+02  -0.386327E+02  -0.391700E+02
     2   348   112  -0.107740E+03  -0.710675E+02  -0.377538E+02  -0.389700E+02
     3   323   113  -0.130933E+03  -0.228900E+02  -0.232350E+02  -0.245658E+02
     3   312   112  -0.132245E+01  -0.174426E-02   0.415036E+03   0.414930E+03
     3   311   111  -0.132245E+01  -0.443974E-02   0.334159E+03   0.333990E+03
     3   258   115  -0.185601E+02  -0.589910E-02   0.115852E+03   0.115800E+03
 
