single point
        finf_1                      0.4830353000000000    1.000000000000000   0.0000000000000000
       finf_10                      0.4725046550000000    1.000000000000000   0.0000000000000000
       finf_11                      0.4725046520000000    1.000000000000000   0.0000000000000000
       finf_12                      0.4725046520000000    1.000000000000000   0.0000000000000000
       finf_13                      0.4725046250000000    1.000000000000000   0.0000000000000000
       finf_14                      0.4830353020000000    1.000000000000000   0.0000000000000000
       finf_15                      0.4830353000000000    1.000000000000000   0.0000000000000000
       finf_16                      0.4830353000000000    1.000000000000000   0.0000000000000000
       finf_17                      0.4830352960000000    1.000000000000000   0.0000000000000000
       finf_18                      0.4830353000000000    1.000000000000000   0.0000000000000000
       finf_19                      0.4830353020000000    1.000000000000000   0.0000000000000000
        finf_2                      0.4830352990000000    1.000000000000000   0.0000000000000000
       finf_20                      0.5284619410000000    1.000000000000000   0.0000000000000000
       finf_21                      0.4830353010000000    1.000000000000000   0.0000000000000000
       finf_22                      0.4830353040000000    1.000000000000000   0.0000000000000000
        finf_3                      0.4830353050000000    1.000000000000000   0.0000000000000000
        finf_4                      0.4105800060000000    1.000000000000000   0.0000000000000000
        finf_5                      0.4105800060000000    1.000000000000000   0.0000000000000000
        finf_6                      0.4830352990000000    1.000000000000000   0.0000000000000000
        finf_7                      0.4725046530000000    1.000000000000000   0.0000000000000000
        finf_8                      0.4725046500000000    1.000000000000000   0.0000000000000000
        finf_9                      0.4725046480000000    1.000000000000000   0.0000000000000000
          ks_1                      0.8128146530000000    1.000000000000000   0.0000000000000000
         ks_10                      1.766535878000000    1.000000000000000   0.0000000000000000
        ks_100                      1.000000000000000e-05    1.000000000000000   0.0000000000000000
        ks_101                      0.0008432950000000000    1.000000000000000   0.0000000000000000
        ks_102                      7.960000000000000e-05    1.000000000000000   0.0000000000000000
        ks_103                      0.0004376260000000000    1.000000000000000   0.0000000000000000
        ks_104                      1.000000000000000e-05    1.000000000000000   0.0000000000000000
        ks_105                      1.010000000000000e-05    1.000000000000000   0.0000000000000000
        ks_106                      0.0001451330000000000    1.000000000000000   0.0000000000000000
        ks_107                      0.0003132940000000000    1.000000000000000   0.0000000000000000
        ks_108                      4.340576649000000    1.000000000000000   0.0000000000000000
        ks_109                      6.887207031000000    1.000000000000000   0.0000000000000000
         ks_11                      0.3230736550000000    1.000000000000000   0.0000000000000000
        ks_110                      3.931895494000000    1.000000000000000   0.0000000000000000
        ks_111                      4.848814011000000    1.000000000000000   0.0000000000000000
        ks_112                      3.134639502000000    1.000000000000000   0.0000000000000000
        ks_113                      1.063962102000000    1.000000000000000   0.0000000000000000
        ks_114                      7.757691860000000    1.000000000000000   0.0000000000000000
        ks_115                      6.425251961000000    1.000000000000000   0.0000000000000000
        ks_116                      0.3988730010000000    1.000000000000000   0.0000000000000000
        ks_117                      13.40994835000000    1.000000000000000   0.0000000000000000
        ks_118                      2.038078070000000    1.000000000000000   0.0000000000000000
        ks_119                      10.45590878000000    1.000000000000000   0.0000000000000000
         ks_12                      8.950802803000000    1.000000000000000   0.0000000000000000
        ks_120                      0.1599933950000000    1.000000000000000   0.0000000000000000
        ks_121                      2.146981955000000    1.000000000000000   0.0000000000000000
        ks_122                      38.48846054000000    1.000000000000000   0.0000000000000000
        ks_123                      11.21768093000000    1.000000000000000   0.0000000000000000
        ks_124                      2.007252216000000    1.000000000000000   0.0000000000000000
        ks_125                      500.0000000000000    1.000000000000000   0.0000000000000000
        ks_126                      500.0000000000000    1.000000000000000   0.0000000000000000
        ks_127                      1.951705098000000    1.000000000000000   0.0000000000000000
        ks_128                      3.362789154000000    1.000000000000000   0.0000000000000000
        ks_129                      5.992921829000000    1.000000000000000   0.0000000000000000
         ks_13                      1.735805631000000    1.000000000000000   0.0000000000000000
        ks_130                      14.31188965000000    1.000000000000000   0.0000000000000000
        ks_131                      0.0002011940000000000    1.000000000000000   0.0000000000000000
        ks_132                      0.0002001800000000000    1.000000000000000   0.0000000000000000
        ks_133                      0.0002019930000000000    1.000000000000000   0.0000000000000000
        ks_134                      0.02629118000000000    1.000000000000000   0.0000000000000000
        ks_135                      0.0001587070000000000    1.000000000000000   0.0000000000000000
        ks_136                      0.0002910470000000000    1.000000000000000   0.0000000000000000
        ks_137                      0.004190658000000000    1.000000000000000   0.0000000000000000
        ks_138                      6.305296421000000    1.000000000000000   0.0000000000000000
        ks_139                      0.0002288620000000000    1.000000000000000   0.0000000000000000
         ks_14                      4.541160107000000    1.000000000000000   0.0000000000000000
        ks_140                      14.53061008000000    1.000000000000000   0.0000000000000000
        ks_141                      0.0001978270000000000    1.000000000000000   0.0000000000000000
        ks_142                      0.0001998920000000000    1.000000000000000   0.0000000000000000
        ks_143                      0.001743418000000000    1.000000000000000   0.0000000000000000
        ks_144                      1.009847879000000    1.000000000000000   0.0000000000000000
        ks_145                      29.03747940000000    1.000000000000000   0.0000000000000000
        ks_146                      5.733921051000000    1.000000000000000   0.0000000000000000
        ks_147                      4.062445641000000    1.000000000000000   0.0000000000000000
        ks_148                      5.998075962000000    1.000000000000000   0.0000000000000000
        ks_149                      0.0002640820000000000    1.000000000000000   0.0000000000000000
         ks_15                      2.722261429000000    1.000000000000000   0.0000000000000000
        ks_150                      7.222373486000000    1.000000000000000   0.0000000000000000
        ks_151                      6.005884647000000    1.000000000000000   0.0000000000000000
        ks_152                      0.09754996700000000    1.000000000000000   0.0000000000000000
        ks_153                      37.12182999000000    1.000000000000000   0.0000000000000000
        ks_154                      56.57085419000000    1.000000000000000   0.0000000000000000
        ks_155                      0.0001957620000000000    1.000000000000000   0.0000000000000000
        ks_156                      0.1850179280000000    1.000000000000000   0.0000000000000000
        ks_157                      0.1909875870000000    1.000000000000000   0.0000000000000000
        ks_158                      0.6249173880000000    1.000000000000000   0.0000000000000000
        ks_159                      0.02677870000000000    1.000000000000000   0.0000000000000000
         ks_16                      500.0000000000000    1.000000000000000   0.0000000000000000
        ks_160                      1.030410886000000    1.000000000000000   0.0000000000000000
        ks_161                      280.2580261000000    1.000000000000000   0.0000000000000000
        ks_162                      0.1866638810000000    1.000000000000000   0.0000000000000000
        ks_163                      0.06879495800000000    1.000000000000000   0.0000000000000000
        ks_164                      0.05453025200000000    1.000000000000000   0.0000000000000000
        ks_165                      6.214911938000000    1.000000000000000   0.0000000000000000
        ks_166                      0.01565066700000000    1.000000000000000   0.0000000000000000
        ks_167                      0.03798441200000000    1.000000000000000   0.0000000000000000
        ks_168                      0.1254265160000000    1.000000000000000   0.0000000000000000
        ks_169                      0.0002634160000000000    1.000000000000000   0.0000000000000000
         ks_17                      1.669575930000000    1.000000000000000   0.0000000000000000
        ks_170                      0.002033872000000000    1.000000000000000   0.0000000000000000
        ks_171                      1.088940024000000    1.000000000000000   0.0000000000000000
        ks_172                      0.01919783700000000    1.000000000000000   0.0000000000000000
        ks_173                      0.008000699000000000    1.000000000000000   0.0000000000000000
        ks_174                      5.844928265000000    1.000000000000000   0.0000000000000000
        ks_175                      0.1251749990000000    1.000000000000000   0.0000000000000000
        ks_176                      0.004543426000000000    1.000000000000000   0.0000000000000000
        ks_177                      1.108647823000000    1.000000000000000   0.0000000000000000
        ks_178                      0.0002008200000000000    1.000000000000000   0.0000000000000000
        ks_179                      2.070686102000000    1.000000000000000   0.0000000000000000
         ks_18                      2.526912928000000    1.000000000000000   0.0000000000000000
        ks_180                      1.910000000000000e-05    1.000000000000000   0.0000000000000000
        ks_181                      0.3153202530000000    1.000000000000000   0.0000000000000000
        ks_182                      4.853006363000000    1.000000000000000   0.0000000000000000
        ks_183                      0.9627773760000000    1.000000000000000   0.0000000000000000
        ks_184                      0.0004034950000000000    1.000000000000000   0.0000000000000000
        ks_185                      9.560000000000001e-05    1.000000000000000   0.0000000000000000
        ks_186                      9.830000000000000e-05    1.000000000000000   0.0000000000000000
        ks_187                      0.0001093910000000000    1.000000000000000   0.0000000000000000
        ks_188                      0.0003936760000000000    1.000000000000000   0.0000000000000000
        ks_189                      0.0001123280000000000    1.000000000000000   0.0000000000000000
         ks_19                      44.72369766000000    1.000000000000000   0.0000000000000000
        ks_190                      1.000000000000000e-05    1.000000000000000   0.0000000000000000
        ks_191                      0.0001009480000000000    1.000000000000000   0.0000000000000000
        ks_192                      0.0001287070000000000    1.000000000000000   0.0000000000000000
        ks_193                      1.000000000000000e-05    1.000000000000000   0.0000000000000000
        ks_194                      1.010000000000000e-05    1.000000000000000   0.0000000000000000
        ks_195                      0.0007756510000000000    1.000000000000000   0.0000000000000000
        ks_196                      1.000000000000000e-05    1.000000000000000   0.0000000000000000
        ks_197                      0.0001310960000000000    1.000000000000000   0.0000000000000000
        ks_198                      0.0001685920000000000    1.000000000000000   0.0000000000000000
        ks_199                      1.120000000000000e-05    1.000000000000000   0.0000000000000000
          ks_2                      0.03110575300000000    1.000000000000000   0.0000000000000000
         ks_20                      0.3364435730000000    1.000000000000000   0.0000000000000000
        ks_200                      1.020000000000000e-05    1.000000000000000   0.0000000000000000
        ks_201                      1.110000000000000e-05    1.000000000000000   0.0000000000000000
        ks_202                      0.0001015440000000000    1.000000000000000   0.0000000000000000
        ks_203                      0.0001137730000000000    1.000000000000000   0.0000000000000000
        ks_204                      9.899999999999999e-05    1.000000000000000   0.0000000000000000
        ks_205                      0.0001040700000000000    1.000000000000000   0.0000000000000000
        ks_206                      1.000000000000000e-05    1.000000000000000   0.0000000000000000
        ks_207                      0.0001022600000000000    1.000000000000000   0.0000000000000000
        ks_208                      1.390000000000000e-05    1.000000000000000   0.0000000000000000
        ks_209                      0.0002946870000000000    1.000000000000000   0.0000000000000000
         ks_21                      0.6676262620000000    1.000000000000000   0.0000000000000000
        ks_210                      8.680000000000000e-05    1.000000000000000   0.0000000000000000
        ks_211                      8.820000000000000e-05    1.000000000000000   0.0000000000000000
        ks_212                      0.0001026120000000000    1.000000000000000   0.0000000000000000
        ks_213                      9.570000000000000e-05    1.000000000000000   0.0000000000000000
        ks_214                      9.920000000000000e-05    1.000000000000000   0.0000000000000000
        ks_215                      9.820000000000000e-05    1.000000000000000   0.0000000000000000
        ks_216                      0.0001003170000000000    1.000000000000000   0.0000000000000000
        ks_217                      9.640000000000000e-05    1.000000000000000   0.0000000000000000
        ks_218                      5.250000000000000e-05    1.000000000000000   0.0000000000000000
        ks_219                      0.0001038900000000000    1.000000000000000   0.0000000000000000
         ks_22                      0.4504817430000000    1.000000000000000   0.0000000000000000
        ks_220                      9.250000000000000e-05    1.000000000000000   0.0000000000000000
        ks_221                      0.0001336160000000000    1.000000000000000   0.0000000000000000
        ks_222                      0.0001088410000000000    1.000000000000000   0.0000000000000000
        ks_223                      0.0001164930000000000    1.000000000000000   0.0000000000000000
        ks_224                      9.990000000000000e-05    1.000000000000000   0.0000000000000000
        ks_225                      1.010000000000000e-05    1.000000000000000   0.0000000000000000
        ks_226                      0.0001059500000000000    1.000000000000000   0.0000000000000000
        ks_227                      8.690000000000000e-05    1.000000000000000   0.0000000000000000
        ks_228                      8.880000000000000e-05    1.000000000000000   0.0000000000000000
        ks_229                      0.0004267580000000000    1.000000000000000   0.0000000000000000
         ks_23                      249.7590640000000    1.000000000000000   0.0000000000000000
        ks_230                      1.010000000000000e-05    1.000000000000000   0.0000000000000000
        ks_231                      2.970000000000000e-05    1.000000000000000   0.0000000000000000
        ks_232                      0.0003552820000000000    1.000000000000000   0.0000000000000000
        ks_233                      6.090000000000000e-05    1.000000000000000   0.0000000000000000
         ks_24                      0.04939100100000000    1.000000000000000   0.0000000000000000
         ks_25                      0.08710967700000000    1.000000000000000   0.0000000000000000
         ks_26                      497.4838260000000    1.000000000000000   0.0000000000000000
         ks_27                      0.7646858690000000    1.000000000000000   0.0000000000000000
         ks_28                      0.3949325980000000    1.000000000000000   0.0000000000000000
         ks_29                      3.273313522000000    1.000000000000000   0.0000000000000000
          ks_3                      0.7163594370000000    1.000000000000000   0.0000000000000000
         ks_30                      1.000000000000000e-05    1.000000000000000   0.0000000000000000
         ks_31                      2.631767988000000    1.000000000000000   0.0000000000000000
         ks_32                      0.0001997940000000000    1.000000000000000   0.0000000000000000
         ks_33                      0.09852425800000000    1.000000000000000   0.0000000000000000
         ks_34                      52.21459961000000    1.000000000000000   0.0000000000000000
         ks_35                      0.0001963930000000000    1.000000000000000   0.0000000000000000
         ks_36                      0.0006031480000000000    1.000000000000000   0.0000000000000000
         ks_37                      0.0002255990000000000    1.000000000000000   0.0000000000000000
         ks_38                      0.2145101880000000    1.000000000000000   0.0000000000000000
         ks_39                      0.0001958350000000000    1.000000000000000   0.0000000000000000
          ks_4                      5.954771996000000    1.000000000000000   0.0000000000000000
         ks_40                      0.6492568850000000    1.000000000000000   0.0000000000000000
         ks_41                      1.142709970000000    1.000000000000000   0.0000000000000000
         ks_42                      2.255522013000000    1.000000000000000   0.0000000000000000
         ks_43                      0.2694463430000000    1.000000000000000   0.0000000000000000
         ks_44                      0.4916753170000000    1.000000000000000   0.0000000000000000
         ks_45                      0.01610709000000000    1.000000000000000   0.0000000000000000
         ks_46                      1.648896098000000    1.000000000000000   0.0000000000000000
         ks_47                      5.376899719000000    1.000000000000000   0.0000000000000000
         ks_48                      8.440024376000000    1.000000000000000   0.0000000000000000
         ks_49                      0.0002077410000000000    1.000000000000000   0.0000000000000000
          ks_5                      44.66622543000000    1.000000000000000   0.0000000000000000
         ks_50                      2.966058016000000    1.000000000000000   0.0000000000000000
         ks_51                      4.590000000000000e-05    1.000000000000000   0.0000000000000000
         ks_52                      0.03440827100000000    1.000000000000000   0.0000000000000000
         ks_53                      4.945618629000000    1.000000000000000   0.0000000000000000
         ks_54                      0.01773868100000000    1.000000000000000   0.0000000000000000
         ks_55                      20.90239906000000    1.000000000000000   0.0000000000000000
         ks_56                      72.83760071000000    1.000000000000000   0.0000000000000000
         ks_57                      5.937316418000000    1.000000000000000   0.0000000000000000
         ks_58                      0.3098247650000000    1.000000000000000   0.0000000000000000
         ks_59                      0.006246055000000000    1.000000000000000   0.0000000000000000
          ks_6                      228.8669100000000    1.000000000000000   0.0000000000000000
         ks_60                      5.045219898000000    1.000000000000000   0.0000000000000000
         ks_61                      0.02843735000000000    1.000000000000000   0.0000000000000000
         ks_62                      0.2776298820000000    1.000000000000000   0.0000000000000000
         ks_63                      10.57301903000000    1.000000000000000   0.0000000000000000
         ks_64                      0.0006178180000000000    1.000000000000000   0.0000000000000000
         ks_65                      0.001893347000000000    1.000000000000000   0.0000000000000000
         ks_66                      5.526679993000000    1.000000000000000   0.0000000000000000
         ks_67                      8.801315308000000    1.000000000000000   0.0000000000000000
         ks_68                      0.009235310000000000    1.000000000000000   0.0000000000000000
         ks_69                      0.7381676440000000    1.000000000000000   0.0000000000000000
          ks_7                      1.020000000000000e-05    1.000000000000000   0.0000000000000000
         ks_70                      3.770354748000000    1.000000000000000   0.0000000000000000
         ks_71                      1.010000000000000e-05    1.000000000000000   0.0000000000000000
         ks_72                      8.770000000000000e-05    1.000000000000000   0.0000000000000000
         ks_73                      0.0001127750000000000    1.000000000000000   0.0000000000000000
         ks_74                      9.330000000000000e-05    1.000000000000000   0.0000000000000000
         ks_75                      1.420000000000000e-05    1.000000000000000   0.0000000000000000
         ks_76                      0.0001921140000000000    1.000000000000000   0.0000000000000000
         ks_77                      0.0001022770000000000    1.000000000000000   0.0000000000000000
         ks_78                      1.620000000000000e-05    1.000000000000000   0.0000000000000000
         ks_79                      1.000000000000000e-05    1.000000000000000   0.0000000000000000
          ks_8                      1.000000000000000e-05    1.000000000000000   0.0000000000000000
         ks_80                      261.4367980000000    1.000000000000000   0.0000000000000000
         ks_81                      9.040000000000000e-05    1.000000000000000   0.0000000000000000
         ks_82                      23.17262077000000    1.000000000000000   0.0000000000000000
         ks_83                      6.573204994000000    1.000000000000000   0.0000000000000000
         ks_84                      9.050000000000000e-05    1.000000000000000   0.0000000000000000
         ks_85                      1.290000000000000e-05    1.000000000000000   0.0000000000000000
         ks_86                      0.0001322770000000000    1.000000000000000   0.0000000000000000
         ks_87                      496.2815860000000    1.000000000000000   0.0000000000000000
         ks_88                      16.47434998000000    1.000000000000000   0.0000000000000000
         ks_89                      8.020000000000000e-05    1.000000000000000   0.0000000000000000
          ks_9                      8.257427216000000    1.000000000000000   0.0000000000000000
         ks_90                      4.484005451000000    1.000000000000000   0.0000000000000000
         ks_91                      14.46301842000000    1.000000000000000   0.0000000000000000
         ks_92                      0.0001139840000000000    1.000000000000000   0.0000000000000000
         ks_93                      0.04148988100000000    1.000000000000000   0.0000000000000000
         ks_94                      3.200000000000000e-05    1.000000000000000   0.0000000000000000
         ks_95                      0.0001000120000000000    1.000000000000000   0.0000000000000000
         ks_96                      0.0001729410000000000    1.000000000000000   0.0000000000000000
         ks_97                      5.520000000000000e-05    1.000000000000000   0.0000000000000000
         ks_98                      0.0001145900000000000    1.000000000000000   0.0000000000000000
         ks_99                      0.0001065570000000000    1.000000000000000   0.0000000000000000
    lak_cond_1                      1.000000000000000    1.000000000000000   0.0000000000000000
   lak_cond_12                      1.000000000000000    1.000000000000000   0.0000000000000000
    lak_cond_2                      1.000000000000000    1.000000000000000   0.0000000000000000
         pet_1                      9.500000000000001e-05    1.000000000000000   0.0000000000000000
 pond_recharge                      1118.869400000000    1.000000000000000   0.0000000000000000
       sfr_k_1                      0.1000000090000000    1.000000000000000   0.0000000000000000
      sfr_k_10                      0.1000000160000000    1.000000000000000   0.0000000000000000
      sfr_k_11                      0.1000000090000000    1.000000000000000   0.0000000000000000
      sfr_k_12                      0.1000000090000000    1.000000000000000   0.0000000000000000
      sfr_k_13                      0.1000000010000000    1.000000000000000   0.0000000000000000
      sfr_k_14                      0.09887641699999999    1.000000000000000   0.0000000000000000
      sfr_k_15                      0.09999998700000000    1.000000000000000   0.0000000000000000
      sfr_k_16                      0.1000000090000000    1.000000000000000   0.0000000000000000
      sfr_k_17                      0.09864866000000000    1.000000000000000   0.0000000000000000
      sfr_k_18                      0.1000000090000000    1.000000000000000   0.0000000000000000
      sfr_k_19                      0.09999999399999999    1.000000000000000   0.0000000000000000
       sfr_k_2                      0.1000000090000000    1.000000000000000   0.0000000000000000
      sfr_k_20                      0.1000000240000000    1.000000000000000   0.0000000000000000
      sfr_k_21                      0.1000000160000000    1.000000000000000   0.0000000000000000
      sfr_k_22                      0.09966444200000001    1.000000000000000   0.0000000000000000
       sfr_k_3                      0.09200000799999999    1.000000000000000   0.0000000000000000
       sfr_k_4                      0.1000000240000000    1.000000000000000   0.0000000000000000
       sfr_k_5                      0.1000000090000000    1.000000000000000   0.0000000000000000
       sfr_k_6                      0.1000000240000000    1.000000000000000   0.0000000000000000
       sfr_k_7                      0.09999998700000000    1.000000000000000   0.0000000000000000
       sfr_k_8                      0.1000000240000000    1.000000000000000   0.0000000000000000
       sfr_k_9                      0.1000000160000000    1.000000000000000   0.0000000000000000
     spill_447                      185.0599976000000    1.000000000000000   0.0000000000000000
     spill_449                      146.6000061000000    1.000000000000000   0.0000000000000000
     spill_688                      8.229600000000000    1.000000000000000   0.0000000000000000
     surfk_1_1                      0.0002511890000000000    1.000000000000000   0.0000000000000000
    surfk_1_10                      0.0002511890000000000    1.000000000000000   0.0000000000000000
    surfk_1_11                      0.0002511890000000000    1.000000000000000   0.0000000000000000
    surfk_1_12                      0.0002511890000000000    1.000000000000000   0.0000000000000000
    surfk_1_13                      0.0002511890000000000    1.000000000000000   0.0000000000000000
    surfk_1_14                      0.0002511890000000000    1.000000000000000   0.0000000000000000
    surfk_1_15                      0.0002511890000000000    1.000000000000000   0.0000000000000000
    surfk_1_16                      0.0002511890000000000    1.000000000000000   0.0000000000000000
    surfk_1_17                      0.0002511890000000000    1.000000000000000   0.0000000000000000
    surfk_1_18                      0.0002511890000000000    1.000000000000000   0.0000000000000000
    surfk_1_19                      0.0002511890000000000    1.000000000000000   0.0000000000000000
     surfk_1_2                      0.0002511890000000000    1.000000000000000   0.0000000000000000
    surfk_1_21                      0.0002511890000000000    1.000000000000000   0.0000000000000000
     surfk_1_3                      0.0002511890000000000    1.000000000000000   0.0000000000000000
     surfk_1_4                      0.0003981070000000000    1.000000000000000   0.0000000000000000
     surfk_1_5                      0.0003981070000000000    1.000000000000000   0.0000000000000000
     surfk_1_6                      0.0002511890000000000    1.000000000000000   0.0000000000000000
     surfk_1_8                      0.0002511890000000000    1.000000000000000   0.0000000000000000
     surfk_1_9                      0.0002511890000000000    1.000000000000000   0.0000000000000000
     surfk_2_1                      0.0002511890000000000    1.000000000000000   0.0000000000000000
    surfk_2_10                      0.0002511890000000000    1.000000000000000   0.0000000000000000
    surfk_2_11                      0.0002511890000000000    1.000000000000000   0.0000000000000000
    surfk_2_12                      0.0002511890000000000    1.000000000000000   0.0000000000000000
    surfk_2_14                      0.0001584890000000000    1.000000000000000   0.0000000000000000
    surfk_2_15                      0.0001584890000000000    1.000000000000000   0.0000000000000000
    surfk_2_16                      0.0001584890000000000    1.000000000000000   0.0000000000000000
    surfk_2_17                      0.0001584890000000000    1.000000000000000   0.0000000000000000
    surfk_2_18                      0.0001584890000000000    1.000000000000000   0.0000000000000000
    surfk_2_19                      0.0001584890000000000    1.000000000000000   0.0000000000000000
     surfk_2_2                      0.0001000000000000000    1.000000000000000   0.0000000000000000
    surfk_2_20                      0.0006309570000000000    1.000000000000000   0.0000000000000000
    surfk_2_21                      0.0001584890000000000    1.000000000000000   0.0000000000000000
    surfk_2_22                      0.0001584890000000000    1.000000000000000   0.0000000000000000
     surfk_2_3                      0.0001000000000000000    1.000000000000000   0.0000000000000000
     surfk_2_4                      0.0002511890000000000    1.000000000000000   0.0000000000000000
     surfk_2_5                      0.0002511890000000000    1.000000000000000   0.0000000000000000
     surfk_2_6                      0.0001584890000000000    1.000000000000000   0.0000000000000000
     surfk_2_7                      0.0002511890000000000    1.000000000000000   0.0000000000000000
     surfk_2_8                      0.0002511890000000000    1.000000000000000   0.0000000000000000
     surfk_2_9                      0.0002511890000000000    1.000000000000000   0.0000000000000000
     surfk_3_1                      3.020000000000000e-08    1.000000000000000   0.0000000000000000
    surfk_3_10                      3.090000000000000e-08    1.000000000000000   0.0000000000000000
    surfk_3_11                      3.090000000000000e-08    1.000000000000000   0.0000000000000000
    surfk_3_12                      3.090000000000000e-08    1.000000000000000   0.0000000000000000
    surfk_3_13                      3.090000000000000e-08    1.000000000000000   0.0000000000000000
    surfk_3_14                      3.090000000000000e-08    1.000000000000000   0.0000000000000000
    surfk_3_15                      3.090000000000000e-08    1.000000000000000   0.0000000000000000
    surfk_3_16                      1.000000000000000e-07    1.000000000000000   0.0000000000000000
    surfk_3_17                      3.090000000000000e-08    1.000000000000000   0.0000000000000000
    surfk_3_18                      3.090000000000000e-08    1.000000000000000   0.0000000000000000
    surfk_3_19                      3.090000000000000e-08    1.000000000000000   0.0000000000000000
     surfk_3_2                      3.090000000000000e-08    1.000000000000000   0.0000000000000000
    surfk_3_20                      1.150000000000000e-07    1.000000000000000   0.0000000000000000
    surfk_3_21                      3.090000000000000e-08    1.000000000000000   0.0000000000000000
    surfk_3_22                      3.090000000000000e-08    1.000000000000000   0.0000000000000000
     surfk_3_3                      3.090000000000000e-08    1.000000000000000   0.0000000000000000
     surfk_3_4                      3.090000000000000e-08    1.000000000000000   0.0000000000000000
     surfk_3_5                      3.090000000000000e-08    1.000000000000000   0.0000000000000000
     surfk_3_6                      1.000000000000000e-07    1.000000000000000   0.0000000000000000
     surfk_3_7                      3.090000000000000e-08    1.000000000000000   0.0000000000000000
     surfk_3_8                      3.090000000000000e-08    1.000000000000000   0.0000000000000000
     surfk_3_9                      3.090000000000000e-08    1.000000000000000   0.0000000000000000
   vka_ratio_1                      0.1000000000000000    1.000000000000000   0.0000000000000000
   vka_ratio_2                      0.1000000000000000    1.000000000000000   0.0000000000000000
   vka_ratio_3                      0.1000000000000000    1.000000000000000   0.0000000000000000
       vks_1_1                      0.0002511890000000000    1.000000000000000   0.0000000000000000
      vks_1_10                      0.0002511890000000000    1.000000000000000   0.0000000000000000
      vks_1_11                      0.0002511890000000000    1.000000000000000   0.0000000000000000
      vks_1_12                      0.0002511890000000000    1.000000000000000   0.0000000000000000
      vks_1_13                      0.0002511890000000000    1.000000000000000   0.0000000000000000
      vks_1_14                      0.0002511890000000000    1.000000000000000   0.0000000000000000
      vks_1_15                      0.0002511890000000000    1.000000000000000   0.0000000000000000
      vks_1_16                      0.0002511890000000000    1.000000000000000   0.0000000000000000
      vks_1_17                      0.0002511890000000000    1.000000000000000   0.0000000000000000
      vks_1_18                      0.0002511890000000000    1.000000000000000   0.0000000000000000
      vks_1_19                      0.0002511890000000000    1.000000000000000   0.0000000000000000
       vks_1_2                      0.0002511890000000000    1.000000000000000   0.0000000000000000
      vks_1_21                      0.0002511890000000000    1.000000000000000   0.0000000000000000
       vks_1_3                      0.0002511890000000000    1.000000000000000   0.0000000000000000
       vks_1_4                      0.0003981070000000000    1.000000000000000   0.0000000000000000
       vks_1_5                      0.0003981070000000000    1.000000000000000   0.0000000000000000
       vks_1_6                      0.0002511890000000000    1.000000000000000   0.0000000000000000
       vks_1_8                      0.0002511890000000000    1.000000000000000   0.0000000000000000
       vks_1_9                      0.0002511890000000000    1.000000000000000   0.0000000000000000
       vks_2_1                      0.0002511890000000000    1.000000000000000   0.0000000000000000
      vks_2_10                      0.0002511890000000000    1.000000000000000   0.0000000000000000
      vks_2_11                      0.0002511890000000000    1.000000000000000   0.0000000000000000
      vks_2_12                      0.0002511890000000000    1.000000000000000   0.0000000000000000
      vks_2_14                      0.0001584890000000000    1.000000000000000   0.0000000000000000
      vks_2_15                      0.0001584890000000000    1.000000000000000   0.0000000000000000
      vks_2_16                      0.0001584890000000000    1.000000000000000   0.0000000000000000
      vks_2_17                      0.0001584890000000000    1.000000000000000   0.0000000000000000
      vks_2_18                      0.0001584890000000000    1.000000000000000   0.0000000000000000
      vks_2_19                      0.0001584890000000000    1.000000000000000   0.0000000000000000
       vks_2_2                      0.0001000000000000000    1.000000000000000   0.0000000000000000
      vks_2_20                      0.0006309570000000000    1.000000000000000   0.0000000000000000
      vks_2_21                      0.0001584890000000000    1.000000000000000   0.0000000000000000
      vks_2_22                      0.0001584890000000000    1.000000000000000   0.0000000000000000
       vks_2_3                      0.0001000000000000000    1.000000000000000   0.0000000000000000
       vks_2_4                      0.0002511890000000000    1.000000000000000   0.0000000000000000
       vks_2_5                      0.0002511890000000000    1.000000000000000   0.0000000000000000
       vks_2_6                      0.0001584890000000000    1.000000000000000   0.0000000000000000
       vks_2_7                      0.0002511890000000000    1.000000000000000   0.0000000000000000
       vks_2_8                      0.0002511890000000000    1.000000000000000   0.0000000000000000
       vks_2_9                      0.0002511890000000000    1.000000000000000   0.0000000000000000
       vks_3_1                      3.020000000000000e-08    1.000000000000000   0.0000000000000000
      vks_3_10                      3.090000000000000e-08    1.000000000000000   0.0000000000000000
      vks_3_11                      3.090000000000000e-08    1.000000000000000   0.0000000000000000
      vks_3_12                      3.090000000000000e-08    1.000000000000000   0.0000000000000000
      vks_3_13                      3.090000000000000e-08    1.000000000000000   0.0000000000000000
      vks_3_14                      3.090000000000000e-08    1.000000000000000   0.0000000000000000
      vks_3_15                      3.090000000000000e-08    1.000000000000000   0.0000000000000000
      vks_3_16                      1.000000000000000e-07    1.000000000000000   0.0000000000000000
      vks_3_17                      3.090000000000000e-08    1.000000000000000   0.0000000000000000
      vks_3_18                      3.090000000000000e-08    1.000000000000000   0.0000000000000000
      vks_3_19                      3.090000000000000e-08    1.000000000000000   0.0000000000000000
       vks_3_2                      3.090000000000000e-08    1.000000000000000   0.0000000000000000
      vks_3_20                      1.150000000000000e-07    1.000000000000000   0.0000000000000000
      vks_3_21                      3.090000000000000e-08    1.000000000000000   0.0000000000000000
      vks_3_22                      3.090000000000000e-08    1.000000000000000   0.0000000000000000
       vks_3_3                      3.090000000000000e-08    1.000000000000000   0.0000000000000000
       vks_3_4                      3.090000000000000e-08    1.000000000000000   0.0000000000000000
       vks_3_5                      3.090000000000000e-08    1.000000000000000   0.0000000000000000
       vks_3_6                      1.000000000000000e-07    1.000000000000000   0.0000000000000000
       vks_3_7                      3.090000000000000e-08    1.000000000000000   0.0000000000000000
       vks_3_8                      3.090000000000000e-08    1.000000000000000   0.0000000000000000
       vks_3_9                      3.090000000000000e-08    1.000000000000000   0.0000000000000000
