0	0	0	0	0	0	0	0	0	0	0	0	0	0	0	0	0	0	0	0	0	0	0	0	0	311	311	311	311	311	311	0	0	0	0	0	0	0	0	0	0	0	0	0	0	0	0	0	0	0	0	0	0	0	0	0	0	0	0	0	0	0	0	0	0	0	0	0	0	0	0	0	0	0	0	0	0	0	0	0	0	0	0	0	0	0	0	0	0	0	0	0	0	0	0	0	0	0	0	0	0	0	0	0	0	0	0	0	0	0	0	0	0	0	0	0	0	0	0	0	0	0	0	0	0	0	0	0	0	0	0	0	0	0	0	0	0	0	0	0	0	0	0	0	0	0	0	0	0	0	0	0	0	0	0	0	0
0	0	0	0	0	0	0	0	0	0	0	0	0	0	0	0	0	0	0	0	0	0	0	0	311	311	311	311	311	311	312	312	312	312	314	314	0	0	0	0	0	0	0	0	0	0	0	0	0	0	0	0	0	0	0	0	0	0	0	0	0	0	0	0	0	0	0	0	0	0	0	0	0	0	0	0	0	0	0	0	0	0	0	0	0	0	0	0	0	0	0	0	0	0	0	0	0	0	0	0	0	0	0	0	0	0	0	0	0	0	0	0	0	0	0	0	0	0	0	0	0	0	0	0	0	0	0	0	0	0	0	0	0	0	0	0	0	0	0	0	0	0	0	0	0	0	0	0	0	0	0	0	0	0	0	0	0
0	0	0	0	0	0	0	0	0	0	0	0	0	0	0	0	0	0	0	0	0	0	0	0	311	311	311	311	311	312	312	312	312	314	314	314	314	0	0	0	0	0	0	0	0	0	0	0	0	0	0	0	0	0	0	0	0	0	0	0	0	0	0	0	0	0	0	0	0	0	0	0	0	0	0	0	0	0	0	0	0	0	0	0	0	0	0	0	0	0	0	0	0	0	0	0	0	0	0	0	0	0	0	0	0	0	0	0	0	0	0	0	0	0	0	0	0	0	0	0	0	0	0	0	0	0	0	0	0	0	0	0	0	0	0	0	0	0	0	0	0	0	0	0	0	0	0	0	0	0	0	0	0	0	0	0	0
0	0	0	0	0	0	0	0	0	0	0	0	0	0	0	0	0	0	0	0	0	0	0	311	311	311	311	311	312	312	312	312	312	314	314	314	314	0	0	0	0	279	279	0	0	0	0	0	0	0	0	0	0	0	0	0	0	0	0	0	0	0	0	0	0	0	0	0	0	0	0	0	0	0	0	0	0	0	0	0	0	0	0	0	0	0	0	0	0	0	0	0	0	0	0	0	0	0	0	0	0	0	0	0	0	0	0	0	0	0	0	0	0	0	0	0	0	0	0	0	0	0	0	0	0	0	0	0	0	0	0	0	0	0	0	0	0	0	0	0	0	0	0	0	0	0	0	0	0	0	0	0	0	0	0	0	0
0	0	0	0	0	0	0	0	0	0	0	0	0	0	0	0	0	0	0	0	0	0	0	311	311	311	312	312	312	312	312	312	312	314	314	314	315	315	315	315	279	279	279	279	0	0	0	0	0	0	0	0	0	0	0	0	0	0	0	0	0	0	0	0	0	0	0	0	0	0	0	0	0	0	0	0	0	0	0	0	0	0	0	0	0	0	0	0	0	0	0	0	0	0	0	0	0	0	0	0	0	0	0	0	0	0	0	0	0	0	0	0	0	0	0	0	0	0	0	0	0	0	0	0	0	0	0	0	0	0	0	0	0	0	0	0	0	0	0	0	0	0	0	0	0	0	0	0	0	0	0	0	0	0	0	0	0
0	0	0	0	0	0	0	0	0	0	0	0	0	0	0	0	0	0	0	0	0	0	313	311	311	312	312	312	312	312	312	312	318	314	314	314	315	315	315	315	279	279	279	279	279	279	279	0	0	0	0	0	0	0	0	0	0	0	0	0	0	0	0	0	0	0	0	0	0	0	0	0	0	0	0	0	0	0	0	0	0	0	0	0	0	0	0	0	0	0	0	0	0	0	0	0	0	0	0	0	0	0	0	0	0	0	0	0	0	0	0	0	0	0	0	0	0	0	0	0	0	0	0	0	0	0	0	0	0	0	0	0	0	0	0	0	0	0	0	0	0	0	0	0	0	0	0	0	0	0	0	0	0	0	0	0	0
0	0	0	0	0	0	0	0	0	0	0	0	0	0	0	0	0	0	0	0	313	313	313	312	312	312	312	312	312	312	312	312	318	314	314	314	315	315	315	315	315	279	279	279	279	279	279	0	0	0	0	0	0	0	0	0	0	0	0	0	0	0	0	0	0	0	0	0	0	0	0	0	0	0	0	0	0	0	0	0	0	0	0	0	0	0	0	0	0	0	0	0	0	0	0	0	0	0	0	0	0	0	0	0	0	0	0	0	0	0	0	0	0	0	0	0	0	0	0	0	0	0	0	0	0	0	0	0	0	0	0	0	0	0	0	0	0	0	0	0	0	0	0	0	0	0	0	0	0	0	0	0	0	0	0	0	0
0	0	0	0	0	0	0	0	0	0	0	0	0	0	0	0	0	0	0	0	313	313	313	313	312	312	312	312	312	312	312	318	318	314	314	314	315	315	315	315	315	279	279	279	279	279	279	0	0	0	0	0	0	0	0	0	0	0	0	0	0	0	0	0	0	0	0	0	0	0	0	0	0	0	0	0	0	0	0	0	0	0	0	0	0	0	0	0	0	0	0	0	0	0	0	0	0	0	0	0	0	0	0	0	0	0	0	0	0	0	0	0	0	0	0	0	0	0	0	0	0	0	0	0	0	0	0	0	0	0	0	0	0	0	0	0	0	0	0	0	0	0	0	0	0	0	0	0	0	0	0	0	0	0	0	0	0
0	0	0	0	0	0	0	0	0	0	0	0	0	0	0	0	0	0	0	0	313	313	313	319	319	319	319	312	312	312	312	318	318	314	314	315	315	315	315	315	315	279	279	279	279	279	280	280	0	0	0	0	0	0	0	0	0	0	0	0	0	0	0	0	0	0	0	0	0	0	0	0	0	0	0	0	0	0	0	0	0	0	0	0	0	0	0	0	0	0	0	0	0	0	0	0	0	0	0	0	0	0	0	0	0	0	0	0	0	0	0	0	0	0	0	0	0	0	0	0	0	0	0	0	0	0	0	0	0	0	0	0	0	0	0	0	0	0	0	0	0	0	0	0	0	0	0	0	0	0	0	0	0	0	0	0	0
0	0	0	0	0	0	0	0	0	0	0	0	0	0	0	0	0	0	0	0	319	319	319	319	319	319	319	319	319	319	318	318	318	314	314	315	315	315	315	315	287	279	279	279	279	279	280	280	0	0	0	0	0	0	0	0	0	0	0	0	0	0	0	0	0	0	0	0	0	0	0	0	0	0	0	0	0	0	0	0	0	0	0	0	0	0	0	0	0	0	0	0	0	0	0	0	0	0	0	0	0	0	0	0	0	0	0	0	0	0	0	0	0	0	0	0	0	0	0	0	0	0	0	0	0	0	0	0	0	0	0	0	0	0	0	0	0	0	0	0	0	0	0	0	0	0	0	0	0	0	0	0	0	0	0	0	0
0	0	0	0	0	0	0	0	0	0	0	0	0	0	0	0	0	0	0	0	319	319	319	319	319	319	319	319	318	318	318	318	316	316	316	316	315	315	287	287	287	279	279	279	279	279	280	280	0	0	0	0	0	0	0	0	0	0	0	0	0	0	0	0	0	0	0	0	0	0	0	0	0	0	0	0	0	0	0	0	0	0	0	0	0	0	0	0	0	0	0	0	0	0	0	0	0	0	0	0	0	0	0	0	0	0	0	0	0	0	0	0	0	0	0	0	0	0	0	0	0	0	0	0	0	0	0	0	0	0	0	0	0	0	0	0	0	0	0	0	0	0	0	0	0	0	0	0	0	0	0	0	0	0	0	0	0
0	0	0	0	0	0	0	0	0	0	0	0	0	0	0	0	0	0	0	0	319	319	319	319	318	318	318	318	318	318	318	318	316	316	316	316	316	316	287	287	287	287	279	280	280	280	280	280	280	276	276	276	0	0	0	0	0	0	0	0	0	0	0	0	0	0	0	0	0	0	0	0	0	0	0	0	0	0	0	0	0	0	0	0	0	0	0	0	0	0	0	0	0	0	0	0	0	0	0	0	0	0	0	0	0	0	0	0	0	0	0	0	0	0	0	0	0	0	0	0	0	0	0	0	0	0	0	0	0	0	0	0	0	0	0	0	0	0	0	0	0	0	0	0	0	0	0	0	0	0	0	0	0	0	0	0	0
0	0	0	0	0	0	0	0	0	0	0	0	0	0	0	0	0	0	0	0	319	319	319	318	318	318	318	318	318	318	318	318	316	316	316	316	316	287	287	287	287	287	281	280	280	280	280	280	280	276	276	276	0	0	0	0	0	0	0	0	0	0	0	0	0	0	0	0	0	0	0	0	0	0	0	0	0	39	39	39	39	39	35	0	0	0	0	0	0	0	0	0	0	0	0	0	0	0	0	0	0	0	0	0	0	0	0	0	0	0	0	0	0	0	0	0	0	0	0	0	0	0	0	0	0	0	0	0	0	0	0	0	0	0	0	0	0	0	0	0	0	0	0	0	0	0	0	0	0	0	0	0	0	0	0	0	0
0	0	0	0	0	0	0	0	0	0	0	0	0	0	0	0	0	0	0	0	319	318	318	318	318	318	318	318	318	318	318	318	316	316	316	316	316	287	287	287	287	281	281	281	280	280	280	280	280	276	276	276	276	0	0	0	0	0	0	0	0	0	0	0	0	0	0	0	0	0	0	0	0	0	39	39	39	39	39	39	39	39	35	35	0	0	0	0	0	0	0	0	0	0	0	0	0	0	0	0	0	0	0	0	0	0	0	0	0	0	0	0	0	0	0	0	0	0	0	0	0	0	0	0	0	0	0	0	0	0	0	0	0	0	0	0	0	0	0	0	0	0	0	0	0	0	0	0	0	0	0	0	0	0	0	0	0
0	0	0	0	0	0	0	0	0	0	0	0	0	0	0	0	0	0	0	0	318	318	318	318	318	318	318	318	318	318	318	316	316	316	316	316	316	287	287	287	281	281	281	281	280	280	280	280	280	280	276	276	276	276	0	0	0	0	0	0	0	0	0	0	0	0	0	0	0	0	0	0	0	0	39	39	39	39	39	39	39	39	35	35	35	0	0	0	0	0	0	0	0	0	0	0	0	0	0	0	0	0	0	0	0	0	0	0	0	0	0	0	0	0	0	0	0	0	0	0	0	0	0	0	0	0	0	0	0	0	0	0	0	0	0	0	0	0	0	0	0	0	0	0	0	0	0	0	0	0	0	0	0	0	0	0	0
0	0	0	0	0	0	0	0	0	0	0	0	0	0	0	0	0	0	0	0	318	318	318	318	318	318	317	317	317	317	317	316	316	316	316	316	287	287	287	281	281	281	281	281	280	280	278	278	278	276	276	276	276	276	276	0	0	0	0	0	0	0	0	0	0	0	0	0	0	0	0	0	0	39	39	39	39	39	39	39	39	41	35	35	35	35	0	0	0	0	0	0	0	0	0	0	0	0	0	0	0	0	0	0	0	0	0	0	0	0	0	0	0	0	0	0	0	0	0	0	0	0	0	0	0	0	0	0	0	0	0	0	0	0	0	0	0	0	0	0	0	0	0	0	0	0	0	0	0	0	0	0	0	0	0	0	0
0	0	0	0	0	0	0	0	0	0	0	0	0	0	0	0	0	0	0	0	318	318	318	318	318	317	317	317	317	317	317	316	316	316	316	316	287	287	287	281	281	281	281	281	278	278	278	278	278	276	276	276	276	276	277	277	0	0	0	0	0	0	0	0	0	0	0	0	0	0	0	0	39	39	39	39	39	39	39	39	41	41	35	35	35	35	35	35	0	0	0	0	0	0	0	0	0	0	0	0	0	0	0	0	0	0	0	0	0	0	0	0	0	0	0	0	0	0	0	0	0	0	0	0	0	0	0	0	0	0	0	0	0	0	0	0	0	0	0	0	0	0	0	0	0	0	0	0	0	0	0	0	0	0	0	0	0
0	0	0	0	0	0	0	0	0	0	0	0	0	0	0	0	0	0	0	0	317	317	317	317	317	317	317	317	317	317	317	317	316	316	316	287	287	287	287	281	281	281	281	278	278	278	278	278	278	276	276	276	277	277	277	277	277	277	0	0	0	0	0	0	0	0	0	0	0	0	40	40	39	39	39	39	39	41	41	41	41	41	35	35	35	35	35	35	0	0	0	0	0	0	0	0	0	0	0	0	0	0	0	0	0	0	0	0	0	0	0	0	0	0	0	0	0	0	0	0	0	0	0	0	0	0	0	0	0	0	0	0	0	0	0	0	0	0	0	0	0	0	0	0	0	0	0	0	0	0	0	0	0	0	0	0	0
0	0	0	0	0	0	0	0	0	0	0	0	0	0	0	0	0	0	0	0	0	317	317	317	317	317	317	317	317	317	317	317	316	316	287	287	287	287	281	281	281	281	281	281	278	278	278	278	278	276	276	276	277	277	277	277	277	277	0	0	0	0	0	0	0	0	0	0	40	40	40	40	40	39	39	39	41	41	41	41	41	41	35	35	35	35	35	34	0	0	0	0	0	0	0	0	0	0	0	0	0	0	0	0	0	0	0	0	0	0	0	0	0	0	0	0	0	0	0	0	0	0	0	0	0	0	0	0	0	0	0	0	0	0	0	0	0	0	0	0	0	0	0	0	0	0	0	0	0	0	0	0	0	0	0	0	0
0	0	0	0	0	0	0	0	0	0	0	0	0	0	0	0	0	0	0	0	0	317	317	317	317	317	317	317	317	317	317	317	317	288	287	287	287	288	281	281	281	281	281	281	281	278	278	278	278	278	277	277	277	277	277	277	277	277	277	0	0	0	0	0	0	0	40	40	40	40	40	40	40	40	40	41	41	41	41	41	41	41	35	35	35	35	35	34	34	0	0	0	0	0	0	0	0	0	0	0	0	0	0	0	0	0	0	0	0	0	0	0	0	0	0	29	29	0	0	0	0	0	0	0	0	0	0	0	0	0	0	0	0	0	0	0	0	0	0	0	0	0	0	0	0	0	0	0	0	0	0	0	0	0	0	0	0
0	0	0	0	0	0	0	0	0	0	0	0	0	0	0	0	0	0	0	0	0	317	317	317	317	317	317	317	317	317	317	288	288	288	288	288	288	288	281	281	281	281	281	281	281	283	278	278	278	278	277	277	277	277	277	277	277	277	277	277	0	269	269	269	269	269	40	40	40	40	40	40	40	40	41	41	41	41	41	41	41	41	35	35	35	35	35	34	34	34	0	0	0	0	0	0	0	0	0	0	0	0	0	0	0	0	0	0	0	0	0	0	0	0	0	29	29	29	0	0	0	0	0	0	0	0	0	0	0	0	0	0	0	0	0	0	0	0	0	0	0	0	0	0	0	0	0	0	0	0	0	0	0	0	0	0	0
0	0	0	0	0	0	0	0	0	0	0	0	0	0	0	0	0	0	0	0	0	317	317	317	317	317	317	317	317	288	288	288	288	288	288	288	288	288	282	282	282	282	283	283	283	283	283	278	278	278	278	277	277	269	269	269	269	269	269	269	269	269	269	269	269	269	40	40	40	40	40	40	40	40	41	41	41	41	41	41	41	41	35	35	35	35	35	34	34	34	34	34	34	0	0	0	0	0	0	0	0	0	0	0	0	0	0	0	0	0	0	0	0	0	29	29	29	29	0	0	0	0	0	0	0	0	0	0	0	0	0	0	0	0	0	0	0	0	0	0	0	0	0	0	0	0	0	0	0	0	0	0	0	0	0	0	0
0	0	0	0	0	0	0	0	0	0	0	0	0	0	0	0	0	0	0	0	0	320	320	320	290	290	288	288	288	288	288	288	288	288	288	288	288	282	282	282	282	283	283	283	283	283	283	278	278	278	269	269	269	269	269	269	269	269	269	269	269	269	269	269	269	269	40	40	40	40	40	40	40	41	41	41	41	41	37	37	37	37	35	35	35	35	35	34	34	34	34	34	34	0	0	0	0	0	0	0	0	0	0	0	0	0	0	0	0	0	0	0	0	30	29	29	29	29	0	0	0	0	0	0	0	0	0	0	0	0	0	0	0	0	0	0	0	0	0	0	0	0	0	0	0	0	0	0	0	0	0	0	0	0	0	0	0
0	0	0	0	0	0	0	0	0	0	0	0	0	0	0	0	0	0	0	0	0	320	320	320	290	290	290	288	288	288	288	288	288	288	288	288	288	282	282	282	283	283	283	283	283	283	283	283	278	269	269	269	269	269	269	269	269	269	269	269	269	269	269	266	266	266	40	40	40	40	40	40	40	41	41	41	41	37	37	37	37	37	35	35	35	35	35	35	34	34	34	33	33	33	33	0	0	0	0	0	0	0	0	0	0	0	0	0	0	0	0	0	30	30	29	29	29	29	0	0	0	0	0	0	0	0	0	0	0	0	0	0	0	0	0	0	0	0	0	0	0	0	0	0	0	0	0	0	0	0	0	0	0	0	0	0	0
0	0	0	0	0	0	0	0	0	0	0	0	0	0	0	0	0	0	0	0	0	320	320	290	290	290	290	290	288	288	288	288	288	288	288	288	282	282	282	283	283	283	283	283	283	283	283	284	284	270	270	270	269	269	269	269	269	269	269	269	269	266	266	266	266	266	266	40	40	40	40	40	41	41	41	41	38	37	37	37	37	37	37	35	35	35	35	35	33	33	33	33	33	33	33	33	33	33	0	0	32	32	0	0	0	0	0	0	0	0	0	30	30	30	30	29	29	29	29	0	0	0	0	0	0	0	0	0	0	0	0	0	0	0	0	0	0	0	0	0	0	0	0	0	0	0	0	0	0	0	0	0	0	0	0	0	0
0	0	0	0	0	0	0	0	0	0	0	0	0	0	0	0	0	0	0	0	0	320	320	290	290	290	290	290	288	288	288	288	288	288	288	288	282	282	282	283	283	283	283	283	283	284	284	284	284	270	270	270	270	270	270	270	270	270	270	266	266	266	266	266	266	266	266	40	40	40	40	40	40	41	41	41	38	37	37	37	37	37	35	35	35	35	35	35	35	33	33	33	33	33	33	33	33	33	32	32	32	32	32	32	0	0	30	30	30	30	30	30	30	30	30	30	29	29	29	29	29	29	29	29	29	29	0	0	0	0	0	0	0	0	0	0	0	0	0	0	0	0	0	0	0	0	0	0	0	0	0	0	0	0	0	0	0
0	0	0	0	0	0	0	0	0	0	0	0	0	0	0	0	0	0	0	0	0	320	320	290	290	290	290	290	288	288	288	288	288	288	288	282	282	282	283	283	283	283	283	284	284	284	284	284	285	285	270	270	270	270	270	270	270	266	266	266	266	266	266	266	266	266	266	40	40	40	40	40	42	41	41	41	38	37	37	37	37	37	35	35	35	35	35	35	35	33	33	33	33	33	33	33	33	32	32	32	32	32	32	32	32	32	30	30	30	30	30	30	30	30	30	30	29	29	29	29	29	29	29	29	29	29	29	0	0	0	0	0	0	0	0	0	0	0	0	0	0	0	0	0	0	0	0	0	0	0	0	0	0	0	0	0	0
0	0	0	0	0	0	0	0	0	0	0	0	0	0	0	0	0	0	0	0	0	320	320	290	290	290	290	290	288	288	288	288	288	288	288	282	282	282	283	283	283	283	284	284	284	284	284	284	285	285	270	270	270	270	270	270	266	266	266	266	266	266	266	266	266	266	266	266	40	40	40	40	42	42	42	38	38	37	37	37	37	35	35	35	35	35	35	35	35	33	33	33	33	33	33	33	33	32	32	32	32	32	32	32	32	30	30	30	30	30	30	30	30	30	30	30	29	29	29	29	29	29	29	29	28	28	28	28	28	28	0	0	0	0	0	0	0	0	0	0	0	0	0	0	0	0	0	0	0	0	0	0	0	0	0	0	0
0	0	0	0	0	0	0	0	0	0	0	0	0	0	0	0	0	0	0	0	0	320	321	290	290	290	290	290	288	288	288	288	288	288	288	282	282	282	283	283	283	284	284	284	284	284	284	285	285	285	285	270	270	270	270	266	266	266	266	266	266	266	267	267	267	266	266	266	40	40	40	42	42	42	42	38	38	37	37	37	36	36	35	35	35	35	35	35	21	21	33	33	33	33	33	33	33	33	32	32	32	32	32	32	32	30	30	30	30	30	30	30	30	30	30	30	30	29	29	29	29	29	29	29	28	28	28	28	28	28	28	28	0	0	0	0	0	0	0	0	0	0	0	0	0	0	0	0	0	0	0	0	0	0	0	0	0
0	0	0	0	0	0	0	0	0	0	0	0	0	0	0	0	0	0	0	0	0	321	321	321	290	290	290	290	288	288	288	288	288	288	282	282	282	282	283	283	284	284	284	284	284	284	285	285	285	285	271	270	270	270	270	268	266	266	266	266	267	267	267	267	267	267	267	266	40	40	42	42	42	42	42	38	38	38	37	36	36	36	36	35	35	35	21	21	21	21	21	21	21	33	33	33	33	32	32	32	32	32	32	32	32	31	31	30	30	30	30	30	30	30	30	30	30	29	29	29	29	29	29	29	28	28	28	28	28	28	28	28	28	0	0	0	0	0	0	0	0	0	0	0	0	0	0	0	0	0	0	0	0	0	0	0	0
0	0	0	0	0	0	0	0	0	0	0	0	0	0	0	0	0	0	0	0	321	321	321	290	290	290	290	290	288	288	288	288	288	282	282	282	282	282	285	284	284	284	284	284	285	285	285	285	285	285	271	271	270	270	268	268	268	267	267	267	267	267	267	267	267	267	267	267	40	40	42	42	42	42	43	43	38	38	38	36	36	36	36	25	25	25	21	21	21	21	21	21	21	21	33	33	33	32	32	32	32	32	31	31	31	31	31	31	30	31	30	30	30	30	30	30	29	29	29	29	29	29	29	28	28	28	28	28	28	28	28	28	28	28	0	0	0	0	0	0	0	0	0	0	0	0	0	0	0	0	0	0	0	0	0	0	0
0	0	0	0	0	0	0	0	0	0	0	0	0	0	0	0	0	0	0	0	321	321	321	290	290	290	290	290	290	289	289	289	289	282	282	282	282	285	285	285	284	284	285	285	285	285	285	285	285	271	271	271	271	268	268	268	268	267	267	267	267	267	267	267	272	272	272	272	272	40	42	42	42	43	43	43	43	38	38	36	36	36	25	25	25	25	24	24	21	21	21	21	21	21	21	32	32	32	32	32	32	32	31	31	31	31	31	31	31	31	31	15	15	15	15	15	29	29	29	29	29	29	29	28	28	28	28	28	26	28	28	28	28	28	28	28	0	0	0	0	0	0	0	0	0	0	0	0	0	0	0	0	0	0	0	0	0
0	0	0	0	0	0	0	0	0	0	0	0	0	0	0	0	0	0	0	0	321	321	321	291	290	290	290	290	289	289	289	289	282	282	282	282	282	285	285	285	285	285	285	285	285	285	285	285	285	271	271	271	271	268	268	268	268	267	267	267	267	267	267	272	272	272	272	272	272	272	42	42	42	43	43	43	43	38	36	36	36	36	25	25	25	25	24	24	21	21	21	21	21	21	21	32	32	32	32	32	32	31	31	31	31	31	31	31	31	31	15	15	15	15	15	15	15	15	15	29	29	29	29	28	28	28	27	26	26	26	26	28	28	28	28	28	0	0	0	0	0	0	0	0	0	0	0	0	0	0	0	0	0	0	0	0	0
0	0	0	0	0	0	0	0	0	0	0	0	0	0	0	0	0	0	0	0	321	321	321	291	291	291	290	290	289	289	289	289	282	282	282	282	285	285	285	285	285	285	285	285	285	285	285	285	271	271	271	271	271	271	271	271	268	267	272	272	272	267	272	272	272	272	272	272	272	272	42	42	43	43	43	43	43	43	36	36	36	36	25	25	25	24	24	24	24	21	21	21	21	21	21	32	32	32	32	32	32	32	18	31	31	31	31	17	17	17	15	15	15	15	15	15	15	15	15	15	15	29	29	28	27	27	27	27	26	26	26	26	26	28	28	28	28	0	0	0	0	0	0	0	0	0	0	0	0	0	0	0	0	0	0	0	0
0	0	0	0	0	0	0	0	0	0	0	0	0	0	0	0	0	0	0	0	321	321	291	291	291	291	290	290	289	289	289	282	282	282	282	282	285	285	285	285	285	285	285	285	285	285	285	285	271	271	271	271	271	271	271	271	271	272	272	272	272	272	272	272	272	272	272	272	272	272	43	43	43	43	43	43	43	43	36	36	36	36	25	25	25	24	24	24	24	24	21	21	21	21	21	21	21	20	32	32	32	18	18	18	18	17	17	17	17	17	17	15	15	15	15	15	15	15	15	15	15	15	15	27	27	27	27	27	26	26	26	26	26	26	28	28	28	0	0	0	0	0	0	0	0	0	0	0	0	0	0	0	0	0	0	0	0
0	0	0	0	0	0	0	0	0	0	0	0	0	0	0	0	0	0	0	0	321	321	291	291	291	291	291	290	292	289	289	286	286	282	282	285	285	285	285	285	285	285	285	275	275	271	271	271	271	271	271	271	271	271	271	271	271	271	272	272	272	272	272	272	272	272	272	272	272	44	44	43	43	43	43	43	43	43	36	36	36	36	25	25	25	24	24	24	24	24	21	21	21	21	21	21	20	20	20	20	20	18	18	18	18	17	17	17	17	17	17	16	16	15	15	15	15	15	15	15	15	15	15	27	27	27	27	27	26	26	26	26	26	26	1	1	1	1	0	0	0	0	0	0	0	0	0	0	0	0	0	0	0	0	0	0	0
0	0	0	0	0	0	0	0	0	0	0	0	0	0	0	0	0	0	0	0	321	321	291	291	291	291	291	291	292	292	289	286	286	286	286	286	286	285	285	285	285	275	275	275	271	271	271	271	271	271	271	271	271	271	271	271	271	271	272	272	272	272	272	272	272	272	272	272	44	44	44	43	43	43	43	43	43	45	45	45	36	36	25	25	25	24	24	24	24	24	24	24	21	21	21	20	20	20	20	20	20	18	18	18	18	17	17	17	17	17	17	16	16	16	16	15	15	15	15	15	15	15	15	27	27	27	27	27	4	26	26	26	1	1	1	1	1	1	1	0	0	0	0	0	0	0	0	0	0	0	0	0	0	0	0	0	0
0	0	0	0	0	0	0	0	0	0	0	0	0	0	0	0	0	0	0	0	321	291	291	291	292	292	291	292	292	292	286	286	286	286	286	286	286	275	275	275	275	275	275	271	271	271	271	271	271	271	271	271	271	271	271	271	271	272	272	272	272	272	272	272	272	272	272	272	44	44	44	43	43	43	43	45	45	45	45	45	45	45	45	25	24	24	24	24	24	24	24	24	22	21	21	20	20	20	20	20	20	20	18	18	18	17	17	17	17	17	17	16	16	16	16	16	15	15	15	15	15	5	5	27	27	27	27	4	4	1	1	1	1	1	1	1	1	1	1	0	0	0	0	0	0	0	0	0	0	0	0	0	0	0	0	0	0
0	0	0	0	0	0	0	0	0	0	0	0	0	0	0	0	0	0	0	0	321	291	291	291	292	292	292	292	292	292	286	286	286	286	286	286	286	275	275	275	275	275	271	271	271	271	271	271	271	271	271	271	271	271	271	271	274	274	272	272	272	273	273	273	273	273	44	44	44	44	44	43	43	43	43	45	45	45	45	45	45	45	46	46	46	24	24	24	24	24	24	22	22	22	20	20	20	20	20	20	20	20	18	18	18	17	17	17	19	19	19	19	16	16	16	16	16	16	16	5	5	5	5	5	4	4	4	4	4	1	1	1	1	1	1	1	1	1	1	1	0	0	0	0	0	0	0	0	0	0	0	0	0	0	0	0	0
0	0	0	0	0	0	0	0	0	0	0	0	0	0	0	0	0	0	0	322	322	293	293	293	292	292	292	292	292	293	286	286	286	286	275	275	275	275	275	275	275	271	271	271	271	271	271	271	271	271	271	271	271	271	274	274	274	274	274	273	273	273	273	273	273	273	44	44	44	44	43	43	43	43	44	44	45	45	45	45	45	46	46	46	46	46	24	24	24	24	24	23	22	22	22	22	20	20	20	20	20	20	18	18	17	17	17	19	19	19	19	19	16	16	16	16	16	16	16	5	5	5	5	5	4	4	4	4	4	3	3	1	1	1	1	1	1	1	1	1	0	0	0	0	0	0	0	0	0	0	0	0	0	0	0	0	0
0	0	0	0	0	0	0	0	0	0	0	0	0	0	0	0	0	0	0	322	322	293	293	293	293	293	293	292	292	293	293	286	275	275	275	275	275	275	275	275	275	271	271	271	271	271	271	271	271	271	274	274	274	274	274	274	274	274	274	274	273	273	273	273	273	273	44	44	44	44	44	43	43	43	44	44	45	45	45	45	46	46	46	46	46	48	48	24	24	24	23	23	22	22	22	22	20	20	20	20	20	20	18	18	17	17	19	19	19	19	19	19	13	13	13	5	5	5	5	5	5	5	5	5	5	4	4	4	4	3	3	1	1	1	1	1	1	1	1	1	0	0	0	0	0	0	0	0	0	0	0	0	0	0	0	0	0
0	0	0	0	0	0	0	0	0	0	0	0	0	0	0	0	0	0	0	322	322	293	293	293	293	293	293	293	293	293	293	275	275	275	275	275	275	275	275	275	275	271	271	274	274	274	274	274	274	274	274	274	274	274	274	274	274	274	274	274	274	273	273	273	273	273	44	44	44	44	44	44	44	44	44	44	45	45	45	45	46	46	46	46	48	48	48	24	24	23	23	23	23	22	22	22	22	20	20	20	20	20	18	18	17	19	19	19	19	19	13	13	13	13	13	5	5	5	5	5	5	5	5	5	5	4	4	4	3	3	3	1	1	1	1	1	1	1	1	1	1	0	0	0	0	0	0	0	0	0	0	0	0	0	0	0	0
0	0	0	0	0	0	0	0	0	0	0	0	0	0	0	0	0	0	0	322	322	297	293	293	293	293	293	293	293	293	293	275	275	275	275	275	275	275	275	275	275	274	274	274	274	274	274	274	274	274	274	274	274	274	274	274	274	274	274	274	274	273	273	273	273	44	44	44	44	44	44	44	44	44	44	44	44	45	45	46	46	46	46	46	48	48	48	48	23	23	23	23	23	23	22	22	22	20	20	20	20	20	18	18	19	19	19	19	14	13	13	13	13	13	13	5	5	5	5	5	5	5	5	5	4	4	4	4	3	3	3	1	1	1	1	1	1	1	1	1	1	1	0	0	0	0	0	0	0	0	0	0	0	0	0	0	0
0	0	0	0	0	0	0	0	0	0	0	0	0	0	0	0	0	0	0	322	322	297	297	297	293	293	293	293	293	293	275	275	275	275	275	275	275	275	275	275	275	274	274	274	274	274	274	274	274	274	274	274	274	274	274	274	274	274	274	274	274	274	55	55	55	55	44	44	44	44	44	44	44	44	44	44	47	47	47	46	46	46	46	48	48	48	49	49	23	23	23	23	23	23	22	22	22	20	20	20	20	20	19	19	19	19	14	14	14	13	13	13	13	13	13	5	5	5	5	5	5	5	5	4	4	4	4	4	3	3	1	1	1	1	1	1	1	1	1	1	1	1	0	2	2	2	2	0	0	0	0	0	0	0	0	0	0
0	0	0	0	0	0	0	0	0	0	0	0	0	0	0	0	0	0	322	322	322	297	297	297	297	297	293	275	275	275	275	275	275	296	296	296	296	275	275	275	275	274	274	274	274	274	274	274	274	274	274	274	274	274	274	274	274	274	274	274	274	274	55	55	55	55	44	44	44	44	44	44	44	44	44	44	47	47	47	47	46	46	48	48	48	49	49	49	23	23	23	23	23	23	22	22	22	20	20	20	20	20	20	19	19	14	14	14	14	13	13	13	13	5	5	5	5	5	5	5	5	5	4	4	4	4	4	3	3	3	1	1	1	1	1	1	2	2	2	2	2	2	2	2	2	2	2	2	0	0	0	0	0	0	0	0	0
0	0	0	0	0	0	0	0	0	0	0	0	0	0	0	0	0	0	322	322	297	297	297	297	297	297	297	296	296	275	275	296	296	296	296	296	294	294	294	294	294	294	294	294	294	274	274	274	274	274	274	274	274	274	274	274	274	274	274	274	274	295	55	55	55	55	55	44	44	44	44	44	44	44	44	44	47	47	47	47	48	48	48	48	48	49	49	49	49	23	23	23	23	23	23	23	23	20	20	20	20	20	19	19	19	14	14	14	13	13	13	13	13	5	5	5	5	5	5	5	5	5	5	4	4	4	4	3	3	3	3	1	1	1	1	2	2	2	2	2	2	2	2	2	2	2	2	2	67	67	0	0	0	0	0	0	0
0	0	0	0	0	0	0	0	0	0	0	0	0	0	0	0	0	0	322	297	297	297	297	297	297	297	297	296	296	296	296	296	296	296	296	296	294	294	294	294	294	294	294	294	294	294	294	274	274	274	274	274	274	274	274	274	274	274	274	274	295	295	55	55	55	55	55	44	44	44	44	44	44	44	44	47	47	47	47	48	48	48	48	48	49	49	49	49	49	49	23	23	23	23	23	23	23	20	20	20	20	20	19	19	14	14	14	14	13	13	13	5	5	5	5	5	5	5	5	5	5	5	5	3	3	3	3	3	3	3	3	2	2	2	2	2	2	2	2	2	2	2	2	2	2	2	67	67	67	67	67	0	0	0	0	0	0
0	0	0	0	0	0	0	0	0	0	0	0	0	0	0	0	0	0	322	297	297	297	297	297	297	297	297	296	296	296	296	296	296	296	296	296	295	295	295	295	294	294	294	294	294	294	294	294	294	274	274	274	274	274	274	274	274	274	295	295	295	55	55	55	55	55	55	55	52	52	44	44	44	44	44	47	47	47	47	48	48	48	48	49	49	49	49	49	49	49	106	106	23	23	23	23	23	20	20	20	20	20	14	14	14	14	14	13	13	13	13	5	5	5	5	5	5	5	5	5	5	5	5	3	3	3	3	3	3	3	3	2	2	2	2	2	2	2	2	2	2	2	2	2	67	67	67	67	67	67	67	0	0	0	0	0	0
0	0	0	0	0	0	0	0	0	0	0	0	0	0	0	0	0	0	297	297	297	297	297	297	297	297	297	297	296	296	296	296	296	296	296	296	295	295	295	295	295	295	295	295	295	295	295	295	295	295	295	295	295	295	295	295	295	295	295	295	295	55	55	55	55	55	52	52	52	52	52	44	44	44	44	47	47	47	47	48	48	48	48	49	49	49	49	49	49	49	106	106	106	23	107	107	107	107	20	20	20	14	14	14	14	14	13	13	13	13	5	5	5	7	7	7	7	5	5	5	5	5	5	3	3	3	3	3	3	3	3	2	2	2	2	2	2	2	2	2	2	2	2	2	67	67	67	67	67	67	67	0	0	0	0	0	0
0	0	0	0	0	0	0	0	0	0	0	0	0	0	0	0	0	297	297	297	297	297	297	297	297	297	297	297	297	296	296	296	296	296	296	295	295	295	295	295	295	295	295	295	295	295	295	295	295	295	295	295	295	295	295	295	295	295	295	295	55	55	55	55	55	52	52	52	52	52	52	44	44	44	44	47	47	47	48	48	48	48	49	49	49	49	49	49	105	105	106	106	106	107	107	107	107	107	20	20	14	14	14	14	14	14	13	13	13	13	8	5	7	7	7	7	7	7	5	5	5	5	5	5	3	3	3	3	3	3	3	2	2	2	2	2	2	2	2	2	2	2	67	67	67	67	67	67	67	67	67	67	0	0	0	0	0
0	0	0	0	0	0	0	0	0	0	0	0	0	0	0	0	0	297	297	297	297	297	297	297	297	297	297	297	298	298	298	298	296	295	295	295	295	295	295	295	295	295	295	295	295	295	295	295	295	295	295	57	57	57	295	295	295	295	295	55	55	55	55	55	55	52	52	52	52	52	52	44	44	44	44	47	47	50	50	48	49	49	49	49	49	49	49	105	105	105	106	106	106	107	107	107	107	107	107	14	14	14	14	14	14	13	13	13	13	13	8	7	7	7	7	7	7	7	7	5	5	5	5	5	3	3	3	3	3	3	3	2	2	2	2	2	2	2	2	2	67	67	67	67	67	67	67	67	67	67	67	67	0	0	0	0	0
0	0	0	0	0	0	0	0	0	0	0	0	0	0	0	0	0	297	297	297	297	297	297	297	297	297	297	298	298	298	298	298	58	58	58	295	295	295	295	295	295	295	295	295	295	295	295	295	57	57	57	57	57	57	57	56	56	56	55	55	55	55	54	55	55	52	52	52	52	52	52	44	44	44	44	44	47	50	50	50	49	49	49	49	49	49	105	105	105	105	106	106	106	107	107	107	107	107	107	14	14	12	12	12	12	12	13	13	13	8	8	8	8	8	8	7	7	7	7	7	5	5	5	5	5	3	3	3	3	3	3	2	2	2	2	2	2	2	2	67	67	67	67	67	67	67	67	67	67	67	67	0	0	0	0	0	0
0	0	0	0	0	0	0	0	0	0	0	0	0	0	0	0	299	297	297	297	297	297	297	297	297	297	298	298	298	298	298	298	58	58	58	58	58	295	295	295	295	295	295	295	295	57	57	57	57	57	57	57	57	57	56	56	56	56	56	55	55	54	54	54	54	54	52	52	52	52	52	52	44	44	44	51	51	51	50	50	49	49	49	49	49	105	105	105	105	105	106	106	106	107	107	107	107	107	107	107	12	12	12	12	12	12	12	12	8	8	8	8	8	8	8	7	7	7	7	7	7	7	7	6	5	6	6	6	6	6	6	6	6	6	6	6	2	2	69	69	67	67	67	67	67	67	67	67	67	67	67	0	0	0	0	0	0
0	0	0	0	0	0	0	0	0	0	0	0	0	0	0	299	299	299	299	297	297	297	297	297	297	297	298	298	298	298	298	58	58	58	58	58	58	58	295	295	295	295	57	57	57	57	57	57	57	57	57	57	57	60	60	60	60	56	56	54	54	54	54	54	54	54	54	52	52	52	52	52	52	51	51	51	51	51	51	50	49	49	49	49	49	105	105	105	105	105	106	106	106	107	107	107	107	107	107	107	11	11	11	11	11	11	9	8	8	8	8	8	8	8	8	8	7	7	7	7	7	7	6	6	6	6	6	6	6	6	6	6	6	6	6	6	6	69	69	69	69	67	67	67	67	68	68	67	67	67	67	0	0	0	0	0	0
0	0	0	0	0	0	0	0	0	0	310	310	310	310	299	299	299	299	299	299	299	297	297	298	298	298	298	298	298	298	298	58	58	58	58	58	58	58	57	57	57	57	57	57	57	57	57	57	57	57	57	60	60	60	60	60	60	60	60	60	54	54	54	54	54	54	54	54	52	52	52	52	52	51	51	51	51	51	51	51	49	49	49	49	49	105	108	105	105	105	106	106	107	107	107	107	107	110	110	110	110	11	11	11	11	11	9	9	8	9	9	9	9	9	9	9	9	9	7	7	7	6	6	6	6	6	6	6	6	6	6	6	6	6	6	6	69	69	69	69	69	69	67	67	68	68	68	68	68	68	68	68	0	0	0	0	0
0	0	0	0	0	0	0	0	310	310	310	310	310	310	299	299	299	299	299	299	299	298	298	298	298	298	298	298	298	298	298	58	58	58	58	58	58	57	57	57	57	57	57	57	57	57	57	60	60	60	60	60	60	60	60	60	60	60	60	60	60	54	54	54	54	54	54	54	54	52	52	52	52	52	51	51	51	51	51	51	49	49	49	49	49	108	108	105	105	108	106	107	107	107	107	107	110	110	110	110	111	11	11	11	11	11	11	9	9	9	9	9	9	9	9	9	9	9	9	9	9	6	6	6	6	6	6	6	6	6	6	6	6	6	6	6	69	69	69	69	69	69	69	69	68	68	68	68	68	68	68	68	68	0	0	0	0
0	0	0	0	0	0	0	310	310	310	310	310	310	310	310	310	307	299	299	299	299	299	298	298	298	298	298	298	298	306	306	58	58	58	58	58	57	57	57	57	57	57	57	57	60	60	60	60	60	60	60	60	60	60	60	60	60	60	60	60	60	60	60	54	54	54	53	53	53	53	53	53	52	52	52	51	51	51	51	51	49	49	49	49	49	108	108	108	108	108	107	107	107	110	110	110	110	110	110	111	111	111	11	11	11	11	11	9	9	9	9	9	9	9	9	9	9	9	9	9	9	9	9	6	6	6	6	6	6	71	71	6	6	6	6	71	71	69	69	69	69	69	69	69	69	68	68	68	68	68	68	68	68	68	68	0	0
0	0	0	0	0	0	310	310	310	310	310	310	310	310	310	310	307	307	307	299	299	299	298	298	298	298	298	298	306	306	306	58	58	58	58	57	57	57	57	57	57	57	60	60	60	60	60	60	60	60	60	60	60	60	60	60	60	60	60	60	60	60	60	60	60	60	60	53	53	53	53	53	52	52	52	51	51	51	51	51	49	49	49	49	108	108	108	108	108	108	108	107	110	110	110	110	110	110	111	111	111	111	111	11	11	11	11	11	11	11	9	9	9	9	9	9	9	9	9	9	9	9	9	9	6	6	6	6	71	71	71	71	71	71	71	71	71	69	69	69	69	69	69	69	69	69	69	68	68	68	68	68	68	68	68	0	0
0	0	0	0	0	310	310	310	310	310	310	310	310	310	310	308	307	307	307	299	299	306	306	306	306	306	306	306	306	306	306	58	58	58	58	57	57	57	57	57	57	60	60	60	60	60	60	60	60	60	60	60	60	60	60	60	60	60	60	60	60	171	171	171	157	157	157	53	53	53	53	53	53	53	51	51	51	51	51	51	49	49	49	108	108	108	108	108	108	108	108	109	110	110	110	110	110	110	111	111	111	111	111	111	11	11	11	11	11	11	11	11	10	10	9	9	9	9	9	9	9	9	9	9	6	6	6	6	71	71	71	71	71	71	71	71	71	71	69	69	69	69	69	69	69	69	69	69	69	70	70	70	0	0	0	0	0
310	310	310	310	310	310	310	310	310	310	310	310	310	310	310	308	308	307	307	306	306	306	306	306	306	306	306	306	306	306	59	59	59	58	57	57	57	57	57	57	60	60	60	60	60	60	60	60	61	61	61	61	61	61	61	60	60	60	60	60	171	171	171	157	157	157	157	157	152	152	53	53	53	53	53	51	51	51	51	51	153	49	49	108	108	108	108	108	108	108	108	109	109	110	110	110	110	110	111	111	111	111	111	111	111	11	11	11	11	11	11	10	10	10	10	10	10	9	9	10	10	10	10	10	6	6	6	6	71	71	71	71	71	71	71	71	71	71	71	69	69	69	69	69	69	69	69	69	69	70	70	0	0	0	0	0	0
310	310	310	310	310	310	310	310	310	310	310	310	310	310	310	308	308	308	308	306	306	306	306	306	306	306	306	306	306	306	59	59	59	59	57	57	57	57	62	60	60	60	60	61	61	61	61	61	61	61	61	61	61	61	61	61	61	61	61	171	171	171	171	157	157	157	152	152	152	152	53	53	53	53	53	53	153	153	51	153	153	153	148	108	108	108	108	108	108	108	109	109	109	110	110	110	110	110	111	111	111	111	111	111	111	111	11	11	11	10	10	10	10	10	10	10	10	10	10	10	10	10	10	10	10	10	10	6	71	71	71	71	71	71	71	71	71	71	71	71	69	69	69	69	69	70	70	69	70	70	70	70	0	0	0	0	0
310	310	310	310	310	310	310	310	310	310	310	310	310	310	308	308	308	308	308	306	306	306	306	306	306	306	306	306	306	59	59	59	59	59	57	57	62	62	62	60	60	60	61	61	61	61	61	61	61	61	61	61	61	61	61	61	61	61	171	171	171	171	157	157	157	157	152	152	152	152	152	53	53	53	53	53	153	153	153	153	148	148	148	148	108	108	108	108	108	109	109	109	109	109	110	110	110	111	111	111	111	111	111	111	111	111	11	11	10	10	10	10	10	10	10	10	10	10	10	10	10	10	10	10	10	10	80	80	71	71	71	71	71	71	71	71	71	71	71	71	71	69	69	69	70	70	70	70	70	70	70	70	0	0	0	0	0
310	310	310	310	310	310	310	310	310	310	310	310	310	309	309	308	308	308	308	306	306	306	306	306	306	306	306	306	64	59	59	59	59	62	62	62	62	62	62	61	61	61	61	61	61	61	61	61	61	61	61	61	61	61	61	61	61	171	171	171	171	157	157	157	157	152	152	152	152	152	152	152	53	53	53	53	153	153	153	153	148	148	148	148	147	147	108	108	109	109	109	109	109	109	110	110	110	111	111	111	111	111	111	111	111	111	119	119	10	10	10	10	10	10	10	10	10	10	10	10	10	10	10	10	10	10	80	80	80	80	71	71	71	71	71	71	71	71	71	71	71	72	70	70	70	70	70	70	70	70	70	70	70	0	0	0	0
310	310	310	310	310	310	310	310	310	310	310	310	309	309	309	309	308	308	308	306	306	306	306	306	306	306	306	64	64	59	59	59	62	62	62	62	62	62	62	61	61	61	61	61	61	61	61	61	61	61	61	61	61	61	61	61	171	171	171	171	171	157	157	157	157	152	152	152	152	152	152	152	152	153	153	153	153	153	153	148	148	148	148	148	147	147	147	109	109	109	109	109	109	109	109	110	112	111	111	111	118	118	118	118	118	118	119	119	119	119	10	119	10	10	10	10	10	10	10	10	10	10	10	10	10	80	80	80	80	80	80	78	78	78	78	78	71	71	71	72	72	72	70	70	70	70	70	70	70	70	70	70	70	0	0	0	0
0	310	310	310	310	310	0	0	0	310	310	310	309	309	309	309	309	306	306	306	306	306	306	306	306	306	64	64	64	59	62	62	62	62	62	63	63	63	63	63	63	63	61	61	61	61	61	61	61	61	61	61	61	61	61	171	171	171	171	171	157	157	157	157	157	152	152	152	152	153	152	152	153	153	153	153	153	153	153	148	148	148	148	148	147	147	147	147	109	109	109	109	109	109	109	112	112	112	111	118	118	118	118	118	119	119	119	119	119	119	119	119	119	119	10	10	10	10	10	10	10	10	10	10	10	80	80	80	80	80	80	78	78	78	78	78	78	72	72	72	72	72	72	72	70	70	70	70	70	70	70	70	70	0	0	0	0
0	0	0	0	0	0	0	0	0	310	310	309	309	309	309	309	309	306	306	306	306	306	306	306	64	64	64	64	64	64	63	63	63	63	63	63	63	63	63	63	63	63	63	63	63	63	61	61	61	61	63	63	63	61	171	171	171	171	171	157	157	157	157	157	154	152	152	152	153	153	153	153	153	153	153	153	153	153	153	148	148	148	148	148	147	147	147	147	109	109	109	109	109	109	109	112	112	112	118	118	118	118	118	119	119	119	119	119	119	119	119	119	119	114	114	114	114	10	10	10	10	10	81	81	81	81	80	80	80	80	80	79	78	78	78	78	78	77	72	72	72	72	75	75	75	70	70	70	70	70	70	73	73	73	0	0	0
0	0	0	0	0	0	0	0	0	309	309	309	309	309	309	309	309	306	306	306	306	306	306	306	64	64	64	64	64	64	63	63	63	63	63	63	63	63	63	63	63	63	63	63	63	63	63	63	63	63	63	63	63	171	171	171	171	171	157	157	157	157	157	157	154	152	152	153	153	153	153	153	153	153	153	153	153	153	148	148	148	148	148	148	147	147	147	147	109	109	109	109	109	109	109	112	112	112	118	118	118	118	118	119	119	119	119	119	119	119	119	119	114	114	114	114	114	114	115	115	115	81	81	81	81	81	80	80	80	80	79	79	79	78	78	78	78	77	72	72	72	72	75	75	75	70	70	70	70	70	73	73	73	73	0	0	0
0	0	0	0	0	0	0	0	0	0	309	309	309	309	309	309	309	306	306	306	306	306	306	64	64	64	64	64	64	64	64	64	64	64	64	63	63	63	63	63	63	63	63	63	63	63	63	63	63	63	63	63	171	171	171	171	171	171	157	157	157	157	157	157	154	154	154	153	153	153	153	153	153	153	153	153	153	153	148	148	148	148	148	148	147	147	147	147	109	109	109	109	109	109	109	112	112	118	118	118	118	118	119	119	119	119	119	117	116	116	116	114	114	114	114	114	115	115	115	115	81	81	81	81	81	81	80	80	80	79	79	79	79	79	78	78	79	77	77	72	72	75	75	75	75	75	75	70	70	73	73	73	73	73	73	0	0
0	0	0	0	0	0	0	0	0	0	309	309	309	309	309	309	306	306	306	306	306	306	306	64	64	64	64	64	64	64	64	64	64	64	64	64	65	63	63	63	302	63	63	63	63	63	63	63	63	63	171	171	171	171	171	171	171	169	169	157	157	157	157	157	154	154	154	154	154	153	153	155	153	153	153	153	155	155	155	148	148	148	148	148	147	147	147	149	109	109	109	109	109	109	112	112	112	118	118	118	118	119	119	119	119	119	119	117	116	116	116	114	114	114	114	114	115	115	115	81	81	81	81	81	81	81	80	79	79	79	79	79	79	79	79	79	79	77	77	77	75	75	75	75	75	75	75	75	73	73	73	73	73	73	73	73	0
0	0	0	0	0	0	0	0	0	0	0	0	309	305	305	305	305	305	305	305	306	306	306	64	64	64	64	64	64	64	64	64	64	64	64	65	65	302	302	302	302	302	302	63	63	63	63	171	171	171	171	171	171	171	171	171	169	169	169	157	157	157	157	157	154	154	154	154	154	155	155	155	155	155	155	155	155	155	149	149	148	149	149	149	147	147	147	149	109	109	109	109	109	109	112	112	118	118	118	118	119	119	119	119	119	117	117	117	116	116	114	114	114	114	114	115	115	115	115	81	81	81	81	81	81	81	80	79	79	79	79	79	79	79	79	79	79	79	77	77	76	76	75	75	75	75	75	75	73	73	73	73	73	73	73	73	73
0	0	0	0	0	0	0	0	0	0	0	0	305	305	305	305	305	305	305	305	305	306	306	64	64	64	64	64	64	64	64	64	64	64	65	65	302	302	302	302	302	302	302	302	302	63	172	172	171	171	171	171	171	171	171	169	169	169	169	157	157	157	157	157	154	154	154	154	155	155	155	155	155	155	155	155	155	149	149	149	149	149	149	149	149	147	149	149	109	109	109	109	109	109	112	112	118	118	118	119	119	119	119	119	117	117	117	116	116	116	114	114	114	114	115	115	115	115	81	81	81	81	81	81	81	81	81	79	79	79	79	79	79	79	79	79	79	79	76	76	76	76	75	75	75	75	75	75	73	73	73	73	73	73	73	73	73
0	0	0	0	0	0	0	0	0	0	0	301	301	305	305	305	305	305	305	305	304	304	304	304	64	64	64	64	64	64	65	65	65	65	65	65	302	302	302	302	302	302	302	302	302	172	172	172	172	171	171	171	171	169	169	169	169	169	169	157	157	157	157	157	154	154	154	155	155	155	155	155	155	155	155	155	155	149	149	149	149	149	149	149	149	149	149	149	149	109	109	109	109	109	112	112	118	119	119	119	119	117	117	117	117	117	117	116	116	116	114	114	114	115	115	115	115	115	81	81	81	81	81	81	81	81	81	79	79	79	79	79	79	79	79	79	79	76	76	76	76	76	76	75	75	75	75	74	73	73	73	73	73	73	73	73	73
0	0	0	0	0	0	0	0	0	0	0	301	301	301	305	305	305	305	305	305	304	304	304	304	66	64	66	66	65	65	65	65	65	65	65	302	302	302	302	302	302	302	302	302	302	172	172	172	172	171	171	169	169	169	169	169	169	169	169	157	157	157	157	157	154	154	155	155	155	155	155	155	155	155	155	155	155	149	149	149	149	149	149	149	149	149	149	149	149	113	113	113	113	113	113	120	120	119	119	117	117	117	117	117	117	117	116	116	116	116	114	115	115	115	115	115	115	115	81	81	81	81	81	81	81	81	81	81	79	79	79	79	79	79	79	79	79	76	76	76	76	76	76	75	75	74	74	74	74	73	73	73	73	73	73	73	73
0	0	0	0	0	0	0	0	0	0	0	0	301	301	301	305	305	305	305	304	304	304	304	66	66	66	66	65	65	65	65	65	65	65	302	302	302	302	302	302	302	302	302	302	172	172	172	172	169	169	169	169	169	169	169	169	169	169	169	157	157	157	157	157	156	154	155	155	155	155	155	155	155	155	155	155	149	149	149	149	149	149	149	149	149	149	149	149	149	113	113	113	113	113	113	120	120	117	117	117	117	117	117	117	117	116	116	116	116	116	114	115	115	115	115	115	115	81	81	81	81	81	81	81	81	81	81	81	81	79	79	79	79	79	79	79	79	79	76	76	76	76	76	75	75	74	74	74	74	73	73	73	73	73	73	73	73
0	0	0	0	0	0	0	0	0	0	0	0	0	301	301	301	305	305	301	304	304	303	303	303	66	65	65	65	65	65	65	65	302	302	302	302	302	302	302	302	302	302	302	172	172	172	172	172	169	169	169	169	169	169	169	169	169	169	169	158	157	157	157	157	156	155	155	155	155	155	155	155	155	155	149	149	149	149	149	149	149	149	149	149	149	149	149	149	149	113	113	113	113	113	113	120	117	117	117	117	116	116	116	116	116	116	116	116	116	116	115	115	96	96	96	96	96	81	81	81	82	82	82	82	82	81	81	81	81	85	85	85	85	85	85	79	79	79	76	76	76	76	76	76	75	74	74	74	74	73	73	73	73	73	73	73	73
0	0	0	0	0	0	0	0	0	0	0	0	0	301	301	301	301	301	301	301	303	303	303	303	303	65	65	65	65	65	302	302	302	302	302	302	302	302	302	302	302	302	302	172	172	172	172	169	169	169	169	169	169	169	169	169	169	169	158	158	158	157	157	156	156	156	155	155	155	155	151	155	155	149	149	149	149	149	149	149	149	149	149	149	149	150	149	149	122	113	113	113	113	113	113	120	117	117	117	116	116	116	116	116	116	116	116	116	116	96	96	96	96	96	96	83	83	81	82	82	82	82	82	82	82	82	82	82	85	85	85	85	85	85	85	85	85	85	76	76	76	76	76	76	74	74	74	74	74	74	74	73	73	73	73	73	0
0	0	0	0	0	0	0	0	0	0	0	0	0	0	301	301	301	301	301	301	301	301	303	303	303	303	65	65	65	302	302	302	302	302	302	302	302	302	302	302	302	302	172	172	172	172	172	169	169	169	169	169	169	169	169	169	169	158	158	158	158	158	158	156	156	151	151	151	151	151	151	151	151	151	149	149	149	149	149	149	149	149	150	150	150	150	149	149	122	122	113	113	113	113	121	121	121	117	117	116	116	116	116	102	102	102	102	96	96	96	96	96	96	96	96	83	83	83	83	82	82	82	82	82	82	82	82	82	85	85	85	85	85	85	85	85	85	85	76	76	76	76	76	76	76	74	74	74	74	74	74	0	0	0	0	0	0
0	0	0	0	0	0	0	0	0	0	0	0	0	0	301	301	301	301	301	301	301	301	301	303	303	303	303	303	302	302	302	302	302	302	302	302	302	302	302	302	302	302	172	172	172	172	172	169	169	169	169	169	169	169	169	169	169	158	158	158	158	158	158	158	151	151	151	151	151	151	151	151	151	151	151	151	149	149	149	149	149	150	150	150	150	150	150	150	122	122	122	122	122	122	121	121	121	102	102	102	102	102	102	102	102	102	96	96	96	96	96	96	96	96	83	83	83	83	83	83	82	82	82	82	82	82	82	94	85	85	85	85	85	85	85	85	85	85	0	0	76	76	76	0	0	0	74	74	74	74	0	0	0	0	0	0	0
0	0	0	0	0	0	0	0	0	0	0	0	0	0	301	301	301	301	301	301	301	301	301	301	303	303	303	302	302	302	302	302	302	302	302	302	302	302	302	172	172	172	172	172	172	172	172	169	169	169	169	169	169	169	169	169	169	159	158	158	158	158	158	151	151	151	151	151	151	151	151	151	151	151	151	150	150	150	150	150	150	150	150	150	150	150	150	150	122	122	122	122	122	122	122	122	102	102	102	102	102	102	102	102	102	102	96	96	96	96	96	96	96	96	83	83	83	83	94	94	94	94	94	82	94	94	94	94	85	85	85	85	85	85	85	85	85	85	0	0	0	0	0	0	0	0	0	74	74	0	0	0	0	0	0	0	0
0	0	0	0	0	0	0	0	0	0	0	0	0	301	301	301	301	301	301	301	301	301	301	301	301	303	302	302	302	302	302	302	302	302	302	302	302	302	172	172	172	172	172	172	172	172	172	169	169	169	169	169	169	169	169	169	169	159	159	158	158	158	151	151	151	151	151	151	151	151	151	151	151	151	151	150	150	150	150	150	150	150	150	150	150	150	150	150	122	122	122	122	122	122	122	103	102	102	102	102	102	102	101	101	102	102	96	96	96	96	96	96	84	83	83	83	83	83	94	94	94	94	94	94	94	94	94	85	85	85	85	85	85	85	85	85	85	0	0	0	0	0	0	0	0	0	0	0	0	0	0	0	0	0	0	0	0
0	0	0	0	0	0	0	0	0	0	0	0	0	301	301	301	301	301	301	301	301	301	301	301	300	300	300	302	302	302	302	302	302	302	302	302	302	302	172	172	172	172	172	172	172	172	170	169	169	169	169	169	169	169	169	169	159	159	159	159	151	151	151	151	151	151	151	151	160	160	160	160	160	151	151	151	150	150	150	150	150	150	150	150	150	150	150	150	150	122	122	122	122	103	103	103	103	103	104	104	104	101	101	101	101	101	96	96	96	96	96	96	84	84	83	83	83	94	94	94	94	94	94	94	94	94	94	85	85	85	85	85	85	85	85	85	0	0	0	0	0	0	0	0	0	0	0	0	0	0	0	0	0	0	0	0	0
0	0	0	0	0	0	0	0	0	0	0	0	0	301	301	301	301	301	301	301	301	301	301	300	300	300	300	300	302	302	302	302	302	302	174	174	174	172	172	172	172	172	172	172	172	170	170	169	169	169	169	169	169	169	169	161	159	159	159	159	151	151	151	151	160	160	160	160	160	160	160	160	160	160	151	151	151	151	151	151	150	150	150	150	150	150	150	150	150	122	122	122	103	103	103	103	103	104	104	104	104	101	101	101	101	101	101	96	96	96	96	84	84	84	84	94	94	94	94	94	94	94	94	94	94	94	85	85	85	85	85	85	87	85	85	85	0	0	0	0	0	0	0	0	0	0	0	0	0	0	0	0	0	0	0	0	0
0	0	0	0	0	0	0	0	0	0	0	0	0	0	301	301	301	264	264	264	264	264	264	300	300	265	265	265	265	302	174	174	174	174	174	174	174	174	172	172	172	172	172	172	172	170	170	169	169	169	169	169	169	169	169	161	159	159	159	159	159	151	160	160	160	160	160	160	160	160	160	160	160	160	160	160	151	151	151	151	151	151	151	150	150	150	150	150	150	162	122	122	122	103	103	103	104	104	104	104	104	101	101	101	101	101	101	96	96	96	95	95	95	94	94	94	94	94	94	94	94	94	94	94	94	94	86	85	85	85	85	87	87	87	88	88	0	0	0	0	0	0	0	0	0	0	0	0	0	0	0	0	0	0	0	0	0
0	0	0	0	0	0	0	0	0	0	0	0	0	0	301	301	264	264	264	264	264	264	264	264	264	265	265	174	174	174	174	174	174	174	174	174	174	174	172	172	172	172	172	172	172	170	170	169	169	169	169	169	169	161	161	161	161	161	161	160	160	160	160	160	160	160	160	160	160	160	160	160	160	160	160	160	160	160	160	160	160	160	160	160	150	162	162	162	162	162	162	162	162	162	104	104	104	104	104	144	144	144	101	101	101	101	100	96	96	95	95	95	95	93	94	94	94	94	94	94	94	94	94	94	94	86	86	86	85	87	87	87	87	87	88	88	0	0	0	0	0	0	0	0	0	0	0	0	0	0	0	0	0	0	0	0	0
0	0	0	0	0	0	0	0	0	0	0	0	0	0	301	264	264	264	264	264	264	264	264	264	264	264	174	174	174	174	174	174	174	174	174	174	174	174	172	172	172	172	172	172	170	170	170	170	169	169	169	161	161	161	161	161	161	161	160	160	160	160	160	160	160	166	166	166	160	160	160	160	160	160	160	160	160	160	160	160	160	160	160	160	162	162	162	162	162	162	162	162	162	162	162	144	144	144	144	144	144	144	101	101	101	100	100	100	96	95	95	95	95	93	93	93	94	94	94	94	94	94	94	94	94	86	86	86	87	87	87	87	87	88	88	88	0	0	0	0	0	0	0	0	0	0	0	0	0	0	0	0	0	0	0	0	0
0	0	0	0	0	0	0	0	0	0	0	0	0	0	264	264	264	264	264	264	264	264	264	264	264	264	264	264	174	174	174	174	174	174	174	174	174	173	173	172	172	170	170	170	170	170	170	170	169	169	168	161	161	161	161	161	161	161	160	160	160	160	166	166	166	166	166	166	166	160	160	160	160	160	160	160	160	160	160	160	160	160	163	163	163	163	163	162	162	162	162	162	162	144	144	144	144	144	144	144	144	144	144	101	101	100	100	100	100	95	95	95	93	93	93	93	91	91	91	94	94	94	94	94	94	86	86	86	87	87	87	87	88	88	88	88	0	0	0	0	0	0	0	0	0	0	0	0	0	0	0	0	0	0	0	0	0
0	0	0	0	0	0	0	0	0	0	0	0	0	0	0	264	264	264	264	264	264	264	264	264	264	264	264	264	264	174	174	174	174	174	174	174	174	173	173	173	170	170	170	170	170	170	170	170	168	168	168	161	161	161	161	161	161	161	161	166	166	166	166	166	166	166	166	166	166	166	166	166	166	166	166	166	166	166	166	166	166	166	163	163	163	163	163	163	162	162	162	144	144	144	144	144	144	144	144	144	144	144	144	144	144	100	100	100	100	95	95	93	93	93	93	92	91	91	91	91	91	86	86	94	86	86	86	87	87	87	87	88	88	88	88	88	0	0	0	0	0	0	0	0	0	0	0	0	0	0	0	0	0	0	0	0	0
0	0	0	0	0	0	0	0	0	0	0	0	0	0	0	264	264	263	263	263	263	263	263	264	264	264	264	264	264	264	264	174	174	174	174	174	174	173	173	173	170	170	170	170	170	170	170	170	168	168	167	167	167	161	161	161	161	166	166	166	166	166	166	166	166	166	166	166	166	166	166	166	166	166	166	166	166	166	166	166	166	163	163	163	163	163	163	144	144	144	144	144	144	144	144	144	144	144	144	144	144	144	144	144	144	100	100	100	100	100	93	93	93	92	92	92	91	91	91	91	91	86	86	86	86	87	87	87	87	87	87	88	88	88	88	88	0	0	0	0	0	0	0	0	0	0	0	0	0	0	0	0	0	0	0	0	0
0	0	0	0	0	0	0	0	0	0	0	0	0	0	0	263	263	263	263	263	263	263	263	262	262	262	262	264	264	264	264	264	264	174	174	174	174	173	173	173	170	170	170	170	170	170	170	170	170	168	167	167	167	167	167	167	167	167	166	166	166	166	166	165	165	165	165	165	165	165	165	165	165	165	165	165	165	165	165	163	163	163	163	163	163	145	144	144	144	144	144	144	144	144	144	144	144	144	144	144	144	144	144	144	100	100	100	100	100	100	92	92	92	92	92	92	91	91	91	91	91	90	90	90	87	87	87	87	87	87	88	88	88	88	88	88	0	0	0	0	0	0	0	0	0	0	0	0	0	0	0	0	0	0	0	0	0
0	0	0	0	0	0	0	0	0	0	0	0	0	0	0	263	263	263	263	263	263	263	263	262	262	262	262	262	262	264	264	264	264	264	264	264	264	173	173	173	173	170	170	170	170	170	170	170	259	259	167	167	167	167	167	167	167	167	167	167	166	166	165	165	165	165	165	165	165	165	165	165	165	165	165	165	165	165	163	163	163	163	163	163	145	145	144	144	144	144	144	144	144	144	144	144	144	144	144	144	144	144	144	144	100	100	100	100	100	100	92	92	92	92	92	92	91	91	91	91	90	90	90	90	87	87	87	88	88	88	88	88	88	88	88	88	0	0	0	0	0	0	0	0	0	0	0	0	0	0	0	0	0	0	0	0	0
0	0	0	0	0	0	0	0	0	0	0	0	0	0	0	263	263	263	263	263	263	262	262	262	262	262	262	262	262	264	264	264	264	264	264	264	264	264	173	173	173	173	259	259	259	259	259	259	259	259	259	259	167	167	167	167	167	167	167	165	165	165	165	165	165	165	165	165	165	165	165	165	165	165	165	165	164	164	164	163	163	163	146	145	145	145	143	143	143	143	143	143	144	144	144	144	144	144	144	144	144	144	144	144	144	99	99	99	99	99	92	92	92	92	92	92	91	91	91	91	90	90	90	90	88	88	88	88	88	88	88	88	88	88	88	88	0	0	0	0	0	0	0	0	0	0	0	0	0	0	0	0	0	0	0	0	0
0	0	0	0	0	0	0	0	0	0	0	0	0	0	0	0	263	263	263	262	262	262	262	262	262	262	262	262	262	264	264	264	264	261	261	261	264	261	261	261	261	259	259	259	259	259	259	259	259	259	259	259	259	259	259	167	167	167	165	165	165	165	165	165	165	165	165	165	165	165	165	165	165	164	164	164	164	164	164	164	146	146	146	146	146	145	145	145	143	143	143	143	143	144	144	144	144	144	144	144	144	144	144	144	144	144	99	99	99	99	92	92	92	92	97	92	91	91	91	90	90	89	89	89	88	88	88	88	88	88	88	88	88	88	88	88	0	0	0	0	0	0	0	0	0	0	0	0	0	0	0	0	0	0	0	0	0
0	0	0	0	0	0	0	0	0	0	0	0	0	0	0	262	262	262	262	262	262	262	262	262	262	262	262	262	262	261	261	261	261	261	261	261	261	261	261	259	259	259	259	259	259	259	259	259	259	259	259	259	259	259	259	259	259	259	165	165	165	165	165	165	165	165	165	165	165	165	165	165	165	164	164	164	164	164	164	164	146	146	146	146	223	223	145	145	143	143	143	143	143	143	141	141	144	144	144	144	144	144	144	144	144	144	99	99	99	99	92	92	92	97	97	97	97	91	90	90	90	89	89	89	89	88	88	88	88	88	88	88	88	88	88	88	0	0	0	0	0	0	0	0	0	0	0	0	0	0	0	0	0	0	0	0	0
0	0	0	0	0	0	0	0	0	0	0	0	0	0	0	262	262	262	262	262	262	262	262	262	262	262	262	261	261	261	261	261	261	261	261	261	261	261	259	259	259	259	259	259	259	259	259	259	259	259	260	259	260	260	260	260	260	260	260	260	165	165	165	165	165	165	165	165	165	165	165	165	165	165	164	164	164	164	246	246	246	246	224	224	223	223	223	145	145	145	143	143	143	143	141	141	141	141	141	144	144	144	144	144	144	99	99	99	99	99	92	92	92	97	97	97	97	97	90	90	89	89	89	89	89	88	88	88	88	88	88	88	88	88	88	88	0	0	0	0	0	0	0	0	0	0	0	0	0	0	0	0	0	0	0	0	0
0	0	0	0	0	0	0	0	0	0	0	0	0	0	0	0	0	0	262	262	262	262	262	262	262	262	262	261	261	261	261	261	261	261	261	261	261	261	259	259	259	259	259	259	259	260	260	260	260	260	260	260	260	260	260	260	260	260	260	260	260	260	260	260	260	260	260	260	260	246	246	246	246	246	246	246	246	246	246	246	224	224	224	223	223	223	223	223	145	145	145	143	143	142	142	141	141	141	141	141	141	141	141	141	141	99	99	99	99	99	99	92	97	97	97	97	97	97	97	89	89	89	89	89	89	88	88	88	88	88	88	88	88	88	88	88	0	0	0	0	0	0	0	0	0	0	0	0	0	0	0	0	0	0	0	0	0
0	0	0	0	0	0	0	0	0	0	0	0	0	0	0	0	0	0	0	262	262	262	262	262	262	262	262	258	261	261	261	261	261	261	261	261	261	261	259	259	259	259	259	259	260	260	260	260	260	260	260	260	260	260	260	260	260	260	260	260	260	260	260	260	252	252	252	252	246	246	246	246	246	246	246	246	246	246	246	224	224	224	223	223	223	223	223	223	223	145	145	143	142	142	142	142	141	141	141	141	141	141	141	141	141	141	99	99	99	99	99	99	97	97	97	97	97	97	97	89	89	89	89	89	89	89	88	88	88	88	88	88	88	88	88	0	0	0	0	0	0	0	0	0	0	0	0	0	0	0	0	0	0	0	0	0	0
0	0	0	0	0	0	0	0	0	0	0	0	0	0	0	0	0	0	0	0	262	262	262	262	262	262	258	258	258	261	261	261	261	261	261	261	261	261	260	260	259	260	260	260	260	260	260	260	260	260	260	260	260	260	260	260	260	260	260	260	260	260	252	252	252	252	252	246	246	246	246	246	246	246	246	246	246	246	224	224	224	223	223	223	223	223	223	223	223	223	145	142	142	142	142	142	142	141	141	141	141	141	141	141	141	141	99	99	99	99	99	99	99	97	97	98	98	98	98	89	89	89	89	89	89	89	89	88	88	88	88	88	0	0	0	0	0	0	0	0	0	0	0	0	0	0	0	0	0	0	0	0	0	0	0	0	0
0	0	0	0	0	0	0	0	0	0	0	0	0	0	0	0	0	0	0	0	262	262	262	262	262	258	258	258	258	258	261	261	261	261	261	261	261	261	260	260	260	260	260	260	260	260	260	260	260	260	260	260	260	260	260	260	260	260	260	260	260	252	252	252	252	252	246	246	246	246	246	246	246	246	246	246	246	224	224	224	224	223	223	223	223	223	223	223	223	223	223	142	142	142	142	142	142	142	141	141	141	141	141	141	141	141	141	141	99	99	99	99	99	99	98	98	98	98	98	98	98	89	89	89	89	89	89	89	88	88	88	88	0	0	0	0	0	0	0	0	0	0	0	0	0	0	0	0	0	0	0	0	0	0	0	0	0
0	0	0	0	0	0	0	0	0	0	0	0	0	0	0	0	0	0	0	0	0	0	262	262	257	257	257	257	257	257	257	257	261	261	261	261	261	260	260	260	260	260	260	260	260	260	260	260	260	260	260	260	260	260	260	260	260	260	260	260	252	252	252	252	252	246	246	246	246	246	246	246	246	246	246	246	224	224	224	224	223	223	223	223	223	223	223	223	223	223	223	142	142	142	142	142	142	142	142	141	141	141	141	141	141	141	141	141	99	99	99	99	99	99	98	98	98	98	98	98	98	98	89	89	89	89	89	89	88	0	0	0	0	0	0	0	0	0	0	0	0	0	0	0	0	0	0	0	0	0	0	0	0	0	0	0	0
0	0	0	0	0	0	0	0	0	0	0	0	0	0	0	0	0	0	0	0	0	0	262	262	257	257	257	257	257	257	257	257	257	257	257	261	261	260	260	260	260	260	260	260	260	260	260	260	260	260	252	260	260	260	252	252	252	252	252	252	252	252	252	252	246	246	246	246	246	246	246	246	246	246	246	224	224	224	224	223	223	223	223	223	223	223	223	223	223	223	223	223	142	142	142	142	142	142	142	141	141	141	141	141	141	141	141	141	99	99	99	99	99	99	98	98	98	98	98	98	98	98	89	89	89	89	89	89	0	0	0	0	0	0	0	0	0	0	0	0	0	0	0	0	0	0	0	0	0	0	0	0	0	0	0	0	0
0	0	0	0	0	0	0	0	0	0	0	0	0	0	0	0	0	0	0	0	0	0	257	257	257	257	257	257	257	257	257	257	257	257	257	256	256	260	260	260	260	256	260	260	252	252	252	252	252	252	252	252	252	252	252	252	252	252	252	252	252	252	252	246	246	246	246	246	246	246	246	246	246	245	224	224	224	224	224	223	223	223	223	223	223	223	223	223	223	223	223	223	142	142	142	142	142	142	142	142	141	141	141	141	141	141	141	141	99	99	99	99	99	99	98	98	98	98	98	98	98	98	89	89	89	89	89	0	0	0	0	0	0	0	0	0	0	0	0	0	0	0	0	0	0	0	0	0	0	0	0	0	0	0	0	0	0
0	0	0	0	0	0	0	0	0	0	0	0	0	0	0	0	0	0	0	0	0	0	257	257	257	257	257	257	257	257	257	257	257	257	256	256	256	256	256	256	256	256	252	252	252	252	252	252	252	252	252	252	252	252	252	252	252	252	252	252	252	252	246	246	246	246	246	246	246	246	246	245	245	245	224	224	224	224	224	223	223	223	223	223	223	223	223	223	223	223	223	223	142	142	142	142	142	142	142	142	141	141	141	141	141	141	141	141	141	139	99	99	99	98	98	98	98	98	98	98	98	98	89	89	89	89	0	0	0	0	0	0	0	0	0	0	0	0	0	0	0	0	0	0	0	0	0	0	0	0	0	0	0	0	0	0	0
0	0	0	0	0	0	0	0	0	0	0	0	0	0	0	0	0	0	0	0	0	0	257	257	257	257	257	257	257	257	257	257	256	256	256	256	256	256	256	256	256	256	252	252	252	252	252	252	252	252	252	252	252	252	252	252	252	252	252	252	252	246	246	246	246	246	246	246	246	246	245	245	245	224	224	224	224	224	224	224	223	223	223	223	223	223	223	223	223	223	223	223	223	142	142	142	142	142	142	142	141	141	141	141	141	141	141	141	139	139	139	139	139	139	98	98	98	98	98	98	89	89	89	89	89	0	0	0	0	0	0	0	0	0	0	0	0	0	0	0	0	0	0	0	0	0	0	0	0	0	0	0	0	0	0	0	0
0	0	0	0	0	0	0	0	0	0	0	0	0	0	0	0	0	0	0	0	0	0	257	257	257	257	257	257	257	257	257	257	256	256	256	256	256	256	256	256	256	252	252	252	252	252	252	252	252	252	252	252	252	252	252	252	252	252	252	246	246	246	246	246	246	246	246	246	246	245	245	245	245	224	224	224	224	224	224	224	224	213	213	223	223	223	223	223	223	223	223	223	223	223	142	142	142	142	142	142	141	141	141	141	141	141	141	139	139	139	139	139	139	139	139	98	98	98	98	98	89	89	89	89	0	0	0	0	0	0	0	0	0	0	0	0	0	0	0	0	0	0	0	0	0	0	0	0	0	0	0	0	0	0	0	0	0
0	0	0	0	0	0	0	0	0	0	0	0	0	0	0	0	0	0	0	0	0	0	257	257	257	257	257	257	257	257	257	257	255	255	255	256	256	256	256	256	256	252	252	252	252	252	252	252	252	252	252	252	252	252	252	252	252	252	247	246	246	246	246	246	246	246	247	247	245	245	245	245	224	224	224	224	224	224	224	224	213	213	213	208	208	208	208	223	223	223	223	223	223	223	142	142	142	142	142	140	141	141	141	141	141	141	139	139	139	139	139	139	139	139	139	98	98	89	89	89	89	89	0	0	0	0	0	0	0	0	0	0	0	0	0	0	0	0	0	0	0	0	0	0	0	0	0	0	0	0	0	0	0	0	0	0	0
0	0	0	0	0	0	0	0	0	0	0	0	0	0	0	0	0	0	0	0	0	0	0	257	257	257	257	257	257	257	257	255	255	255	255	255	256	256	252	252	252	252	252	252	252	252	252	252	252	252	252	252	252	252	252	252	252	252	247	247	247	247	247	247	247	247	247	245	245	245	245	224	224	224	224	224	224	224	224	213	213	213	208	208	208	208	208	208	223	223	223	223	223	223	223	142	142	142	140	140	140	140	141	141	139	139	139	139	139	139	139	139	139	139	139	136	136	89	89	89	89	0	0	0	0	0	0	0	0	0	0	0	0	0	0	0	0	0	0	0	0	0	0	0	0	0	0	0	0	0	0	0	0	0	0	0	0
0	0	0	0	0	0	0	0	0	0	0	0	0	0	0	0	0	0	0	0	0	0	0	257	257	257	257	257	257	257	257	255	255	255	255	255	255	252	252	252	252	252	252	252	252	252	252	252	250	252	252	252	252	252	252	252	252	252	247	247	247	247	247	247	247	247	245	245	245	245	225	224	224	224	224	224	224	224	213	213	213	208	208	208	208	208	208	208	223	223	223	223	223	223	223	223	140	140	140	140	140	138	138	139	139	139	139	139	139	139	139	139	136	136	136	136	135	135	130	130	0	0	0	0	0	0	0	0	0	0	0	0	0	0	0	0	0	0	0	0	0	0	0	0	0	0	0	0	0	0	0	0	0	0	0	0	0
0	0	0	0	0	0	0	0	0	0	0	0	0	0	0	0	0	0	0	0	0	0	254	257	257	257	257	257	257	257	255	255	255	255	255	255	252	252	252	252	252	252	252	252	252	250	250	250	250	250	252	252	252	252	252	252	252	252	247	247	247	247	247	247	245	245	245	245	245	225	225	224	224	224	224	224	224	213	213	213	208	208	208	208	208	208	208	208	208	223	223	223	223	223	223	223	140	140	140	140	140	138	138	138	138	139	139	139	139	139	139	136	136	136	136	135	135	135	130	130	130	0	0	0	0	0	0	0	0	0	0	0	0	0	0	0	0	0	0	0	0	0	0	0	0	0	0	0	0	0	0	0	0	0	0	0	0
0	0	0	0	0	0	0	0	0	0	0	0	0	0	0	0	0	0	0	0	0	0	254	254	257	257	257	254	254	255	255	255	255	255	255	255	252	252	252	252	252	252	252	250	250	250	250	250	250	250	250	250	250	250	247	247	247	247	247	247	247	247	247	245	245	245	245	245	225	225	225	224	224	224	224	224	213	213	213	208	208	208	208	208	208	208	208	208	208	208	223	223	223	223	223	140	140	140	140	140	140	138	138	138	138	138	139	139	139	139	139	136	136	136	136	135	135	135	130	130	130	130	130	0	0	0	0	0	0	0	0	0	0	0	0	0	0	0	0	0	0	0	0	0	0	0	0	0	0	0	0	0	0	0	0	0	0
0	0	0	0	0	0	0	0	0	0	0	0	0	0	0	0	0	0	0	0	0	0	254	254	254	254	254	254	254	255	255	255	255	255	255	255	252	252	252	252	252	252	252	250	250	250	250	250	250	250	250	250	247	247	247	247	247	247	247	247	247	245	245	245	245	245	245	225	225	225	224	224	224	224	224	213	213	213	208	208	208	208	208	208	208	208	208	208	208	208	208	223	223	223	223	140	140	140	140	140	138	138	138	138	138	138	138	136	136	136	136	136	136	136	135	135	135	135	130	130	130	130	130	130	0	0	0	0	0	0	0	0	0	0	0	0	0	0	0	0	0	0	0	0	0	0	0	0	0	0	0	0	0	0	0	0	0
0	0	0	0	0	0	0	0	0	0	0	0	0	0	0	0	0	0	0	0	0	0	254	254	254	254	254	254	254	254	254	254	255	255	255	255	252	252	252	252	252	250	250	250	250	250	250	250	250	250	250	247	247	247	247	247	247	247	247	247	245	245	245	245	245	245	225	225	225	224	224	224	224	224	213	213	213	213	208	208	208	208	208	208	208	208	208	208	208	208	208	208	223	223	140	140	140	140	140	138	138	138	138	138	138	138	138	136	136	136	136	136	136	135	135	135	135	135	130	130	130	130	130	130	0	0	0	0	0	0	0	0	0	0	0	0	0	0	0	0	0	0	0	0	0	0	0	0	0	0	0	0	0	0	0	0	0
0	0	0	0	0	0	0	0	0	0	0	0	0	0	0	0	0	0	0	0	0	0	0	254	254	254	254	254	254	254	254	254	254	255	255	255	252	252	252	252	252	250	250	250	250	250	250	250	250	250	247	247	247	247	247	247	247	247	247	245	245	245	245	245	245	225	225	225	225	224	224	224	224	213	213	213	213	213	208	208	208	208	208	208	208	208	208	208	208	209	209	209	209	209	140	140	140	140	138	138	137	137	137	137	137	138	136	136	136	136	136	136	135	135	135	135	135	135	130	130	130	130	130	130	130	130	0	0	0	0	0	0	0	0	0	0	0	0	0	0	0	0	0	0	0	0	0	0	0	0	0	0	0	0	0	0	0
0	0	0	0	0	0	0	0	0	0	0	0	0	0	0	0	0	0	0	0	0	0	0	254	254	254	254	254	254	254	254	254	254	253	253	253	253	252	252	252	252	250	250	250	250	250	247	247	247	247	247	247	247	247	247	247	247	245	245	245	245	245	245	245	225	225	225	225	225	225	225	225	225	213	213	213	213	213	208	208	208	208	208	208	208	208	208	208	209	209	209	209	209	209	137	137	137	137	137	137	137	137	137	137	137	136	136	136	136	136	136	135	135	135	135	135	135	135	131	130	130	130	130	130	130	130	0	0	0	0	0	0	0	0	0	0	0	0	0	0	0	0	0	0	0	0	0	0	0	0	0	0	0	0	0	0	0
0	0	0	0	0	0	0	0	0	0	0	0	0	0	0	0	0	0	0	0	0	0	0	254	254	254	254	254	254	254	254	254	253	253	253	253	253	252	252	251	250	250	250	250	250	247	247	247	247	247	247	247	247	247	247	247	245	245	245	245	245	245	225	225	225	225	225	225	225	225	225	225	221	213	213	213	213	213	208	208	208	208	208	208	208	208	208	209	209	209	209	209	209	209	137	137	137	137	137	137	137	137	137	137	137	136	136	136	136	136	136	135	135	135	135	135	135	135	131	130	130	130	130	130	130	130	0	0	0	0	0	0	0	0	0	0	0	0	0	0	0	0	0	0	0	0	0	0	0	0	0	0	0	0	0	0	0
0	0	0	0	0	0	0	0	0	0	0	0	0	0	0	0	0	0	0	0	0	0	0	254	254	254	254	254	254	254	254	253	253	253	253	253	253	251	251	251	250	250	250	250	247	247	247	247	247	247	247	247	247	247	247	247	245	245	245	245	245	225	225	225	225	225	225	225	225	225	225	221	221	213	213	213	213	210	208	208	208	209	209	209	209	209	209	209	209	209	209	209	209	209	209	137	137	137	137	137	137	137	137	137	136	136	136	136	136	136	134	134	134	134	135	135	135	135	131	130	130	130	130	130	130	130	0	0	0	0	0	0	0	0	0	0	0	0	0	0	0	0	0	0	0	0	0	0	0	0	0	0	0	0	0	0	0
0	0	0	0	0	0	0	0	0	0	0	0	0	0	0	0	0	0	0	0	0	0	0	254	254	254	254	254	254	253	253	253	253	253	253	253	251	251	251	251	249	249	249	249	247	247	247	247	247	247	247	247	247	247	247	245	245	245	245	245	225	225	225	225	225	225	225	225	225	225	225	221	221	213	213	213	213	210	210	210	209	209	209	209	209	209	209	209	209	209	209	209	209	209	209	209	137	137	137	137	137	137	137	136	136	136	136	136	136	134	134	134	134	134	133	133	133	131	131	131	130	130	130	130	130	130	130	0	0	0	0	0	0	0	0	0	0	0	0	0	0	0	0	0	0	0	0	0	0	0	0	0	0	0	0	0	0
0	0	0	0	0	0	0	0	0	0	0	0	0	0	0	0	0	0	0	0	0	0	0	254	254	254	254	254	254	253	253	253	253	253	253	251	251	251	251	249	249	249	249	247	247	247	247	247	247	247	247	247	245	245	245	245	245	245	245	245	225	225	225	225	225	225	225	225	225	225	225	221	221	213	213	213	213	210	210	210	210	210	210	210	211	211	211	211	211	211	209	209	209	209	209	209	211	211	137	137	137	136	136	136	136	136	136	136	136	134	134	134	134	133	133	133	133	131	131	131	130	130	130	130	130	130	130	0	0	0	0	0	0	0	0	0	0	0	0	0	0	0	0	0	0	0	0	0	0	0	0	0	0	0	0	0	0
0	0	0	0	0	0	0	0	0	0	0	0	0	0	0	0	0	0	0	0	0	0	0	254	254	254	254	254	254	254	253	253	253	253	251	251	251	251	249	249	249	248	247	247	247	247	247	247	247	247	247	247	245	245	245	245	245	245	245	225	225	225	225	225	225	225	225	225	225	225	225	221	221	213	213	213	213	210	210	210	210	210	210	211	211	211	211	211	211	211	211	211	211	211	211	211	211	211	216	137	136	136	136	136	136	136	136	136	127	127	127	127	126	133	133	133	133	133	133	131	131	131	129	130	130	130	130	130	0	0	0	0	0	0	0	0	0	0	0	0	0	0	0	0	0	0	0	0	0	0	0	0	0	0	0	0	0
0	0	0	0	0	0	0	0	0	0	0	0	0	0	0	0	0	0	0	0	0	0	0	254	254	254	254	254	254	248	248	248	248	251	251	251	251	249	249	248	248	248	247	247	247	247	247	247	247	247	247	245	245	245	245	245	245	245	225	225	225	225	225	225	225	225	225	225	225	225	225	221	221	213	213	213	213	210	210	210	210	210	211	211	211	211	211	211	211	211	211	211	211	211	211	211	211	211	216	215	136	136	136	136	136	136	127	127	127	127	127	127	126	126	126	133	133	133	132	131	129	129	129	129	130	130	130	129	0	0	0	0	0	0	0	0	0	0	0	0	0	0	0	0	0	0	0	0	0	0	0	0	0	0	0	0	0
0	0	0	0	0	0	0	0	0	0	0	0	0	0	0	0	0	0	0	0	0	0	0	0	254	254	254	248	248	248	248	248	248	248	251	251	249	249	248	248	248	248	247	247	247	247	247	247	245	245	245	245	245	245	245	245	245	225	225	225	225	225	225	225	225	225	225	225	225	225	221	221	221	213	213	213	213	210	210	210	210	211	211	211	211	211	211	211	211	211	211	211	211	211	211	218	211	216	216	215	215	215	136	136	136	127	127	127	127	127	127	126	126	126	126	133	133	132	132	132	129	129	129	129	129	129	129	129	0	0	0	0	0	0	0	0	0	0	0	0	0	0	0	0	0	0	0	0	0	0	0	0	0	0	0	0	0
0	0	0	0	0	0	0	0	0	0	0	0	0	0	0	0	0	0	0	0	0	0	0	0	254	254	254	248	248	248	248	248	248	248	248	248	248	248	248	248	248	248	247	247	247	245	245	245	245	245	245	245	245	245	245	245	225	225	225	225	225	225	225	225	225	225	225	225	225	221	221	221	221	213	213	213	212	210	210	210	211	211	211	211	211	211	211	211	211	211	211	211	211	218	218	218	216	216	216	215	215	215	215	215	127	127	127	127	127	127	127	126	126	126	126	126	133	132	132	132	132	129	129	129	129	129	129	129	129	0	0	0	0	0	0	0	0	0	0	0	0	0	0	0	0	0	0	0	0	0	0	0	0	0	0	0	0
0	0	0	0	0	0	0	0	0	0	0	0	0	0	0	0	0	0	0	0	0	0	0	0	0	0	0	248	248	248	248	248	248	248	248	248	248	248	248	248	248	248	248	245	245	245	245	245	245	245	245	245	245	245	228	228	225	225	225	225	225	225	225	225	225	225	225	225	225	221	221	221	221	213	213	212	212	212	210	211	211	211	211	211	211	211	211	211	211	211	211	218	218	218	218	216	216	216	216	215	215	215	215	215	215	127	127	127	127	127	126	126	126	126	126	126	126	126	132	132	132	132	132	129	129	129	129	129	129	0	0	0	0	0	0	0	0	0	0	0	0	0	0	0	0	0	0	0	0	0	0	0	0	0	0	0	0
0	0	0	0	0	0	0	0	0	0	0	0	0	0	0	0	0	0	0	0	0	0	0	0	0	0	0	248	248	248	248	248	248	248	248	248	248	248	248	248	248	248	248	248	244	244	244	244	244	245	245	245	245	228	228	228	225	225	225	225	225	225	225	225	225	225	225	225	221	221	221	221	221	221	213	212	212	212	211	211	211	211	211	211	211	211	211	211	211	211	218	218	218	218	218	216	216	216	216	216	215	215	215	215	215	126	126	126	126	126	126	126	126	126	126	126	126	126	126	132	132	132	132	132	129	129	129	129	129	0	0	0	0	0	0	0	0	0	0	0	0	0	0	0	0	0	0	0	0	0	0	0	0	0	0	0	0
0	0	0	0	0	0	0	0	0	0	0	0	0	0	0	0	0	0	0	0	0	0	0	0	0	0	248	248	248	248	248	248	248	248	248	248	248	248	248	248	248	248	248	248	244	244	244	244	244	244	245	245	228	228	228	228	225	225	225	225	225	225	225	225	225	225	225	225	221	221	221	221	221	221	214	214	214	214	214	219	219	219	219	219	219	218	218	218	218	218	218	218	218	218	216	216	216	216	216	216	215	215	215	215	215	215	126	126	126	126	126	126	126	126	126	126	126	126	132	132	132	132	132	132	132	129	129	129	129	0	0	0	0	0	0	0	0	0	0	0	0	0	0	0	0	0	0	0	0	0	0	0	0	0	0	0	0
0	0	0	0	0	0	0	0	0	0	0	0	0	0	0	0	0	0	0	0	0	0	0	0	0	0	248	248	248	248	248	248	248	248	248	248	248	248	248	248	248	248	248	248	244	244	244	244	244	233	233	228	228	228	225	225	225	225	225	225	225	225	225	225	225	225	221	221	221	221	221	221	221	221	214	214	214	214	219	219	219	219	219	219	218	218	218	218	218	218	218	218	218	216	216	216	216	216	216	216	215	215	215	215	182	182	182	126	126	126	126	126	126	126	126	126	126	125	125	125	125	125	132	132	132	132	129	129	129	129	0	0	0	0	0	0	0	0	0	0	0	0	0	0	0	0	0	0	0	0	0	0	0	0	0	0	0
0	0	0	0	0	0	0	0	0	0	0	0	0	0	0	0	0	0	0	0	0	0	0	0	0	0	248	248	248	248	248	248	248	248	248	248	248	248	248	248	248	248	248	248	244	244	244	243	233	233	228	228	228	227	225	225	225	225	225	225	226	226	226	226	226	221	221	221	221	221	221	221	221	221	214	214	214	214	219	219	219	219	219	218	218	218	218	218	218	218	218	218	218	216	216	216	216	216	216	215	215	215	215	182	182	182	182	126	126	126	126	126	126	126	126	126	126	125	125	125	125	125	125	132	132	132	129	129	129	129	129	0	0	0	0	0	0	0	0	0	0	0	0	0	0	0	0	0	0	0	0	0	0	0	0	0	0
0	0	0	0	0	0	0	0	0	0	0	0	0	0	0	0	0	0	0	0	0	0	0	0	0	0	248	248	248	248	248	248	248	248	248	248	248	248	248	248	248	248	248	243	243	243	243	243	233	232	228	228	228	227	227	226	226	225	225	225	226	226	226	226	231	221	221	221	221	221	221	221	221	221	214	214	214	219	219	219	219	219	218	218	218	218	218	218	218	218	218	218	216	216	216	216	216	216	216	215	215	215	182	182	182	182	182	180	180	180	126	126	126	126	126	126	126	126	125	125	125	125	125	132	132	132	128	128	128	129	129	129	0	0	0	0	0	0	0	0	0	0	0	0	0	0	0	0	0	0	0	0	0	0	0	0	0
0	0	0	0	0	0	0	0	0	0	0	0	0	0	0	0	0	0	0	0	0	0	0	0	0	0	248	248	248	248	248	248	248	248	248	248	248	248	248	248	248	243	243	243	243	243	243	243	232	232	232	228	228	228	227	226	226	226	226	226	226	226	226	231	231	221	221	221	221	221	221	221	221	221	221	221	214	219	219	219	219	219	218	218	218	218	218	218	218	218	218	216	216	216	216	216	216	216	215	215	215	215	182	182	182	182	180	180	180	180	126	126	126	126	126	124	124	124	125	125	125	125	125	125	132	128	128	128	128	128	128	128	0	0	0	0	0	0	0	0	0	0	0	0	0	0	0	0	0	0	0	0	0	0	0	0	0
0	0	0	0	0	0	0	0	0	0	0	0	0	0	0	0	0	0	0	0	0	0	0	0	0	0	248	248	248	248	248	248	248	248	248	248	248	248	248	248	243	243	243	243	243	243	243	243	232	232	232	232	228	228	228	226	226	226	226	226	226	226	231	231	231	231	221	221	221	221	221	221	221	221	221	221	221	220	220	219	219	217	217	217	217	217	217	217	217	217	217	216	216	216	216	216	215	215	215	215	215	182	182	182	182	182	180	180	180	180	180	126	126	126	126	124	124	124	124	125	124	125	124	124	124	128	128	128	128	128	128	0	0	0	0	0	0	0	0	0	0	0	0	0	0	0	0	0	0	0	0	0	0	0	0	0	0
0	0	0	0	0	0	0	0	0	0	0	0	0	0	0	0	0	0	0	0	0	0	0	0	0	0	248	248	248	248	248	248	248	243	243	243	243	243	248	243	243	243	243	243	243	243	243	232	232	232	232	231	231	231	231	231	231	231	231	231	231	231	231	231	231	221	221	221	221	221	221	221	221	221	221	221	221	220	220	219	219	217	217	217	217	217	217	217	217	217	217	216	216	216	216	215	215	215	215	215	215	182	182	180	180	180	180	180	180	180	180	126	126	126	126	124	124	124	124	124	124	124	124	124	124	128	128	128	128	128	128	128	0	0	0	0	0	0	0	0	0	0	0	0	0	0	0	0	0	0	0	0	0	0	0	0	0
0	0	0	0	0	0	0	0	0	0	0	0	0	0	0	0	0	0	0	0	0	0	0	0	0	0	0	248	248	248	248	248	243	243	243	243	243	243	243	243	243	243	243	243	243	243	243	232	232	232	232	231	231	231	231	231	231	231	231	231	231	231	231	231	231	221	221	221	221	221	221	221	221	221	221	221	220	220	220	220	219	219	217	217	217	217	217	217	217	217	217	215	215	215	215	215	215	215	215	215	182	182	180	180	180	180	180	180	180	181	181	181	181	181	124	124	124	124	124	124	124	124	124	124	124	124	128	128	128	128	128	128	0	0	0	0	0	0	0	0	0	0	0	0	0	0	0	0	0	0	0	0	0	0	0	0	0
0	0	0	0	0	0	0	0	0	0	0	0	0	0	0	0	0	0	0	0	0	0	0	0	0	0	0	0	248	248	248	240	240	243	243	243	243	243	243	243	243	243	243	243	243	243	243	232	232	232	232	230	231	231	231	231	231	231	231	231	231	231	231	231	231	221	221	221	221	221	221	221	221	221	221	221	220	220	220	220	220	220	220	217	217	217	217	217	217	217	217	215	215	215	215	215	215	215	182	182	182	182	180	180	180	181	181	181	181	181	181	181	181	181	124	124	124	124	124	124	124	124	124	124	124	124	123	128	128	128	128	128	0	0	0	0	0	0	0	0	0	0	0	0	0	0	0	0	0	0	0	0	0	0	0	0	0
0	0	0	0	0	0	0	0	0	0	0	0	0	0	0	0	0	0	0	0	0	0	235	235	235	0	0	0	236	236	240	240	240	240	240	240	243	243	243	243	243	243	243	243	243	243	243	232	232	232	230	230	230	230	231	231	231	231	231	231	231	231	231	231	231	231	221	221	221	221	221	221	221	186	186	186	220	220	220	220	220	220	220	220	217	217	217	217	217	217	217	182	182	182	182	182	182	182	182	182	182	182	182	182	181	181	181	181	181	181	181	181	181	181	124	124	124	124	124	124	124	124	124	124	123	123	123	123	128	128	128	128	0	0	0	0	0	0	0	0	0	0	0	0	0	0	0	0	0	0	0	0	0	0	0	0	0
0	0	0	0	0	0	0	0	0	0	0	0	0	0	0	0	0	0	0	0	0	235	235	235	235	235	235	235	236	236	236	240	240	240	240	240	243	243	243	243	243	243	243	243	243	243	243	232	232	230	230	230	230	230	231	231	231	231	231	231	231	231	231	231	231	231	221	221	221	221	221	221	186	186	186	186	186	220	220	220	220	220	220	220	220	217	217	217	217	182	182	182	182	182	182	182	182	182	182	182	182	182	181	181	181	181	181	181	181	181	181	181	181	181	124	124	124	124	124	124	124	124	124	124	123	123	123	123	128	128	128	128	0	0	0	0	0	0	0	0	0	0	0	0	0	0	0	0	0	0	0	0	0	0	0	0	0
0	0	0	0	0	0	0	0	0	0	0	0	0	0	0	0	0	0	0	0	235	235	235	235	235	235	235	235	236	236	236	236	240	240	240	240	240	240	243	243	243	243	243	243	243	243	243	232	232	230	230	230	230	230	230	231	231	231	231	231	231	231	231	231	231	221	221	221	221	221	221	186	186	186	186	186	186	186	220	220	220	220	220	220	220	217	217	217	182	182	182	182	182	182	182	182	182	182	182	182	179	179	179	178	181	181	181	181	181	181	181	181	181	181	124	124	124	124	124	124	124	124	124	124	123	123	123	123	128	128	128	128	0	0	0	0	0	0	0	0	0	0	0	0	0	0	0	0	0	0	0	0	0	0	0	0	0
0	0	0	0	0	0	0	0	0	0	0	0	0	0	0	0	0	0	0	0	235	235	235	235	235	235	235	235	236	236	236	236	236	240	240	240	240	240	241	243	243	243	243	243	243	243	232	232	230	230	230	230	230	230	230	231	231	231	231	231	231	231	231	231	231	221	221	221	221	221	221	186	186	186	186	186	186	186	186	220	220	220	220	220	220	220	217	217	182	182	182	182	182	182	182	182	179	179	179	179	179	179	178	178	178	178	178	181	181	181	181	181	181	181	181	124	124	124	124	124	124	124	124	124	123	123	123	123	128	128	128	128	128	128	0	0	0	0	0	0	0	0	0	0	0	0	0	0	0	0	0	0	0	0	0	0	0
0	0	0	0	0	0	0	0	0	0	0	0	0	0	0	0	0	0	0	0	235	235	235	235	235	235	235	235	235	236	236	236	236	236	240	240	240	240	241	241	241	242	242	243	243	230	230	230	230	230	230	230	230	230	230	230	231	231	231	231	231	231	231	231	231	221	221	221	221	221	187	186	186	186	186	186	186	186	186	186	220	220	220	220	220	220	220	182	182	182	179	179	179	179	179	179	179	179	179	179	179	179	178	178	178	178	178	178	178	181	181	181	181	181	181	181	181	181	181	124	124	124	124	124	123	123	123	123	123	128	128	128	128	128	128	0	0	0	0	0	0	0	0	0	0	0	0	0	0	0	0	0	0	0	0	0	0
0	0	0	0	0	0	0	0	0	0	0	0	0	0	0	0	0	0	0	235	235	235	235	235	235	235	235	235	235	235	236	236	236	239	239	239	239	241	241	241	241	242	242	242	242	230	230	230	230	230	230	230	230	230	230	230	231	231	231	231	231	231	231	231	222	222	221	221	221	207	187	187	187	185	185	185	186	186	186	185	185	220	220	220	220	185	185	183	179	179	179	179	179	179	179	179	179	179	179	179	179	179	177	177	178	178	178	178	178	178	181	181	181	181	181	181	181	181	177	177	175	175	175	175	175	123	123	123	123	123	128	128	128	128	128	0	0	0	0	0	0	0	0	0	0	0	0	0	0	0	0	0	0	0	0	0	0
0	0	0	0	0	0	0	0	0	0	0	0	0	0	0	0	0	0	0	235	235	235	235	235	235	235	235	235	235	235	235	237	236	239	239	239	239	239	239	241	242	242	242	242	242	242	230	230	230	230	230	229	230	230	230	230	231	231	231	231	231	231	231	231	222	222	222	222	207	207	187	185	185	185	185	185	185	185	185	185	185	185	185	185	185	185	185	183	183	183	179	179	179	179	184	184	184	184	184	184	184	184	184	177	177	177	178	178	178	178	178	178	181	181	181	181	177	177	177	175	175	175	175	175	175	175	123	123	123	123	123	123	123	123	128	0	0	0	0	0	0	0	0	0	0	0	0	0	0	0	0	0	0	0	0	0	0
0	0	0	0	0	0	0	0	0	0	0	0	0	0	0	0	0	0	0	235	235	235	235	235	235	235	235	235	235	235	235	237	237	239	239	239	239	239	239	239	242	242	242	242	242	229	229	229	229	229	229	229	229	229	230	230	230	231	231	231	231	231	231	231	222	222	222	207	207	207	207	185	185	185	185	185	185	185	185	185	185	185	185	185	185	185	185	184	184	184	184	184	184	184	184	184	184	184	184	184	184	184	184	184	177	177	177	177	177	177	177	177	177	177	181	177	177	177	175	175	175	175	175	175	175	175	123	123	123	123	123	123	123	123	123	0	0	0	0	0	0	0	0	0	0	0	0	0	0	0	0	0	0	0	0	0	0
0	0	0	0	0	0	0	0	0	0	0	0	0	0	0	0	0	0	0	235	235	235	235	235	235	235	235	235	235	234	234	237	237	237	238	239	239	239	239	239	242	242	242	242	242	229	229	229	229	229	229	229	229	229	229	230	230	230	231	231	231	231	231	231	222	222	207	207	207	206	198	198	198	185	185	185	185	185	185	185	185	185	185	185	185	185	185	184	184	184	184	184	184	184	184	184	184	184	184	184	184	184	184	184	184	177	177	177	177	177	177	177	177	177	177	177	177	175	175	175	175	175	175	175	175	176	176	123	123	123	123	123	123	123	123	0	0	0	0	0	0	0	0	0	0	0	0	0	0	0	0	0	0	0	0	0	0
0	0	0	0	0	0	0	0	0	0	0	0	0	0	0	0	0	0	0	235	235	235	235	235	235	235	235	234	234	234	234	237	237	237	238	238	239	239	239	239	242	242	242	242	242	229	229	229	229	229	229	229	229	229	229	230	230	230	230	231	231	231	231	231	222	222	207	206	206	206	198	198	198	198	198	185	185	185	185	194	194	194	194	194	193	191	191	191	191	191	184	184	184	184	184	184	184	184	184	184	184	184	184	184	184	184	177	177	177	177	177	177	177	177	177	177	175	175	175	175	175	175	175	175	176	176	176	123	123	123	123	123	188	123	123	0	0	0	0	0	0	0	0	0	0	0	0	0	0	0	0	0	0	0	0	0	0
0	0	0	0	0	0	0	0	0	0	0	0	0	0	0	0	0	0	0	0	0	0	235	235	235	234	234	234	234	234	234	234	237	238	238	238	238	238	238	238	242	242	242	242	242	242	229	229	229	229	229	229	229	229	229	230	230	230	230	230	231	231	231	231	222	222	207	206	206	206	198	198	198	198	194	194	194	194	194	194	194	194	194	193	193	191	191	191	191	191	191	191	191	191	191	191	191	184	184	184	184	184	184	184	184	184	184	177	177	177	177	177	177	177	177	176	176	176	176	176	176	176	176	176	176	176	176	123	123	123	188	188	188	188	188	0	0	0	0	0	0	0	0	0	0	0	0	0	0	0	0	0	0	0	0	0	0
0	0	0	0	0	0	0	0	0	0	0	0	0	0	0	0	0	0	0	0	0	0	0	0	0	234	234	234	234	234	234	234	234	238	238	238	238	238	238	238	238	242	242	242	242	242	229	229	229	229	229	229	229	229	229	230	230	230	230	230	231	231	231	231	222	222	222	206	206	206	198	198	198	198	194	194	194	194	194	194	194	194	193	193	191	191	191	191	191	191	191	191	191	191	191	191	191	191	191	191	184	184	184	184	184	184	184	184	184	190	190	190	190	190	177	176	176	176	176	176	176	176	176	176	176	176	176	176	188	188	188	188	188	188	188	188	0	0	0	0	0	0	0	0	0	0	0	0	0	0	0	0	0	0	0	0	0
0	0	0	0	0	0	0	0	0	0	0	0	0	0	0	0	0	0	0	0	0	0	0	0	0	234	234	234	234	234	234	234	234	238	238	238	238	238	238	238	238	242	242	242	242	242	229	229	229	229	229	229	229	229	229	230	230	230	230	230	205	205	205	222	222	222	206	206	206	206	206	198	197	197	197	197	197	194	194	194	194	194	194	193	192	192	191	191	191	191	191	191	191	191	191	191	191	191	191	191	191	191	191	191	184	184	184	190	190	190	190	190	190	190	190	189	176	176	176	176	176	176	176	176	176	176	176	188	188	188	188	188	188	188	188	188	188	188	0	0	0	0	0	0	0	0	0	0	0	0	0	0	0	0	0	0	0
0	0	0	0	0	0	0	0	0	0	0	0	0	0	0	0	0	0	0	0	0	0	0	0	0	0	234	234	234	234	234	234	234	234	238	238	238	238	238	238	238	242	242	242	242	229	229	229	229	229	229	229	205	205	205	230	230	230	230	230	205	205	205	222	222	206	206	206	206	206	206	197	197	197	197	197	197	197	197	197	197	194	194	194	192	192	192	191	191	191	191	191	191	191	191	191	191	191	191	191	191	191	191	191	191	184	190	190	190	190	190	190	190	190	189	189	189	189	189	189	189	189	189	189	188	188	188	188	188	188	188	188	188	188	188	188	188	188	0	0	0	0	0	0	0	0	0	0	0	0	0	0	0	0	0	0	0
0	0	0	0	0	0	0	0	0	0	0	0	0	0	0	0	0	0	0	0	0	0	0	0	0	0	234	234	234	234	234	234	234	234	238	238	238	238	238	238	238	238	242	242	242	229	229	229	229	229	229	205	205	205	205	205	205	205	205	205	205	205	205	205	205	205	205	205	205	206	206	197	197	197	197	197	197	197	197	197	197	197	194	194	194	192	192	192	192	192	192	192	192	192	192	192	192	191	191	191	191	191	191	191	191	191	190	190	190	190	190	190	189	189	189	189	189	189	189	189	189	189	189	189	188	188	188	188	188	188	188	188	188	188	188	188	188	188	0	0	0	0	0	0	0	0	0	0	0	0	0	0	0	0	0	0	0
0	0	0	0	0	0	0	0	0	0	0	0	0	0	0	0	0	0	0	0	0	0	0	0	0	0	234	234	234	234	234	234	234	234	234	238	238	238	238	238	238	238	242	229	229	229	229	229	229	229	229	205	205	205	205	205	205	205	205	205	205	205	205	205	205	205	205	205	201	206	206	197	197	197	197	197	197	197	197	197	197	197	197	197	197	192	192	192	192	192	192	192	192	192	192	192	192	192	192	192	192	192	192	191	191	189	189	189	189	189	189	189	189	189	189	189	189	189	189	189	189	189	189	189	188	188	188	188	188	188	188	188	188	188	188	188	188	188	0	0	0	0	0	0	0	0	0	0	0	0	0	0	0	0	0	0	0
0	0	0	0	0	0	0	0	0	0	0	0	0	0	0	0	0	0	0	0	0	0	0	0	0	0	0	234	234	234	234	234	234	234	234	234	238	238	238	238	238	238	238	229	229	229	229	229	229	229	229	205	205	205	205	205	205	205	205	205	205	205	205	205	205	205	205	205	201	206	206	197	197	197	197	197	197	197	197	197	197	197	197	197	197	197	192	192	192	192	192	192	192	192	192	192	192	192	192	192	192	195	195	195	195	195	189	189	189	189	189	189	189	189	189	189	189	189	189	189	189	189	189	189	188	188	188	188	188	188	188	188	188	188	188	188	188	188	0	0	0	0	0	0	0	0	0	0	0	0	0	0	0	0	0	0	0
0	0	0	0	0	0	0	0	0	0	0	0	0	0	0	0	0	0	0	0	0	0	0	0	0	0	0	0	234	234	234	234	234	234	234	234	238	238	238	238	238	238	238	229	229	229	229	229	229	229	205	205	205	205	205	204	204	204	205	205	205	205	205	205	205	205	201	201	201	201	206	197	197	197	197	197	197	197	197	197	197	197	197	197	197	197	192	192	192	192	192	192	192	192	192	192	192	192	195	195	195	195	195	195	0	0	0	0	0	0	189	189	189	189	189	189	189	189	189	189	189	189	189	189	189	188	188	188	188	188	188	188	188	188	188	188	188	188	0	0	0	0	0	0	0	0	0	0	0	0	0	0	0	0	0	0	0
0	0	0	0	0	0	0	0	0	0	0	0	0	0	0	0	0	0	0	0	0	0	0	0	0	0	0	0	0	0	234	234	234	234	234	234	238	238	238	238	238	238	238	229	229	229	229	229	229	229	205	205	205	205	205	204	204	204	204	205	205	205	205	205	205	201	201	201	201	201	197	197	197	197	197	197	197	197	197	197	197	197	197	197	197	197	197	197	197	197	197	197	197	197	195	195	195	195	195	195	195	0	0	0	0	0	0	0	0	0	0	0	0	189	189	189	189	189	189	189	189	189	189	189	189	189	0	0	0	0	188	188	188	188	188	188	188	188	0	0	0	0	0	0	0	0	0	0	0	0	0	0	0	0	0	0	0
0	0	0	0	0	0	0	0	0	0	0	0	0	0	0	0	0	0	0	0	0	0	0	0	0	0	0	0	0	0	0	0	234	234	234	234	238	238	238	0	0	0	0	0	0	229	229	229	229	205	205	205	205	205	204	204	204	204	204	205	205	205	200	200	200	200	201	201	201	201	197	197	197	197	197	197	197	197	197	197	197	197	197	197	197	197	197	197	197	197	197	197	197	195	195	195	195	195	195	195	0	0	0	0	0	0	0	0	0	0	0	0	0	0	0	189	189	189	189	189	189	189	189	189	0	0	0	0	0	0	0	0	0	188	188	188	188	188	0	0	0	0	0	0	0	0	0	0	0	0	0	0	0	0	0	0	0
0	0	0	0	0	0	0	0	0	0	0	0	0	0	0	0	0	0	0	0	0	0	0	0	0	0	0	0	0	0	0	0	0	234	234	234	0	0	0	0	0	0	0	0	0	0	0	0	229	205	205	205	204	204	204	204	204	204	204	205	205	205	200	200	200	200	200	200	199	199	197	197	197	197	197	197	197	197	197	197	197	197	197	197	197	197	197	197	197	197	195	195	195	195	195	195	195	195	0	0	0	0	0	0	0	0	0	0	0	0	0	0	0	0	0	0	189	189	189	189	189	0	0	0	0	0	0	0	0	0	0	0	0	0	0	0	0	0	0	0	0	0	0	0	0	0	0	0	0	0	0	0	0	0	0	0	0
0	0	0	0	0	0	0	0	0	0	0	0	0	0	0	0	0	0	0	0	0	0	0	0	0	0	0	0	0	0	0	0	0	0	0	0	0	0	0	0	0	0	0	0	0	0	0	0	0	203	203	203	203	204	204	204	204	204	204	204	205	205	200	200	200	200	200	200	199	199	199	197	197	197	197	197	197	197	197	197	197	196	195	195	195	195	195	195	195	195	195	195	195	195	195	195	195	0	0	0	0	0	0	0	0	0	0	0	0	0	0	0	0	0	0	0	0	0	0	0	0	0	0	0	0	0	0	0	0	0	0	0	0	0	0	0	0	0	0	0	0	0	0	0	0	0	0	0	0	0	0	0	0	0	0	0	0
0	0	0	0	0	0	0	0	0	0	0	0	0	0	0	0	0	0	0	0	0	0	0	0	0	0	0	0	0	0	0	0	0	0	0	0	0	0	0	0	0	0	0	0	0	0	0	0	0	203	203	203	203	203	204	204	204	204	204	202	202	202	200	200	200	200	200	199	199	199	199	197	197	197	197	197	196	196	196	196	196	196	195	195	195	195	195	195	195	195	195	195	195	195	195	195	0	0	0	0	0	0	0	0	0	0	0	0	0	0	0	0	0	0	0	0	0	0	0	0	0	0	0	0	0	0	0	0	0	0	0	0	0	0	0	0	0	0	0	0	0	0	0	0	0	0	0	0	0	0	0	0	0	0	0	0	0
0	0	0	0	0	0	0	0	0	0	0	0	0	0	0	0	0	0	0	0	0	0	0	0	0	0	0	0	0	0	0	0	0	0	0	0	0	0	0	0	0	0	0	0	0	0	0	0	0	203	203	203	203	203	203	204	204	204	202	202	202	202	202	199	199	199	199	199	199	199	199	197	197	197	197	196	196	196	196	196	196	196	195	195	195	195	195	195	195	195	195	195	195	195	324	0	0	0	0	0	0	0	0	0	0	0	0	0	0	0	0	0	0	0	0	0	0	0	0	0	0	0	0	0	0	0	0	0	0	0	0	0	0	0	0	0	0	0	0	0	0	0	0	0	0	0	0	0	0	0	0	0	0	0	0	0	0
0	0	0	0	0	0	0	0	0	0	0	0	0	0	0	0	0	0	0	0	0	0	0	0	0	0	0	0	0	0	0	0	0	0	0	0	0	0	0	0	0	0	0	0	0	0	0	203	203	203	203	203	203	203	203	203	202	202	202	202	202	202	202	199	199	199	199	199	199	199	199	196	196	196	196	196	196	196	196	196	196	195	195	195	195	195	195	195	195	195	195	195	195	324	324	0	0	0	0	0	0	0	0	0	0	0	0	0	0	0	0	0	0	0	0	0	0	0	0	0	0	0	0	0	0	0	0	0	0	0	0	0	0	0	0	0	0	0	0	0	0	0	0	0	0	0	0	0	0	0	0	0	0	0	0	0	0
0	0	0	0	0	0	0	0	0	0	0	0	0	0	0	0	0	0	0	0	0	0	0	0	0	0	0	0	0	0	0	0	0	0	0	0	0	0	0	0	0	0	0	0	0	0	203	203	203	203	203	203	203	203	203	203	202	202	202	202	202	199	199	199	199	199	199	199	199	199	199	196	196	196	196	196	196	196	196	196	196	195	195	195	195	195	195	195	195	195	195	195	324	324	0	0	0	0	0	0	0	0	0	0	0	0	0	0	0	0	0	0	0	0	0	0	0	0	0	0	0	0	0	0	0	0	0	0	0	0	0	0	0	0	0	0	0	0	0	0	0	0	0	0	0	0	0	0	0	0	0	0	0	0	0	0	0
0	0	0	0	0	0	0	0	0	0	0	0	0	0	0	0	0	0	0	0	0	0	0	0	0	0	0	0	0	0	0	0	0	0	0	0	0	0	0	0	0	0	0	0	0	203	203	203	203	203	203	203	203	203	203	202	202	202	202	202	202	199	199	199	199	199	199	199	199	199	199	196	196	196	196	196	196	196	196	196	196	195	324	324	324	324	195	195	195	195	324	324	324	0	0	0	0	0	0	0	0	0	0	0	0	0	0	0	0	0	0	0	0	0	0	0	0	0	0	0	0	0	0	0	0	0	0	0	0	0	0	0	0	0	0	0	0	0	0	0	0	0	0	0	0	0	0	0	0	0	0	0	0	0	0	0	0
0	0	0	0	0	0	0	0	0	0	0	0	0	0	0	0	0	0	0	0	0	0	0	0	0	0	0	0	0	0	0	0	0	0	0	0	0	0	0	0	0	0	0	0	0	203	203	203	0	0	0	203	203	203	202	202	202	202	202	202	199	199	199	199	199	199	199	199	199	199	199	199	196	196	196	196	196	196	196	196	324	324	324	0	0	324	324	324	324	324	324	324	0	0	0	0	0	0	0	0	0	0	0	0	0	0	0	0	0	0	0	0	0	0	0	0	0	0	0	0	0	0	0	0	0	0	0	0	0	0	0	0	0	0	0	0	0	0	0	0	0	0	0	0	0	0	0	0	0	0	0	0	0	0	0	0	0
0	0	0	0	0	0	0	0	0	0	0	0	0	0	0	0	0	0	0	0	0	0	0	0	0	0	0	0	0	0	0	0	0	0	0	0	0	0	0	0	0	0	0	0	0	0	0	0	0	0	0	0	0	0	202	202	202	202	202	202	199	199	199	199	199	199	199	199	199	199	199	323	196	196	196	196	196	196	196	324	324	0	0	0	0	0	0	0	0	0	0	0	0	0	0	0	0	0	0	0	0	0	0	0	0	0	0	0	0	0	0	0	0	0	0	0	0	0	0	0	0	0	0	0	0	0	0	0	0	0	0	0	0	0	0	0	0	0	0	0	0	0	0	0	0	0	0	0	0	0	0	0	0	0	0	0	0
0	0	0	0	0	0	0	0	0	0	0	0	0	0	0	0	0	0	0	0	0	0	0	0	0	0	0	0	0	0	0	0	0	0	0	0	0	0	0	0	0	0	0	0	0	0	0	0	0	0	0	0	0	0	202	202	202	202	202	202	199	199	199	199	199	199	199	199	199	323	323	323	323	196	196	196	196	196	196	324	0	0	0	0	0	0	0	0	0	0	0	0	0	0	0	0	0	0	0	0	0	0	0	0	0	0	0	0	0	0	0	0	0	0	0	0	0	0	0	0	0	0	0	0	0	0	0	0	0	0	0	0	0	0	0	0	0	0	0	0	0	0	0	0	0	0	0	0	0	0	0	0	0	0	0	0	0
0	0	0	0	0	0	0	0	0	0	0	0	0	0	0	0	0	0	0	0	0	0	0	0	0	0	0	0	0	0	0	0	0	0	0	0	0	0	0	0	0	0	0	0	0	0	0	0	0	0	0	0	0	0	0	202	202	202	202	202	199	199	199	199	199	199	199	199	323	323	323	323	323	323	196	196	196	196	196	0	0	0	0	0	0	0	0	0	0	0	0	0	0	0	0	0	0	0	0	0	0	0	0	0	0	0	0	0	0	0	0	0	0	0	0	0	0	0	0	0	0	0	0	0	0	0	0	0	0	0	0	0	0	0	0	0	0	0	0	0	0	0	0	0	0	0	0	0	0	0	0	0	0	0	0	0	0
0	0	0	0	0	0	0	0	0	0	0	0	0	0	0	0	0	0	0	0	0	0	0	0	0	0	0	0	0	0	0	0	0	0	0	0	0	0	0	0	0	0	0	0	0	0	0	0	0	0	0	0	0	0	0	0	202	202	202	202	199	199	199	199	199	199	199	199	199	323	323	323	323	323	323	196	196	196	196	0	0	0	0	0	0	0	0	0	0	0	0	0	0	0	0	0	0	0	0	0	0	0	0	0	0	0	0	0	0	0	0	0	0	0	0	0	0	0	0	0	0	0	0	0	0	0	0	0	0	0	0	0	0	0	0	0	0	0	0	0	0	0	0	0	0	0	0	0	0	0	0	0	0	0	0	0	0
0	0	0	0	0	0	0	0	0	0	0	0	0	0	0	0	0	0	0	0	0	0	0	0	0	0	0	0	0	0	0	0	0	0	0	0	0	0	0	0	0	0	0	0	0	0	0	0	0	0	0	0	0	0	0	0	0	0	0	0	0	199	199	199	199	199	199	199	199	0	323	323	323	323	323	323	323	196	0	0	0	0	0	0	0	0	0	0	0	0	0	0	0	0	0	0	0	0	0	0	0	0	0	0	0	0	0	0	0	0	0	0	0	0	0	0	0	0	0	0	0	0	0	0	0	0	0	0	0	0	0	0	0	0	0	0	0	0	0	0	0	0	0	0	0	0	0	0	0	0	0	0	0	0	0	0	0
0	0	0	0	0	0	0	0	0	0	0	0	0	0	0	0	0	0	0	0	0	0	0	0	0	0	0	0	0	0	0	0	0	0	0	0	0	0	0	0	0	0	0	0	0	0	0	0	0	0	0	0	0	0	0	0	0	0	0	0	0	0	199	199	199	199	199	199	0	0	0	0	323	323	323	323	323	0	0	0	0	0	0	0	0	0	0	0	0	0	0	0	0	0	0	0	0	0	0	0	0	0	0	0	0	0	0	0	0	0	0	0	0	0	0	0	0	0	0	0	0	0	0	0	0	0	0	0	0	0	0	0	0	0	0	0	0	0	0	0	0	0	0	0	0	0	0	0	0	0	0	0	0	0	0	0	0
0	0	0	0	0	0	0	0	0	0	0	0	0	0	0	0	0	0	0	0	0	0	0	0	0	0	0	0	0	0	0	0	0	0	0	0	0	0	0	0	0	0	0	0	0	0	0	0	0	0	0	0	0	0	0	0	0	0	0	0	0	0	0	0	0	199	199	0	0	0	0	0	0	323	323	323	0	0	0	0	0	0	0	0	0	0	0	0	0	0	0	0	0	0	0	0	0	0	0	0	0	0	0	0	0	0	0	0	0	0	0	0	0	0	0	0	0	0	0	0	0	0	0	0	0	0	0	0	0	0	0	0	0	0	0	0	0	0	0	0	0	0	0	0	0	0	0	0	0	0	0	0	0	0	0	0	0
0	0	0	0	0	0	0	0	0	0	0	0	0	0	0	0	0	0	0	0	0	0	0	0	0	0	0	0	0	0	0	0	0	0	0	0	0	0	0	0	0	0	0	0	0	0	0	0	0	0	0	0	0	0	0	0	0	0	0	0	0	0	0	0	0	0	0	0	0	0	0	0	0	0	0	0	0	0	0	0	0	0	0	0	0	0	0	0	0	0	0	0	0	0	0	0	0	0	0	0	0	0	0	0	0	0	0	0	0	0	0	0	0	0	0	0	0	0	0	0	0	0	0	0	0	0	0	0	0	0	0	0	0	0	0	0	0	0	0	0	0	0	0	0	0	0	0	0	0	0	0	0	0	0	0	0	0
