single point
        finf_1                      0.4830349790000000    1.000000000000000   0.0000000000000000
       finf_10                      0.4724939850000000    1.000000000000000   0.0000000000000000
       finf_11                      0.4725155950000000    1.000000000000000   0.0000000000000000
       finf_12                      0.4725429780000000    1.000000000000000   0.0000000000000000
       finf_13                      0.4725061360000000    1.000000000000000   0.0000000000000000
       finf_14                      0.4829444150000000    1.000000000000000   0.0000000000000000
       finf_15                      0.4826724130000000    1.000000000000000   0.0000000000000000
       finf_16                      0.4829982250000000    1.000000000000000   0.0000000000000000
       finf_17                      0.4832219820000000    1.000000000000000   0.0000000000000000
       finf_18                      0.4832837410000000    1.000000000000000   0.0000000000000000
       finf_19                      0.4830351960000000    1.000000000000000   0.0000000000000000
        finf_2                      0.4829525980000000    1.000000000000000   0.0000000000000000
       finf_20                      0.5284618880000000    1.000000000000000   0.0000000000000000
       finf_21                      0.4831375010000000    1.000000000000000   0.0000000000000000
       finf_22                      0.4828034910000000    1.000000000000000   0.0000000000000000
        finf_3                      0.4829945680000000    1.000000000000000   0.0000000000000000
        finf_4                      0.4105174910000000    1.000000000000000   0.0000000000000000
        finf_5                      0.4105517980000000    1.000000000000000   0.0000000000000000
        finf_6                      0.4830234920000000    1.000000000000000   0.0000000000000000
        finf_7                      0.4725058280000000    1.000000000000000   0.0000000000000000
        finf_8                      0.4725117330000000    1.000000000000000   0.0000000000000000
        finf_9                      0.4725980950000000    1.000000000000000   0.0000000000000000
          ks_1                      1.018100679000000    1.000000000000000   0.0000000000000000
         ks_10                      1.766535847000000    1.000000000000000   0.0000000000000000
        ks_100                      1.000000000000000e-05    1.000000000000000   0.0000000000000000
        ks_101                      0.0008432950000000000    1.000000000000000   0.0000000000000000
        ks_102                      7.970000000000000e-05    1.000000000000000   0.0000000000000000
        ks_103                      0.0004376070000000000    1.000000000000000   0.0000000000000000
        ks_104                      1.000000000000000e-05    1.000000000000000   0.0000000000000000
        ks_105                      1.010000000000000e-05    1.000000000000000   0.0000000000000000
        ks_106                      0.0001451330000000000    1.000000000000000   0.0000000000000000
        ks_107                      0.0003132960000000000    1.000000000000000   0.0000000000000000
        ks_108                      4.340501134000000    1.000000000000000   0.0000000000000000
        ks_109                      6.886990867000000    1.000000000000000   0.0000000000000000
         ks_11                      0.3231130970000000    1.000000000000000   0.0000000000000000
        ks_110                      3.931677341000000    1.000000000000000   0.0000000000000000
        ks_111                      4.848953600000000    1.000000000000000   0.0000000000000000
        ks_112                      3.134705054000000    1.000000000000000   0.0000000000000000
        ks_113                      1.063740790000000    1.000000000000000   0.0000000000000000
        ks_114                      7.758087400000000    1.000000000000000   0.0000000000000000
        ks_115                      6.425313328000000    1.000000000000000   0.0000000000000000
        ks_116                      0.3988678190000000    1.000000000000000   0.0000000000000000
        ks_117                      13.41022383000000    1.000000000000000   0.0000000000000000
        ks_118                      2.038051012000000    1.000000000000000   0.0000000000000000
        ks_119                      10.45940925000000    1.000000000000000   0.0000000000000000
         ks_12                      8.950802353000000    1.000000000000000   0.0000000000000000
        ks_120                      0.1599745310000000    1.000000000000000   0.0000000000000000
        ks_121                      2.147037605000000    1.000000000000000   0.0000000000000000
        ks_122                      38.48924137000000    1.000000000000000   0.0000000000000000
        ks_123                      11.21359042000000    1.000000000000000   0.0000000000000000
        ks_124                      2.009762025000000    1.000000000000000   0.0000000000000000
        ks_125                      500.0000000000000    1.000000000000000   0.0000000000000000
        ks_126                      499.9697655000000    1.000000000000000   0.0000000000000000
        ks_127                      1.953109501000000    1.000000000000000   0.0000000000000000
        ks_128                      3.362834656000000    1.000000000000000   0.0000000000000000
        ks_129                      5.995068512000000    1.000000000000000   0.0000000000000000
         ks_13                      1.738850829000000    1.000000000000000   0.0000000000000000
        ks_130                      14.31778955000000    1.000000000000000   0.0000000000000000
        ks_131                      0.0002011940000000000    1.000000000000000   0.0000000000000000
        ks_132                      0.0002001800000000000    1.000000000000000   0.0000000000000000
        ks_133                      0.0002019930000000000    1.000000000000000   0.0000000000000000
        ks_134                      0.02629121200000000    1.000000000000000   0.0000000000000000
        ks_135                      0.0001587080000000000    1.000000000000000   0.0000000000000000
        ks_136                      0.0002910020000000000    1.000000000000000   0.0000000000000000
        ks_137                      0.004190670000000000    1.000000000000000   0.0000000000000000
        ks_138                      6.311478700000000    1.000000000000000   0.0000000000000000
        ks_139                      0.0002288620000000000    1.000000000000000   0.0000000000000000
         ks_14                      4.541065896000000    1.000000000000000   0.0000000000000000
        ks_140                      14.53057403000000    1.000000000000000   0.0000000000000000
        ks_141                      0.0001978270000000000    1.000000000000000   0.0000000000000000
        ks_142                      0.0001998930000000000    1.000000000000000   0.0000000000000000
        ks_143                      0.001743418000000000    1.000000000000000   0.0000000000000000
        ks_144                      1.009855928000000    1.000000000000000   0.0000000000000000
        ks_145                      29.03746459000000    1.000000000000000   0.0000000000000000
        ks_146                      5.733920280000000    1.000000000000000   0.0000000000000000
        ks_147                      4.062446194000000    1.000000000000000   0.0000000000000000
        ks_148                      5.996988200000000    1.000000000000000   0.0000000000000000
        ks_149                      0.0002640820000000000    1.000000000000000   0.0000000000000000
         ks_15                      2.721657646000000    1.000000000000000   0.0000000000000000
        ks_150                      7.232194525000000    1.000000000000000   0.0000000000000000
        ks_151                      6.005885095000000    1.000000000000000   0.0000000000000000
        ks_152                      0.09755795300000000    1.000000000000000   0.0000000000000000
        ks_153                      37.12919801000000    1.000000000000000   0.0000000000000000
        ks_154                      56.55438516000000    1.000000000000000   0.0000000000000000
        ks_155                      0.0001960110000000000    1.000000000000000   0.0000000000000000
        ks_156                      0.1850214570000000    1.000000000000000   0.0000000000000000
        ks_157                      0.1909749600000000    1.000000000000000   0.0000000000000000
        ks_158                      0.6249083290000000    1.000000000000000   0.0000000000000000
        ks_159                      0.02677866700000000    1.000000000000000   0.0000000000000000
         ks_16                      499.9909970000000    1.000000000000000   0.0000000000000000
        ks_160                      1.030867543000000    1.000000000000000   0.0000000000000000
        ks_161                      280.5096595000000    1.000000000000000   0.0000000000000000
        ks_162                      0.1866631580000000    1.000000000000000   0.0000000000000000
        ks_163                      0.06879488100000000    1.000000000000000   0.0000000000000000
        ks_164                      0.05453024200000000    1.000000000000000   0.0000000000000000
        ks_165                      6.212854250000000    1.000000000000000   0.0000000000000000
        ks_166                      0.01564777500000000    1.000000000000000   0.0000000000000000
        ks_167                      0.03798260400000000    1.000000000000000   0.0000000000000000
        ks_168                      0.1253535550000000    1.000000000000000   0.0000000000000000
        ks_169                      0.0002633780000000000    1.000000000000000   0.0000000000000000
         ks_17                      1.670285576000000    1.000000000000000   0.0000000000000000
        ks_170                      0.002036425000000000    1.000000000000000   0.0000000000000000
        ks_171                      1.088933795000000    1.000000000000000   0.0000000000000000
        ks_172                      0.01919783700000000    1.000000000000000   0.0000000000000000
        ks_173                      0.008000699000000000    1.000000000000000   0.0000000000000000
        ks_174                      5.844927971000000    1.000000000000000   0.0000000000000000
        ks_175                      0.1251750060000000    1.000000000000000   0.0000000000000000
        ks_176                      0.004543436000000000    1.000000000000000   0.0000000000000000
        ks_177                      1.108653491000000    1.000000000000000   0.0000000000000000
        ks_178                      0.0002008200000000000    1.000000000000000   0.0000000000000000
        ks_179                      2.070672196000000    1.000000000000000   0.0000000000000000
         ks_18                      2.527857911000000    1.000000000000000   0.0000000000000000
        ks_180                      1.910000000000000e-05    1.000000000000000   0.0000000000000000
        ks_181                      0.3152396870000000    1.000000000000000   0.0000000000000000
        ks_182                      4.853004324000000    1.000000000000000   0.0000000000000000
        ks_183                      0.9639800960000000    1.000000000000000   0.0000000000000000
        ks_184                      0.0004035100000000000    1.000000000000000   0.0000000000000000
        ks_185                      9.560000000000001e-05    1.000000000000000   0.0000000000000000
        ks_186                      9.840000000000001e-05    1.000000000000000   0.0000000000000000
        ks_187                      0.0001093910000000000    1.000000000000000   0.0000000000000000
        ks_188                      0.0003936760000000000    1.000000000000000   0.0000000000000000
        ks_189                      0.0001123700000000000    1.000000000000000   0.0000000000000000
         ks_19                      44.72369455000000    1.000000000000000   0.0000000000000000
        ks_190                      1.000000000000000e-05    1.000000000000000   0.0000000000000000
        ks_191                      0.0001009480000000000    1.000000000000000   0.0000000000000000
        ks_192                      0.0001287080000000000    1.000000000000000   0.0000000000000000
        ks_193                      1.020000000000000e-05    1.000000000000000   0.0000000000000000
        ks_194                      1.000000000000000e-05    1.000000000000000   0.0000000000000000
        ks_195                      0.0007756510000000000    1.000000000000000   0.0000000000000000
        ks_196                      1.000000000000000e-05    1.000000000000000   0.0000000000000000
        ks_197                      0.0001310960000000000    1.000000000000000   0.0000000000000000
        ks_198                      0.0001686000000000000    1.000000000000000   0.0000000000000000
        ks_199                      1.110000000000000e-05    1.000000000000000   0.0000000000000000
          ks_2                      0.03110501500000000    1.000000000000000   0.0000000000000000
         ks_20                      0.3364765210000000    1.000000000000000   0.0000000000000000
        ks_200                      1.020000000000000e-05    1.000000000000000   0.0000000000000000
        ks_201                      1.110000000000000e-05    1.000000000000000   0.0000000000000000
        ks_202                      0.0001015440000000000    1.000000000000000   0.0000000000000000
        ks_203                      0.0001137730000000000    1.000000000000000   0.0000000000000000
        ks_204                      9.920000000000000e-05    1.000000000000000   0.0000000000000000
        ks_205                      0.0001040700000000000    1.000000000000000   0.0000000000000000
        ks_206                      1.000000000000000e-05    1.000000000000000   0.0000000000000000
        ks_207                      0.0001022730000000000    1.000000000000000   0.0000000000000000
        ks_208                      1.390000000000000e-05    1.000000000000000   0.0000000000000000
        ks_209                      0.0002946450000000000    1.000000000000000   0.0000000000000000
         ks_21                      0.6676462909999999    1.000000000000000   0.0000000000000000
        ks_210                      8.680000000000000e-05    1.000000000000000   0.0000000000000000
        ks_211                      8.830000000000001e-05    1.000000000000000   0.0000000000000000
        ks_212                      0.0001026120000000000    1.000000000000000   0.0000000000000000
        ks_213                      9.570000000000000e-05    1.000000000000000   0.0000000000000000
        ks_214                      9.930000000000000e-05    1.000000000000000   0.0000000000000000
        ks_215                      9.820000000000000e-05    1.000000000000000   0.0000000000000000
        ks_216                      0.0001003170000000000    1.000000000000000   0.0000000000000000
        ks_217                      9.630000000000000e-05    1.000000000000000   0.0000000000000000
        ks_218                      5.250000000000000e-05    1.000000000000000   0.0000000000000000
        ks_219                      0.0001038900000000000    1.000000000000000   0.0000000000000000
         ks_22                      0.4508593390000000    1.000000000000000   0.0000000000000000
        ks_220                      9.250000000000000e-05    1.000000000000000   0.0000000000000000
        ks_221                      0.0001336160000000000    1.000000000000000   0.0000000000000000
        ks_222                      0.0001088410000000000    1.000000000000000   0.0000000000000000
        ks_223                      0.0001164890000000000    1.000000000000000   0.0000000000000000
        ks_224                      9.990000000000000e-05    1.000000000000000   0.0000000000000000
        ks_225                      1.010000000000000e-05    1.000000000000000   0.0000000000000000
        ks_226                      0.0001060930000000000    1.000000000000000   0.0000000000000000
        ks_227                      8.690000000000000e-05    1.000000000000000   0.0000000000000000
        ks_228                      8.890000000000001e-05    1.000000000000000   0.0000000000000000
        ks_229                      0.0004269370000000000    1.000000000000000   0.0000000000000000
         ks_23                      249.8205760000000    1.000000000000000   0.0000000000000000
        ks_230                      1.010000000000000e-05    1.000000000000000   0.0000000000000000
        ks_231                      2.980000000000000e-05    1.000000000000000   0.0000000000000000
        ks_232                      0.0003552820000000000    1.000000000000000   0.0000000000000000
        ks_233                      6.090000000000000e-05    1.000000000000000   0.0000000000000000
         ks_24                      0.04940643900000000    1.000000000000000   0.0000000000000000
         ks_25                      0.08710669900000000    1.000000000000000   0.0000000000000000
         ks_26                      498.9952840000000    1.000000000000000   0.0000000000000000
         ks_27                      0.7644468350000000    1.000000000000000   0.0000000000000000
         ks_28                      0.3949170580000000    1.000000000000000   0.0000000000000000
         ks_29                      3.273198338000000    1.000000000000000   0.0000000000000000
          ks_3                      0.7163594010000000    1.000000000000000   0.0000000000000000
         ks_30                      1.000000000000000e-05    1.000000000000000   0.0000000000000000
         ks_31                      2.631767856000000    1.000000000000000   0.0000000000000000
         ks_32                      0.0001997940000000000    1.000000000000000   0.0000000000000000
         ks_33                      0.09852370800000000    1.000000000000000   0.0000000000000000
         ks_34                      52.20769837000000    1.000000000000000   0.0000000000000000
         ks_35                      0.0001963930000000000    1.000000000000000   0.0000000000000000
         ks_36                      0.0006031520000000000    1.000000000000000   0.0000000000000000
         ks_37                      0.0002255990000000000    1.000000000000000   0.0000000000000000
         ks_38                      0.2145109450000000    1.000000000000000   0.0000000000000000
         ks_39                      0.0001958350000000000    1.000000000000000   0.0000000000000000
          ks_4                      5.968357527000000    1.000000000000000   0.0000000000000000
         ks_40                      0.6492592450000000    1.000000000000000   0.0000000000000000
         ks_41                      1.142703563000000    1.000000000000000   0.0000000000000000
         ks_42                      2.256271877000000    1.000000000000000   0.0000000000000000
         ks_43                      0.2694463260000000    1.000000000000000   0.0000000000000000
         ks_44                      0.4916985220000000    1.000000000000000   0.0000000000000000
         ks_45                      0.01610537800000000    1.000000000000000   0.0000000000000000
         ks_46                      1.648243412000000    1.000000000000000   0.0000000000000000
         ks_47                      5.376900084000000    1.000000000000000   0.0000000000000000
         ks_48                      8.439992532000000    1.000000000000000   0.0000000000000000
         ks_49                      0.0002077410000000000    1.000000000000000   0.0000000000000000
          ks_5                      44.68915171000000    1.000000000000000   0.0000000000000000
         ks_50                      2.966051902000000    1.000000000000000   0.0000000000000000
         ks_51                      4.590000000000000e-05    1.000000000000000   0.0000000000000000
         ks_52                      0.03439587200000000    1.000000000000000   0.0000000000000000
         ks_53                      4.945620910000000    1.000000000000000   0.0000000000000000
         ks_54                      0.01773873000000000    1.000000000000000   0.0000000000000000
         ks_55                      20.90123460000000    1.000000000000000   0.0000000000000000
         ks_56                      72.83778334000000    1.000000000000000   0.0000000000000000
         ks_57                      5.935645617000000    1.000000000000000   0.0000000000000000
         ks_58                      0.3098240900000000    1.000000000000000   0.0000000000000000
         ks_59                      0.006250443000000000    1.000000000000000   0.0000000000000000
          ks_6                      228.8449300000000    1.000000000000000   0.0000000000000000
         ks_60                      5.045222802000000    1.000000000000000   0.0000000000000000
         ks_61                      0.02843730600000000    1.000000000000000   0.0000000000000000
         ks_62                      0.2776058340000000    1.000000000000000   0.0000000000000000
         ks_63                      10.57301166000000    1.000000000000000   0.0000000000000000
         ks_64                      0.0006178180000000000    1.000000000000000   0.0000000000000000
         ks_65                      0.001893319000000000    1.000000000000000   0.0000000000000000
         ks_66                      5.526680638000000    1.000000000000000   0.0000000000000000
         ks_67                      8.802133393000000    1.000000000000000   0.0000000000000000
         ks_68                      0.009235396999999999    1.000000000000000   0.0000000000000000
         ks_69                      0.7381687430000000    1.000000000000000   0.0000000000000000
          ks_7                      1.020000000000000e-05    1.000000000000000   0.0000000000000000
         ks_70                      3.770355024000000    1.000000000000000   0.0000000000000000
         ks_71                      1.010000000000000e-05    1.000000000000000   0.0000000000000000
         ks_72                      8.770000000000000e-05    1.000000000000000   0.0000000000000000
         ks_73                      0.0001127750000000000    1.000000000000000   0.0000000000000000
         ks_74                      9.330000000000000e-05    1.000000000000000   0.0000000000000000
         ks_75                      1.420000000000000e-05    1.000000000000000   0.0000000000000000
         ks_76                      0.0001920310000000000    1.000000000000000   0.0000000000000000
         ks_77                      0.0001022770000000000    1.000000000000000   0.0000000000000000
         ks_78                      1.620000000000000e-05    1.000000000000000   0.0000000000000000
         ks_79                      1.000000000000000e-05    1.000000000000000   0.0000000000000000
          ks_8                      1.000000000000000e-05    1.000000000000000   0.0000000000000000
         ks_80                      261.4443050000000    1.000000000000000   0.0000000000000000
         ks_81                      9.040000000000000e-05    1.000000000000000   0.0000000000000000
         ks_82                      23.19915428000000    1.000000000000000   0.0000000000000000
         ks_83                      6.573204709000000    1.000000000000000   0.0000000000000000
         ks_84                      9.050000000000000e-05    1.000000000000000   0.0000000000000000
         ks_85                      1.290000000000000e-05    1.000000000000000   0.0000000000000000
         ks_86                      0.0001322580000000000    1.000000000000000   0.0000000000000000
         ks_87                      500.0000000000000    1.000000000000000   0.0000000000000000
         ks_88                      16.49034544000000    1.000000000000000   0.0000000000000000
         ks_89                      8.020000000000000e-05    1.000000000000000   0.0000000000000000
          ks_9                      8.257228244000000    1.000000000000000   0.0000000000000000
         ks_90                      4.484002620000000    1.000000000000000   0.0000000000000000
         ks_91                      14.46301598000000    1.000000000000000   0.0000000000000000
         ks_92                      0.0001139850000000000    1.000000000000000   0.0000000000000000
         ks_93                      0.04155859100000000    1.000000000000000   0.0000000000000000
         ks_94                      3.200000000000000e-05    1.000000000000000   0.0000000000000000
         ks_95                      0.0001000120000000000    1.000000000000000   0.0000000000000000
         ks_96                      0.0001729410000000000    1.000000000000000   0.0000000000000000
         ks_97                      5.520000000000000e-05    1.000000000000000   0.0000000000000000
         ks_98                      0.0001145900000000000    1.000000000000000   0.0000000000000000
         ks_99                      0.0001065570000000000    1.000000000000000   0.0000000000000000
    lak_cond_1                      1.000000000000000    1.000000000000000   0.0000000000000000
   lak_cond_12                      1.000000000000000    1.000000000000000   0.0000000000000000
    lak_cond_2                      1.000000000000000    1.000000000000000   0.0000000000000000
         pet_1                      9.500000000000001e-05    1.000000000000000   0.0000000000000000
       sfr_k_1                      0.1000044380000000    1.000000000000000   0.0000000000000000
      sfr_k_10                      0.1000019030000000    1.000000000000000   0.0000000000000000
      sfr_k_11                      0.1000005930000000    1.000000000000000   0.0000000000000000
      sfr_k_12                      0.1002174550000000    1.000000000000000   0.0000000000000000
      sfr_k_13                      0.1001187870000000    1.000000000000000   0.0000000000000000
      sfr_k_14                      0.09887045600000000    1.000000000000000   0.0000000000000000
      sfr_k_15                      0.1000084010000000    1.000000000000000   0.0000000000000000
      sfr_k_16                      0.1010626110000000    1.000000000000000   0.0000000000000000
      sfr_k_17                      0.09914692899999999    1.000000000000000   0.0000000000000000
      sfr_k_18                      0.09999726900000000    1.000000000000000   0.0000000000000000
      sfr_k_19                      0.1000007390000000    1.000000000000000   0.0000000000000000
       sfr_k_2                      0.09999621100000000    1.000000000000000   0.0000000000000000
      sfr_k_20                      0.09999995600000000    1.000000000000000   0.0000000000000000
      sfr_k_21                      0.1000351940000000    1.000000000000000   0.0000000000000000
      sfr_k_22                      0.09971360500000000    1.000000000000000   0.0000000000000000
       sfr_k_3                      0.09200303999999999    1.000000000000000   0.0000000000000000
       sfr_k_4                      0.09999894600000001    1.000000000000000   0.0000000000000000
       sfr_k_5                      0.1000071310000000    1.000000000000000   0.0000000000000000
       sfr_k_6                      0.1000381580000000    1.000000000000000   0.0000000000000000
       sfr_k_7                      0.1000000960000000    1.000000000000000   0.0000000000000000
       sfr_k_8                      0.1000000170000000    1.000000000000000   0.0000000000000000
       sfr_k_9                      0.1000022420000000    1.000000000000000   0.0000000000000000
     spill_447                      185.0599847000000    1.000000000000000   0.0000000000000000
     spill_449                      146.6000061000000    1.000000000000000   0.0000000000000000
     spill_688                      8.229600000000000    1.000000000000000   0.0000000000000000
     surfk_1_1                      0.0002512730000000000    1.000000000000000   0.0000000000000000
    surfk_1_10                      0.0002514560000000000    1.000000000000000   0.0000000000000000
    surfk_1_11                      0.0002511890000000000    1.000000000000000   0.0000000000000000
    surfk_1_12                      0.0003981090000000000    1.000000000000000   0.0000000000000000
    surfk_1_13                      0.0003981000000000000    1.000000000000000   0.0000000000000000
    surfk_1_14                      0.0002511890000000000    1.000000000000000   0.0000000000000000
    surfk_1_15                      0.0002511880000000000    1.000000000000000   0.0000000000000000
    surfk_1_16                      0.0002511890000000000    1.000000000000000   0.0000000000000000
    surfk_1_17                      0.0002511880000000000    1.000000000000000   0.0000000000000000
    surfk_1_18                      0.0002515090000000000    1.000000000000000   0.0000000000000000
    surfk_1_19                      0.0002511890000000000    1.000000000000000   0.0000000000000000
     surfk_1_2                      0.0002515020000000000    1.000000000000000   0.0000000000000000
    surfk_1_21                      0.0002511880000000000    1.000000000000000   0.0000000000000000
     surfk_1_3                      0.0002514910000000000    1.000000000000000   0.0000000000000000
     surfk_1_4                      0.0002515210000000000    1.000000000000000   0.0000000000000000
     surfk_1_5                      0.0002511890000000000    1.000000000000000   0.0000000000000000
     surfk_1_6                      0.0002511870000000000    1.000000000000000   0.0000000000000000
     surfk_1_8                      0.0002511890000000000    1.000000000000000   0.0000000000000000
     surfk_1_9                      0.0002511890000000000    1.000000000000000   0.0000000000000000
     surfk_2_1                      0.0002512050000000000    1.000000000000000   0.0000000000000000
    surfk_2_10                      0.0001000480000000000    1.000000000000000   0.0000000000000000
    surfk_2_11                      0.0001000000000000000    1.000000000000000   0.0000000000000000
    surfk_2_12                      0.0002511890000000000    1.000000000000000   0.0000000000000000
    surfk_2_14                      0.0002511950000000000    1.000000000000000   0.0000000000000000
    surfk_2_15                      0.0001584890000000000    1.000000000000000   0.0000000000000000
    surfk_2_16                      0.0002511890000000000    1.000000000000000   0.0000000000000000
    surfk_2_17                      0.0002511890000000000    1.000000000000000   0.0000000000000000
    surfk_2_18                      0.0002511890000000000    1.000000000000000   0.0000000000000000
    surfk_2_19                      0.0002511890000000000    1.000000000000000   0.0000000000000000
     surfk_2_2                      0.0002511890000000000    1.000000000000000   0.0000000000000000
    surfk_2_20                      0.0002511890000000000    1.000000000000000   0.0000000000000000
    surfk_2_21                      0.0001584890000000000    1.000000000000000   0.0000000000000000
    surfk_2_22                      0.0001584890000000000    1.000000000000000   0.0000000000000000
     surfk_2_3                      0.0001584890000000000    1.000000000000000   0.0000000000000000
     surfk_2_4                      0.0001586870000000000    1.000000000000000   0.0000000000000000
     surfk_2_5                      0.0001584720000000000    1.000000000000000   0.0000000000000000
     surfk_2_6                      0.0001584890000000000    1.000000000000000   0.0000000000000000
     surfk_2_7                      0.0006309570000000000    1.000000000000000   0.0000000000000000
     surfk_2_8                      0.0001588240000000000    1.000000000000000   0.0000000000000000
     surfk_2_9                      0.0001584890000000000    1.000000000000000   0.0000000000000000
     surfk_3_1                      3.020000000000000e-08    1.000000000000000   0.0000000000000000
    surfk_3_10                      3.090000000000000e-08    1.000000000000000   0.0000000000000000
    surfk_3_11                      3.090000000000000e-08    1.000000000000000   0.0000000000000000
    surfk_3_12                      3.090000000000000e-08    1.000000000000000   0.0000000000000000
    surfk_3_13                      3.090000000000000e-08    1.000000000000000   0.0000000000000000
    surfk_3_14                      1.000000000000000e-07    1.000000000000000   0.0000000000000000
    surfk_3_15                      3.090000000000000e-08    1.000000000000000   0.0000000000000000
    surfk_3_16                      3.090000000000000e-08    1.000000000000000   0.0000000000000000
    surfk_3_17                      3.090000000000000e-08    1.000000000000000   0.0000000000000000
    surfk_3_18                      3.090000000000000e-08    1.000000000000000   0.0000000000000000
    surfk_3_19                      3.090000000000000e-08    1.000000000000000   0.0000000000000000
     surfk_3_2                      3.090000000000000e-08    1.000000000000000   0.0000000000000000
    surfk_3_20                      3.090000000000000e-08    1.000000000000000   0.0000000000000000
    surfk_3_21                      3.090000000000000e-08    1.000000000000000   0.0000000000000000
    surfk_3_22                      3.090000000000000e-08    1.000000000000000   0.0000000000000000
     surfk_3_3                      1.000000000000000e-07    1.000000000000000   0.0000000000000000
     surfk_3_4                      3.090000000000000e-08    1.000000000000000   0.0000000000000000
     surfk_3_5                      3.090000000000000e-08    1.000000000000000   0.0000000000000000
     surfk_3_6                      3.090000000000000e-08    1.000000000000000   0.0000000000000000
     surfk_3_7                      1.150000000000000e-07    1.000000000000000   0.0000000000000000
     surfk_3_8                      3.090000000000000e-08    1.000000000000000   0.0000000000000000
     surfk_3_9                      3.090000000000000e-08    1.000000000000000   0.0000000000000000
   vka_ratio_1                      0.1003940540000000    1.000000000000000   0.0000000000000000
   vka_ratio_2                      0.1000059920000000    1.000000000000000   0.0000000000000000
   vka_ratio_3                      0.09999241500000000    1.000000000000000   0.0000000000000000
       vks_1_1                      0.0002537780000000000    1.000000000000000   0.0000000000000000
      vks_1_10                      0.0002512010000000000    1.000000000000000   0.0000000000000000
      vks_1_11                      0.0002511890000000000    1.000000000000000   0.0000000000000000
      vks_1_12                      0.0003979360000000000    1.000000000000000   0.0000000000000000
      vks_1_13                      0.0003980590000000000    1.000000000000000   0.0000000000000000
      vks_1_14                      0.0002512220000000000    1.000000000000000   0.0000000000000000
      vks_1_15                      0.0002511880000000000    1.000000000000000   0.0000000000000000
      vks_1_16                      0.0002512620000000000    1.000000000000000   0.0000000000000000
      vks_1_17                      0.0002512460000000000    1.000000000000000   0.0000000000000000
      vks_1_18                      0.0002511940000000000    1.000000000000000   0.0000000000000000
      vks_1_19                      0.0002511890000000000    1.000000000000000   0.0000000000000000
       vks_1_2                      0.0002511890000000000    1.000000000000000   0.0000000000000000
      vks_1_21                      0.0002511910000000000    1.000000000000000   0.0000000000000000
       vks_1_3                      0.0002511970000000000    1.000000000000000   0.0000000000000000
       vks_1_4                      0.0002517690000000000    1.000000000000000   0.0000000000000000
       vks_1_5                      0.0002511530000000000    1.000000000000000   0.0000000000000000
       vks_1_6                      0.0002512930000000000    1.000000000000000   0.0000000000000000
       vks_1_8                      0.0002511880000000000    1.000000000000000   0.0000000000000000
       vks_1_9                      0.0002511890000000000    1.000000000000000   0.0000000000000000
       vks_2_1                      0.0002513170000000000    1.000000000000000   0.0000000000000000
      vks_2_10                      0.0001000010000000000    1.000000000000000   0.0000000000000000
      vks_2_11                      0.0001000030000000000    1.000000000000000   0.0000000000000000
      vks_2_12                      0.0002511300000000000    1.000000000000000   0.0000000000000000
      vks_2_14                      0.0002512150000000000    1.000000000000000   0.0000000000000000
      vks_2_15                      0.0001584620000000000    1.000000000000000   0.0000000000000000
      vks_2_16                      0.0002511890000000000    1.000000000000000   0.0000000000000000
      vks_2_17                      0.0002511890000000000    1.000000000000000   0.0000000000000000
      vks_2_18                      0.0002512350000000000    1.000000000000000   0.0000000000000000
      vks_2_19                      0.0002511880000000000    1.000000000000000   0.0000000000000000
       vks_2_2                      0.0002511880000000000    1.000000000000000   0.0000000000000000
      vks_2_20                      0.0002511810000000000    1.000000000000000   0.0000000000000000
      vks_2_21                      0.0001584890000000000    1.000000000000000   0.0000000000000000
      vks_2_22                      0.0001584890000000000    1.000000000000000   0.0000000000000000
       vks_2_3                      0.0001596030000000000    1.000000000000000   0.0000000000000000
       vks_2_4                      0.0001584890000000000    1.000000000000000   0.0000000000000000
       vks_2_5                      0.0001586270000000000    1.000000000000000   0.0000000000000000
       vks_2_6                      0.0001584890000000000    1.000000000000000   0.0000000000000000
       vks_2_7                      0.0006308170000000000    1.000000000000000   0.0000000000000000
       vks_2_8                      0.0001584850000000000    1.000000000000000   0.0000000000000000
       vks_2_9                      0.0001584900000000000    1.000000000000000   0.0000000000000000
       vks_3_1                      3.020000000000000e-08    1.000000000000000   0.0000000000000000
      vks_3_10                      3.090000000000000e-08    1.000000000000000   0.0000000000000000
      vks_3_11                      3.090000000000000e-08    1.000000000000000   0.0000000000000000
      vks_3_12                      3.090000000000000e-08    1.000000000000000   0.0000000000000000
      vks_3_13                      3.090000000000000e-08    1.000000000000000   0.0000000000000000
      vks_3_14                      1.000000000000000e-07    1.000000000000000   0.0000000000000000
      vks_3_15                      3.090000000000000e-08    1.000000000000000   0.0000000000000000
      vks_3_16                      3.090000000000000e-08    1.000000000000000   0.0000000000000000
      vks_3_17                      3.090000000000000e-08    1.000000000000000   0.0000000000000000
      vks_3_18                      3.090000000000000e-08    1.000000000000000   0.0000000000000000
      vks_3_19                      3.090000000000000e-08    1.000000000000000   0.0000000000000000
       vks_3_2                      3.090000000000000e-08    1.000000000000000   0.0000000000000000
      vks_3_20                      3.090000000000000e-08    1.000000000000000   0.0000000000000000
      vks_3_21                      3.090000000000000e-08    1.000000000000000   0.0000000000000000
      vks_3_22                      3.090000000000000e-08    1.000000000000000   0.0000000000000000
       vks_3_3                      1.010000000000000e-07    1.000000000000000   0.0000000000000000
       vks_3_4                      3.090000000000000e-08    1.000000000000000   0.0000000000000000
       vks_3_5                      3.100000000000000e-08    1.000000000000000   0.0000000000000000
       vks_3_6                      3.090000000000000e-08    1.000000000000000   0.0000000000000000
       vks_3_7                      1.150000000000000e-07    1.000000000000000   0.0000000000000000
       vks_3_8                      3.090000000000000e-08    1.000000000000000   0.0000000000000000
       vks_3_9                      3.730000000000000e-08    1.000000000000000   0.0000000000000000
