single point
        finf_1                      0.4830349785523000    1.000000000000000   0.0000000000000000
       finf_10                      0.4724939846160700    1.000000000000000   0.0000000000000000
       finf_11                      0.4725155951682000    1.000000000000000   0.0000000000000000
       finf_12                      0.4725429784903600    1.000000000000000   0.0000000000000000
       finf_13                      0.4725061358720400    1.000000000000000   0.0000000000000000
       finf_14                      0.4829444148377000    1.000000000000000   0.0000000000000000
       finf_15                      0.4826724130736900    1.000000000000000   0.0000000000000000
       finf_16                      0.4829982254645400    1.000000000000000   0.0000000000000000
       finf_17                      0.4832219820036300    1.000000000000000   0.0000000000000000
       finf_18                      0.4832837405734000    1.000000000000000   0.0000000000000000
       finf_19                      0.4830351960061600    1.000000000000000   0.0000000000000000
        finf_2                      0.4829525979357000    1.000000000000000   0.0000000000000000
       finf_20                      0.5284618880398800    1.000000000000000   0.0000000000000000
       finf_21                      0.4831375006742300    1.000000000000000   0.0000000000000000
       finf_22                      0.4828034908796100    1.000000000000000   0.0000000000000000
        finf_3                      0.4829945680051000    1.000000000000000   0.0000000000000000
        finf_4                      0.4105174911988000    1.000000000000000   0.0000000000000000
        finf_5                      0.4105517979917000    1.000000000000000   0.0000000000000000
        finf_6                      0.4830234918715000    1.000000000000000   0.0000000000000000
        finf_7                      0.4725058282357000    1.000000000000000   0.0000000000000000
        finf_8                      0.4725117330965000    1.000000000000000   0.0000000000000000
        finf_9                      0.4725980950624000    1.000000000000000   0.0000000000000000
          ks_1                      1.018100679420000    1.000000000000000   0.0000000000000000
         ks_10                      1.766535847003000    1.000000000000000   0.0000000000000000
        ks_100                      1.001178081000000e-05    1.000000000000000   0.0000000000000000
        ks_101                      0.0008432953105000000    1.000000000000000   0.0000000000000000
        ks_102                      7.966083658000000e-05    1.000000000000000   0.0000000000000000
        ks_103                      0.0004376069288000000    1.000000000000000   0.0000000000000000
        ks_104                      1.000000000000000e-05    1.000000000000000   0.0000000000000000
        ks_105                      1.013263136000000e-05    1.000000000000000   0.0000000000000000
        ks_106                      0.0001451329954000000    1.000000000000000   0.0000000000000000
        ks_107                      0.0003132955890000000    1.000000000000000   0.0000000000000000
        ks_108                      4.340501133566900    1.000000000000000   0.0000000000000000
        ks_109                      6.886990867131000    1.000000000000000   0.0000000000000000
         ks_11                      0.3231130967820000    1.000000000000000   0.0000000000000000
        ks_110                      3.931677340775800    1.000000000000000   0.0000000000000000
        ks_111                      4.848953599745300    1.000000000000000   0.0000000000000000
        ks_112                      3.134705053972000    1.000000000000000   0.0000000000000000
        ks_113                      1.063740789857600    1.000000000000000   0.0000000000000000
        ks_114                      7.758087400059700    1.000000000000000   0.0000000000000000
        ks_115                      6.425313328006500    1.000000000000000   0.0000000000000000
        ks_116                      0.3988678193426000    1.000000000000000   0.0000000000000000
        ks_117                      13.41022382708900    1.000000000000000   0.0000000000000000
        ks_118                      2.038051012464300    1.000000000000000   0.0000000000000000
        ks_119                      10.45940924826900    1.000000000000000   0.0000000000000000
         ks_12                      8.950802353344001    1.000000000000000   0.0000000000000000
        ks_120                      0.1599745306736000    1.000000000000000   0.0000000000000000
        ks_121                      2.147037605000000    1.000000000000000   0.0000000000000000
        ks_122                      38.48924136705900    1.000000000000000   0.0000000000000000
        ks_123                      11.21359041992900    1.000000000000000   0.0000000000000000
        ks_124                      2.009762024746400    1.000000000000000   0.0000000000000000
        ks_125                      500.0000000000000    1.000000000000000   0.0000000000000000
        ks_126                      499.9697655000000    1.000000000000000   0.0000000000000000
        ks_127                      1.953109501321200    1.000000000000000   0.0000000000000000
        ks_128                      3.362834656114600    1.000000000000000   0.0000000000000000
        ks_129                      5.995068512224200    1.000000000000000   0.0000000000000000
         ks_13                      1.738850829320000    1.000000000000000   0.0000000000000000
        ks_130                      14.31778955318600    1.000000000000000   0.0000000000000000
        ks_131                      0.0002011940657000000    1.000000000000000   0.0000000000000000
        ks_132                      0.0002001801820000000    1.000000000000000   0.0000000000000000
        ks_133                      0.0002019928574000000    1.000000000000000   0.0000000000000000
        ks_134                      0.02629121237270000    1.000000000000000   0.0000000000000000
        ks_135                      0.0001587078047000000    1.000000000000000   0.0000000000000000
        ks_136                      0.0002910018821000000    1.000000000000000   0.0000000000000000
        ks_137                      0.004190669999000000    1.000000000000000   0.0000000000000000
        ks_138                      6.311478699872900    1.000000000000000   0.0000000000000000
        ks_139                      0.0002288616700000000    1.000000000000000   0.0000000000000000
         ks_14                      4.541065896439000    1.000000000000000   0.0000000000000000
        ks_140                      14.53057402865200    1.000000000000000   0.0000000000000000
        ks_141                      0.0001978265110000000    1.000000000000000   0.0000000000000000
        ks_142                      0.0001998928374000000    1.000000000000000   0.0000000000000000
        ks_143                      0.001743417837000000    1.000000000000000   0.0000000000000000
        ks_144                      1.009855927987300    1.000000000000000   0.0000000000000000
        ks_145                      29.03746459031900    1.000000000000000   0.0000000000000000
        ks_146                      5.733920279537000    1.000000000000000   0.0000000000000000
        ks_147                      4.062446194317100    1.000000000000000   0.0000000000000000
        ks_148                      5.996988200427300    1.000000000000000   0.0000000000000000
        ks_149                      0.0002640819477000000    1.000000000000000   0.0000000000000000
         ks_15                      2.721657646220000    1.000000000000000   0.0000000000000000
        ks_150                      7.232194525051000    1.000000000000000   0.0000000000000000
        ks_151                      6.005885094660900    1.000000000000000   0.0000000000000000
        ks_152                      0.09755795257630000    1.000000000000000   0.0000000000000000
        ks_153                      37.12919800694900    1.000000000000000   0.0000000000000000
        ks_154                      56.55438516293900    1.000000000000000   0.0000000000000000
        ks_155                      0.0001960114885000000    1.000000000000000   0.0000000000000000
        ks_156                      0.1850214572597000    1.000000000000000   0.0000000000000000
        ks_157                      0.1909749599643000    1.000000000000000   0.0000000000000000
        ks_158                      0.6249083290308000    1.000000000000000   0.0000000000000000
        ks_159                      0.02677866663160000    1.000000000000000   0.0000000000000000
         ks_16                      499.9909970000000    1.000000000000000   0.0000000000000000
        ks_160                      1.030867542928400    1.000000000000000   0.0000000000000000
        ks_161                      280.5096595000000    1.000000000000000   0.0000000000000000
        ks_162                      0.1866631575077000    1.000000000000000   0.0000000000000000
        ks_163                      0.06879488095800000    1.000000000000000   0.0000000000000000
        ks_164                      0.05453024216190000    1.000000000000000   0.0000000000000000
        ks_165                      6.212854250423600    1.000000000000000   0.0000000000000000
        ks_166                      0.01564777524000000    1.000000000000000   0.0000000000000000
        ks_167                      0.03798260401630000    1.000000000000000   0.0000000000000000
        ks_168                      0.1253535546892000    1.000000000000000   0.0000000000000000
        ks_169                      0.0002633783412000000    1.000000000000000   0.0000000000000000
         ks_17                      1.670285575757000    1.000000000000000   0.0000000000000000
        ks_170                      0.002036425452000000    1.000000000000000   0.0000000000000000
        ks_171                      1.088933794872400    1.000000000000000   0.0000000000000000
        ks_172                      0.01919783745090000    1.000000000000000   0.0000000000000000
        ks_173                      0.008000699409999999    1.000000000000000   0.0000000000000000
        ks_174                      5.844927970708600    1.000000000000000   0.0000000000000000
        ks_175                      0.1251750064289000    1.000000000000000   0.0000000000000000
        ks_176                      0.004543435976000000    1.000000000000000   0.0000000000000000
        ks_177                      1.108653490706200    1.000000000000000   0.0000000000000000
        ks_178                      0.0002008198198000000    1.000000000000000   0.0000000000000000
        ks_179                      2.070672195728400    1.000000000000000   0.0000000000000000
         ks_18                      2.527857911151000    1.000000000000000   0.0000000000000000
        ks_180                      1.908631468000000e-05    1.000000000000000   0.0000000000000000
        ks_181                      0.3152396872985000    1.000000000000000   0.0000000000000000
        ks_182                      4.853004324065200    1.000000000000000   0.0000000000000000
        ks_183                      0.9639800957556000    1.000000000000000   0.0000000000000000
        ks_184                      0.0004035097510000000    1.000000000000000   0.0000000000000000
        ks_185                      9.559124253000000e-05    1.000000000000000   0.0000000000000000
        ks_186                      9.838258876000000e-05    1.000000000000000   0.0000000000000000
        ks_187                      0.0001093913531000000    1.000000000000000   0.0000000000000000
        ks_188                      0.0003936757983000000    1.000000000000000   0.0000000000000000
        ks_189                      0.0001123702261000000    1.000000000000000   0.0000000000000000
         ks_19                      44.72369455106000    1.000000000000000   0.0000000000000000
        ks_190                      1.000010000000000e-05    1.000000000000000   0.0000000000000000
        ks_191                      0.0001009483992000000    1.000000000000000   0.0000000000000000
        ks_192                      0.0001287075483000000    1.000000000000000   0.0000000000000000
        ks_193                      1.015403889000000e-05    1.000000000000000   0.0000000000000000
        ks_194                      1.004971094000000e-05    1.000000000000000   0.0000000000000000
        ks_195                      0.0007756505091000000    1.000000000000000   0.0000000000000000
        ks_196                      1.000193153000000e-05    1.000000000000000   0.0000000000000000
        ks_197                      0.0001310960006000000    1.000000000000000   0.0000000000000000
        ks_198                      0.0001685999123000000    1.000000000000000   0.0000000000000000
        ks_199                      1.114937601000000e-05    1.000000000000000   0.0000000000000000
          ks_2                      0.03110501457000000    1.000000000000000   0.0000000000000000
         ks_20                      0.3364765211640000    1.000000000000000   0.0000000000000000
        ks_200                      1.021864301000000e-05    1.000000000000000   0.0000000000000000
        ks_201                      1.113391330000000e-05    1.000000000000000   0.0000000000000000
        ks_202                      0.0001015438867000000    1.000000000000000   0.0000000000000000
        ks_203                      0.0001137731638000000    1.000000000000000   0.0000000000000000
        ks_204                      9.915955784000000e-05    1.000000000000000   0.0000000000000000
        ks_205                      0.0001040702963000000    1.000000000000000   0.0000000000000000
        ks_206                      1.000117443000000e-05    1.000000000000000   0.0000000000000000
        ks_207                      0.0001022727879000000    1.000000000000000   0.0000000000000000
        ks_208                      1.385437414000000e-05    1.000000000000000   0.0000000000000000
        ks_209                      0.0002946447184000000    1.000000000000000   0.0000000000000000
         ks_21                      0.6676462908270000    1.000000000000000   0.0000000000000000
        ks_210                      8.675871366999999e-05    1.000000000000000   0.0000000000000000
        ks_211                      8.827591900000000e-05    1.000000000000000   0.0000000000000000
        ks_212                      0.0001026117045000000    1.000000000000000   0.0000000000000000
        ks_213                      9.566956970000001e-05    1.000000000000000   0.0000000000000000
        ks_214                      9.928377852999999e-05    1.000000000000000   0.0000000000000000
        ks_215                      9.818155364000000e-05    1.000000000000000   0.0000000000000000
        ks_216                      0.0001003168003000000    1.000000000000000   0.0000000000000000
        ks_217                      9.634870901000000e-05    1.000000000000000   0.0000000000000000
        ks_218                      5.252891259000000e-05    1.000000000000000   0.0000000000000000
        ks_219                      0.0001038901150000000    1.000000000000000   0.0000000000000000
         ks_22                      0.4508593394880000    1.000000000000000   0.0000000000000000
        ks_220                      9.248834727000000e-05    1.000000000000000   0.0000000000000000
        ks_221                      0.0001336162782000000    1.000000000000000   0.0000000000000000
        ks_222                      0.0001088405152000000    1.000000000000000   0.0000000000000000
        ks_223                      0.0001164892697000000    1.000000000000000   0.0000000000000000
        ks_224                      9.994516734999999e-05    1.000000000000000   0.0000000000000000
        ks_225                      1.005612865000000e-05    1.000000000000000   0.0000000000000000
        ks_226                      0.0001060927067000000    1.000000000000000   0.0000000000000000
        ks_227                      8.686849659000001e-05    1.000000000000000   0.0000000000000000
        ks_228                      8.887343176000000e-05    1.000000000000000   0.0000000000000000
        ks_229                      0.0004269366759000000    1.000000000000000   0.0000000000000000
         ks_23                      249.8205760000000    1.000000000000000   0.0000000000000000
        ks_230                      1.012653604000000e-05    1.000000000000000   0.0000000000000000
        ks_231                      2.975632506000000e-05    1.000000000000000   0.0000000000000000
        ks_232                      0.0003552816460000000    1.000000000000000   0.0000000000000000
        ks_233                      6.088661236000000e-05    1.000000000000000   0.0000000000000000
         ks_24                      0.04940643886000000    1.000000000000000   0.0000000000000000
         ks_25                      0.08710669923500000    1.000000000000000   0.0000000000000000
         ks_26                      498.9952840000000    1.000000000000000   0.0000000000000000
         ks_27                      0.7644468350200000    1.000000000000000   0.0000000000000000
         ks_28                      0.3949170582050000    1.000000000000000   0.0000000000000000
         ks_29                      3.273198337765000    1.000000000000000   0.0000000000000000
          ks_3                      0.7163594005600000    1.000000000000000   0.0000000000000000
         ks_30                      1.004598960000000e-05    1.000000000000000   0.0000000000000000
         ks_31                      2.631767856121000    1.000000000000000   0.0000000000000000
         ks_32                      0.0001997943100000000    1.000000000000000   0.0000000000000000
         ks_33                      0.09852370837200000    1.000000000000000   0.0000000000000000
         ks_34                      52.20769837142000    1.000000000000000   0.0000000000000000
         ks_35                      0.0001963926470000000    1.000000000000000   0.0000000000000000
         ks_36                      0.0006031518270000000    1.000000000000000   0.0000000000000000
         ks_37                      0.0002255991510000000    1.000000000000000   0.0000000000000000
         ks_38                      0.2145109445970000    1.000000000000000   0.0000000000000000
         ks_39                      0.0001958346880000000    1.000000000000000   0.0000000000000000
          ks_4                      5.968357527330000    1.000000000000000   0.0000000000000000
         ks_40                      0.6492592446880000    1.000000000000000   0.0000000000000000
         ks_41                      1.142703562595000    1.000000000000000   0.0000000000000000
         ks_42                      2.256271877262000    1.000000000000000   0.0000000000000000
         ks_43                      0.2694463255060000    1.000000000000000   0.0000000000000000
         ks_44                      0.4916985220350000    1.000000000000000   0.0000000000000000
         ks_45                      0.01610537822800000    1.000000000000000   0.0000000000000000
         ks_46                      1.648243411829000    1.000000000000000   0.0000000000000000
         ks_47                      5.376900084322000    1.000000000000000   0.0000000000000000
         ks_48                      8.439992531941000    1.000000000000000   0.0000000000000000
         ks_49                      0.0002077414650000000    1.000000000000000   0.0000000000000000
          ks_5                      44.68915170900000    1.000000000000000   0.0000000000000000
         ks_50                      2.966051902035000    1.000000000000000   0.0000000000000000
         ks_51                      4.586907780000000e-05    1.000000000000000   0.0000000000000000
         ks_52                      0.03439587198500000    1.000000000000000   0.0000000000000000
         ks_53                      4.945620909935000    1.000000000000000   0.0000000000000000
         ks_54                      0.01773872972500000    1.000000000000000   0.0000000000000000
         ks_55                      20.90123460323000    1.000000000000000   0.0000000000000000
         ks_56                      72.83778334032000    1.000000000000000   0.0000000000000000
         ks_57                      5.935645616758000    1.000000000000000   0.0000000000000000
         ks_58                      0.3098240898340000    1.000000000000000   0.0000000000000000
         ks_59                      0.006250442720000000    1.000000000000000   0.0000000000000000
          ks_6                      228.8449300000000    1.000000000000000   0.0000000000000000
         ks_60                      5.045222801964000    1.000000000000000   0.0000000000000000
         ks_61                      0.02843730569000000    1.000000000000000   0.0000000000000000
         ks_62                      0.2776058336850000    1.000000000000000   0.0000000000000000
         ks_63                      10.57301165946000    1.000000000000000   0.0000000000000000
         ks_64                      0.0006178176290000000    1.000000000000000   0.0000000000000000
         ks_65                      0.001893318680000000    1.000000000000000   0.0000000000000000
         ks_66                      5.526680638119000    1.000000000000000   0.0000000000000000
         ks_67                      8.802133393114000    1.000000000000000   0.0000000000000000
         ks_68                      0.009235396520000000    1.000000000000000   0.0000000000000000
         ks_69                      0.7381687430850000    1.000000000000000   0.0000000000000000
          ks_7                      1.018428400000000e-05    1.000000000000000   0.0000000000000000
         ks_70                      3.770355023954000    1.000000000000000   0.0000000000000000
         ks_71                      1.013914780000000e-05    1.000000000000000   0.0000000000000000
         ks_72                      8.768793640000000e-05    1.000000000000000   0.0000000000000000
         ks_73                      0.0001127753270000000    1.000000000000000   0.0000000000000000
         ks_74                      9.331466730000000e-05    1.000000000000000   0.0000000000000000
         ks_75                      1.416332830000000e-05    1.000000000000000   0.0000000000000000
         ks_76                      0.0001920312990000000    1.000000000000000   0.0000000000000000
         ks_77                      0.0001022766010000000    1.000000000000000   0.0000000000000000
         ks_78                      1.618563660000000e-05    1.000000000000000   0.0000000000000000
         ks_79                      1.002057870000000e-05    1.000000000000000   0.0000000000000000
          ks_8                      1.000000000000000e-05    1.000000000000000   0.0000000000000000
         ks_80                      261.4443050000000    1.000000000000000   0.0000000000000000
         ks_81                      9.043774440000000e-05    1.000000000000000   0.0000000000000000
         ks_82                      23.19915427619000    1.000000000000000   0.0000000000000000
         ks_83                      6.573204708638000    1.000000000000000   0.0000000000000000
         ks_84                      9.050555930000001e-05    1.000000000000000   0.0000000000000000
         ks_85                      1.293930250000000e-05    1.000000000000000   0.0000000000000000
         ks_86                      0.0001322579120000000    1.000000000000000   0.0000000000000000
         ks_87                      500.0000000000000    1.000000000000000   0.0000000000000000
         ks_88                      16.49034544452000    1.000000000000000   0.0000000000000000
         ks_89                      8.024755120000000e-05    1.000000000000000   0.0000000000000000
          ks_9                      8.257228243640000    1.000000000000000   0.0000000000000000
         ks_90                      4.484002619915000    1.000000000000000   0.0000000000000000
         ks_91                      14.46301597782000    1.000000000000000   0.0000000000000000
         ks_92                      0.0001139850410000000    1.000000000000000   0.0000000000000000
         ks_93                      0.04155859067500000    1.000000000000000   0.0000000000000000
         ks_94                      3.195848130000000e-05    1.000000000000000   0.0000000000000000
         ks_95                      0.0001000116530000000    1.000000000000000   0.0000000000000000
         ks_96                      0.0001729409760000000    1.000000000000000   0.0000000000000000
         ks_97                      5.519150000000000e-05    1.000000000000000   0.0000000000000000
         ks_98                      0.0001145902870000000    1.000000000000000   0.0000000000000000
         ks_99                      0.0001065565770000000    1.000000000000000   0.0000000000000000
    lak_cond_1                      1.000000000000000    1.000000000000000   0.0000000000000000
    lak_cond_2                      1.000000000000000    1.000000000000000   0.0000000000000000
         pet_1                      9.500000310000000e-05    1.000000000000000   0.0000000000000000
       sfr_k_1                      0.1000044384448800    1.000000000000000   0.0000000000000000
      sfr_k_10                      0.1000019034977000    1.000000000000000   0.0000000000000000
      sfr_k_11                      0.1000005925533490    1.000000000000000   0.0000000000000000
      sfr_k_12                      0.1002174549115010    1.000000000000000   0.0000000000000000
      sfr_k_13                      0.1001187869902290    1.000000000000000   0.0000000000000000
      sfr_k_14                      0.09887045609826900    1.000000000000000   0.0000000000000000
      sfr_k_15                      0.1000084014803490    1.000000000000000   0.0000000000000000
      sfr_k_16                      0.1010626111374750    1.000000000000000   0.0000000000000000
      sfr_k_17                      0.09914692894100301    1.000000000000000   0.0000000000000000
      sfr_k_18                      0.09999726906415900    1.000000000000000   0.0000000000000000
      sfr_k_19                      0.1000007390471680    1.000000000000000   0.0000000000000000
       sfr_k_2                      0.09999621082405000    1.000000000000000   0.0000000000000000
      sfr_k_20                      0.09999995557965900    1.000000000000000   0.0000000000000000
      sfr_k_21                      0.1000351938906700    1.000000000000000   0.0000000000000000
      sfr_k_22                      0.09971360500442900    1.000000000000000   0.0000000000000000
       sfr_k_3                      0.09200304023271000    1.000000000000000   0.0000000000000000
       sfr_k_4                      0.09999894625561000    1.000000000000000   0.0000000000000000
       sfr_k_5                      0.1000071314295900    1.000000000000000   0.0000000000000000
       sfr_k_6                      0.1000381575907100    1.000000000000000   0.0000000000000000
       sfr_k_7                      0.1000000962745000    1.000000000000000   0.0000000000000000
       sfr_k_8                      0.1000000171063800    1.000000000000000   0.0000000000000000
       sfr_k_9                      0.1000022419604000    1.000000000000000   0.0000000000000000
     spill_447                      185.0599847002000    1.000000000000000   0.0000000000000000
     spill_449                      146.6000061000000    1.000000000000000   0.0000000000000000
     surfk_1_1                      0.0002512725722872000    1.000000000000000   0.0000000000000000
    surfk_1_10                      0.0002511880427392000    1.000000000000000   0.0000000000000000
    surfk_1_11                      0.0002515094426918700    1.000000000000000   0.0000000000000000
    surfk_1_12                      0.0002511886276415500    1.000000000000000   0.0000000000000000
    surfk_1_13                      0.0002515023971058400    1.000000000000000   0.0000000000000000
    surfk_1_14                      0.0002511883979279300    1.000000000000000   0.0000000000000000
    surfk_1_15                      0.0002514910384019400    1.000000000000000   0.0000000000000000
    surfk_1_16                      0.0002515209616320000    1.000000000000000   0.0000000000000000
    surfk_1_17                      0.0002511885996911100    1.000000000000000   0.0000000000000000
    surfk_1_18                      0.0002511865916167400    1.000000000000000   0.0000000000000000
    surfk_1_19                      0.0002511886170465800    1.000000000000000   0.0000000000000000
     surfk_1_2                      0.0002514557401494000    1.000000000000000   0.0000000000000000
    surfk_1_21                      0.0002511885990140500    1.000000000000000   0.0000000000000000
     surfk_1_3                      0.0002511886287799000    1.000000000000000   0.0000000000000000
     surfk_1_4                      0.0003981093861174000    1.000000000000000   0.0000000000000000
     surfk_1_5                      0.0003980999183213000    1.000000000000000   0.0000000000000000
     surfk_1_6                      0.0002511886171431000    1.000000000000000   0.0000000000000000
     surfk_1_8                      0.0002511884484057000    1.000000000000000   0.0000000000000000
     surfk_1_9                      0.0002511892404327000    1.000000000000000   0.0000000000000000
     surfk_2_1                      0.0002512048554161000    1.000000000000000   0.0000000000000000
    surfk_2_10                      0.0002511886308661600    1.000000000000000   0.0000000000000000
    surfk_2_11                      0.0002511886298545000    1.000000000000000   0.0000000000000000
    surfk_2_12                      0.0002511885861894400    1.000000000000000   0.0000000000000000
    surfk_2_14                      0.0001584893364161400    1.000000000000000   0.0000000000000000
    surfk_2_15                      0.0001584892533112000    1.000000000000000   0.0000000000000000
    surfk_2_16                      0.0001584893099578300    1.000000000000000   0.0000000000000000
    surfk_2_17                      0.0001586873028242500    1.000000000000000   0.0000000000000000
    surfk_2_18                      0.0001584718969622100    1.000000000000000   0.0000000000000000
    surfk_2_19                      0.0001584893099728700    1.000000000000000   0.0000000000000000
     surfk_2_2                      0.0001000479329140000    1.000000000000000   0.0000000000000000
    surfk_2_20                      0.0006309569980137701    1.000000000000000   0.0000000000000000
    surfk_2_21                      0.0001588244461421800    1.000000000000000   0.0000000000000000
    surfk_2_22                      0.0001584893395290800    1.000000000000000   0.0000000000000000
     surfk_2_3                      9.999998516986000e-05    1.000000000000000   0.0000000000000000
     surfk_2_4                      0.0002511885949655000    1.000000000000000   0.0000000000000000
     surfk_2_5                      0.0002511953443437000    1.000000000000000   0.0000000000000000
     surfk_2_6                      0.0001584890156375000    1.000000000000000   0.0000000000000000
     surfk_2_7                      0.0002511886287798000    1.000000000000000   0.0000000000000000
     surfk_2_8                      0.0002511886287910000    1.000000000000000   0.0000000000000000
     surfk_2_9                      0.0002511885996801000    1.000000000000000   0.0000000000000000
     surfk_3_1                      3.019949962436000e-08    1.000000000000000   0.0000000000000000
    surfk_3_10                      3.094155206261900e-08    1.000000000000000   0.0000000000000000
    surfk_3_11                      3.090295152079400e-08    1.000000000000000   0.0000000000000000
    surfk_3_12                      3.090294674530200e-08    1.000000000000000   0.0000000000000000
    surfk_3_13                      3.090292581536200e-08    1.000000000000000   0.0000000000000000
    surfk_3_14                      3.094155347530600e-08    1.000000000000000   0.0000000000000000
    surfk_3_15                      3.090293292035800e-08    1.000000000000000   0.0000000000000000
    surfk_3_16                      1.000000251315400e-07    1.000000000000000   0.0000000000000000
    surfk_3_17                      3.090292398306300e-08    1.000000000000000   0.0000000000000000
    surfk_3_18                      3.090292319508600e-08    1.000000000000000   0.0000000000000000
    surfk_3_19                      3.090293472763500e-08    1.000000000000000   0.0000000000000000
     surfk_3_2                      3.090293292036000e-08    1.000000000000000   0.0000000000000000
    surfk_3_20                      1.148153973670100e-07    1.000000000000000   0.0000000000000000
    surfk_3_21                      3.090295375696700e-08    1.000000000000000   0.0000000000000000
    surfk_3_22                      3.090291441677400e-08    1.000000000000000   0.0000000000000000
     surfk_3_3                      3.090293292036000e-08    1.000000000000000   0.0000000000000000
     surfk_3_4                      3.090292944099000e-08    1.000000000000000   0.0000000000000000
     surfk_3_5                      3.090295730457000e-08    1.000000000000000   0.0000000000000000
     surfk_3_6                      1.000000081358000e-07    1.000000000000000   0.0000000000000000
     surfk_3_7                      3.090293292036000e-08    1.000000000000000   0.0000000000000000
     surfk_3_8                      3.090295375313000e-08    1.000000000000000   0.0000000000000000
     surfk_3_9                      3.090295161491000e-08    1.000000000000000   0.0000000000000000
   vka_ratio_1                      0.1003940536646539    1.000000000000000   0.0000000000000000
   vka_ratio_2                      0.1000059915817350    1.000000000000000   0.0000000000000000
   vka_ratio_3                      0.09999241452254262    1.000000000000000   0.0000000000000000
       vks_1_1                      0.0002537776605400000    1.000000000000000   0.0000000000000000
      vks_1_10                      0.0002512463144340000    1.000000000000000   0.0000000000000000
      vks_1_11                      0.0002511937874120000    1.000000000000000   0.0000000000000000
      vks_1_12                      0.0002511890000000000    1.000000000000000   0.0000000000000000
      vks_1_13                      0.0002511885965260000    1.000000000000000   0.0000000000000000
      vks_1_14                      0.0002511913535210000    1.000000000000000   0.0000000000000000
      vks_1_15                      0.0002511969805670000    1.000000000000000   0.0000000000000000
      vks_1_16                      0.0002517686625670000    1.000000000000000   0.0000000000000000
      vks_1_17                      0.0002511533389880000    1.000000000000000   0.0000000000000000
      vks_1_18                      0.0002512930937210000    1.000000000000000   0.0000000000000000
      vks_1_19                      0.0002511884801950000    1.000000000000000   0.0000000000000000
       vks_1_2                      0.0002512010867300000    1.000000000000000   0.0000000000000000
      vks_1_21                      0.0002511885183790000    1.000000000000000   0.0000000000000000
       vks_1_3                      0.0002511894605500000    1.000000000000000   0.0000000000000000
       vks_1_4                      0.0003979363420300000    1.000000000000000   0.0000000000000000
       vks_1_5                      0.0003980590326600000    1.000000000000000   0.0000000000000000
       vks_1_6                      0.0002512221358300000    1.000000000000000   0.0000000000000000
       vks_1_8                      0.0002511884630800000    1.000000000000000   0.0000000000000000
       vks_1_9                      0.0002512624075800000    1.000000000000000   0.0000000000000000
       vks_2_1                      0.0002513174376200000    1.000000000000000   0.0000000000000000
      vks_2_10                      0.0002511880851450000    1.000000000000000   0.0000000000000000
      vks_2_11                      0.0002511876172020000    1.000000000000000   0.0000000000000000
      vks_2_12                      0.0002511810000000000    1.000000000000000   0.0000000000000000
      vks_2_14                      0.0001584893277130000    1.000000000000000   0.0000000000000000
      vks_2_15                      0.0001584891442450000    1.000000000000000   0.0000000000000000
      vks_2_16                      0.0001596034435780000    1.000000000000000   0.0000000000000000
      vks_2_17                      0.0001584889052260000    1.000000000000000   0.0000000000000000
      vks_2_18                      0.0001586271104300000    1.000000000000000   0.0000000000000000
      vks_2_19                      0.0001584893093500000    1.000000000000000   0.0000000000000000
       vks_2_2                      0.0001000007655000000    1.000000000000000   0.0000000000000000
      vks_2_20                      0.0006308166278280000    1.000000000000000   0.0000000000000000
      vks_2_21                      0.0001584851790870000    1.000000000000000   0.0000000000000000
      vks_2_22                      0.0001584899007600000    1.000000000000000   0.0000000000000000
       vks_2_3                      0.0001000029255800000    1.000000000000000   0.0000000000000000
       vks_2_4                      0.0002511300243300000    1.000000000000000   0.0000000000000000
       vks_2_5                      0.0002512146780900000    1.000000000000000   0.0000000000000000
       vks_2_6                      0.0001584620839200000    1.000000000000000   0.0000000000000000
       vks_2_7                      0.0002511886414100000    1.000000000000000   0.0000000000000000
       vks_2_8                      0.0002511886429900000    1.000000000000000   0.0000000000000000
       vks_2_9                      0.0002512354579300000    1.000000000000000   0.0000000000000000
       vks_3_1                      3.018925869700000e-08    1.000000000000000   0.0000000000000000
      vks_3_10                      3.090291693060000e-08    1.000000000000000   0.0000000000000000
      vks_3_11                      3.090295516690000e-08    1.000000000000000   0.0000000000000000
      vks_3_12                      3.090294797910000e-08    1.000000000000000   0.0000000000000000
      vks_3_13                      3.090294247500000e-08    1.000000000000000   0.0000000000000000
      vks_3_14                      3.090300359270000e-08    1.000000000000000   0.0000000000000000
      vks_3_15                      3.093058795760000e-08    1.000000000000000   0.0000000000000000
      vks_3_16                      1.010873840780000e-07    1.000000000000000   0.0000000000000000
      vks_3_17                      3.089870799350000e-08    1.000000000000000   0.0000000000000000
      vks_3_18                      3.096678841970000e-08    1.000000000000000   0.0000000000000000
      vks_3_19                      3.090158341130000e-08    1.000000000000000   0.0000000000000000
       vks_3_2                      3.090264182400000e-08    1.000000000000000   0.0000000000000000
      vks_3_20                      1.148153231980000e-07    1.000000000000000   0.0000000000000000
      vks_3_21                      3.088412436700000e-08    1.000000000000000   0.0000000000000000
      vks_3_22                      3.729560087500000e-08    1.000000000000000   0.0000000000000000
       vks_3_3                      3.090294898300000e-08    1.000000000000000   0.0000000000000000
       vks_3_4                      3.090295158400000e-08    1.000000000000000   0.0000000000000000
       vks_3_5                      3.090344525300000e-08    1.000000000000000   0.0000000000000000
       vks_3_6                      1.000292925100000e-07    1.000000000000000   0.0000000000000000
       vks_3_7                      3.090295153100000e-08    1.000000000000000   0.0000000000000000
       vks_3_8                      3.092761402900000e-08    1.000000000000000   0.0000000000000000
       vks_3_9                      3.091684967500000e-08    1.000000000000000   0.0000000000000000
