single point
        finf_1                      0.4830353000000000    1.000000000000000   0.0000000000000000
       finf_10                      0.4725046550000000    1.000000000000000   0.0000000000000000
       finf_11                      0.4725046520000000    1.000000000000000   0.0000000000000000
       finf_12                      0.4725046520000000    1.000000000000000   0.0000000000000000
       finf_13                      0.4725046250000000    1.000000000000000   0.0000000000000000
       finf_14                      0.4830353020000000    1.000000000000000   0.0000000000000000
       finf_15                      0.4830353000000000    1.000000000000000   0.0000000000000000
       finf_16                      0.4830353000000000    1.000000000000000   0.0000000000000000
       finf_17                      0.4830352960000000    1.000000000000000   0.0000000000000000
       finf_18                      0.4830353000000000    1.000000000000000   0.0000000000000000
       finf_19                      0.4830353020000000    1.000000000000000   0.0000000000000000
        finf_2                      0.4830352990000000    1.000000000000000   0.0000000000000000
       finf_20                      0.5284619410000000    1.000000000000000   0.0000000000000000
       finf_21                      0.4830353010000000    1.000000000000000   0.0000000000000000
       finf_22                      0.4830353040000000    1.000000000000000   0.0000000000000000
        finf_3                      0.4830353050000000    1.000000000000000   0.0000000000000000
        finf_4                      0.4105800060000000    1.000000000000000   0.0000000000000000
        finf_5                      0.4105800060000000    1.000000000000000   0.0000000000000000
        finf_6                      0.4830352990000000    1.000000000000000   0.0000000000000000
        finf_7                      0.4725046530000000    1.000000000000000   0.0000000000000000
        finf_8                      0.4725046500000000    1.000000000000000   0.0000000000000000
        finf_9                      0.4725046480000000    1.000000000000000   0.0000000000000000
          ks_1                      2.203042197650000    1.000000000000000   0.0000000000000000
         ks_10                      1.867848100744000    1.000000000000000   0.0000000000000000
        ks_100                      0.0003223167364000000    1.000000000000000   0.0000000000000000
        ks_101                      0.0008235472887000000    1.000000000000000   0.0000000000000000
        ks_102                      9.398303516000000e-05    1.000000000000000   0.0000000000000000
        ks_103                      0.0004691424329000000    1.000000000000000   0.0000000000000000
        ks_104                      1.020444785000000e-05    1.000000000000000   0.0000000000000000
        ks_105                      1.033276757000000e-05    1.000000000000000   0.0000000000000000
        ks_106                      0.0001574341405000000    1.000000000000000   0.0000000000000000
        ks_107                      0.0003328722266000000    1.000000000000000   0.0000000000000000
        ks_108                      4.424070324095200    1.000000000000000   0.0000000000000000
        ks_109                      7.454441869141700    1.000000000000000   0.0000000000000000
         ks_11                      0.4796536882400000    1.000000000000000   0.0000000000000000
        ks_110                      3.592376305694900    1.000000000000000   0.0000000000000000
        ks_111                      7.556377697373800    1.000000000000000   0.0000000000000000
        ks_112                      3.920406176014800    1.000000000000000   0.0000000000000000
        ks_113                      0.04834636318330000    1.000000000000000   0.0000000000000000
        ks_114                      8.277642414421800    1.000000000000000   0.0000000000000000
        ks_115                      6.996014140038700    1.000000000000000   0.0000000000000000
        ks_116                      0.3855203943896000    1.000000000000000   0.0000000000000000
        ks_117                      13.84152096441000    1.000000000000000   0.0000000000000000
        ks_118                      1.940271648592200    1.000000000000000   0.0000000000000000
        ks_119                      10.53997627161500    1.000000000000000   0.0000000000000000
         ks_12                      9.513287426472001    1.000000000000000   0.0000000000000000
        ks_120                      0.1012788713667000    1.000000000000000   0.0000000000000000
        ks_121                      2.201095118348500    1.000000000000000   0.0000000000000000
        ks_122                      47.55679426570700    1.000000000000000   0.0000000000000000
        ks_123                      7.531918163940600    1.000000000000000   0.0000000000000000
        ks_124                      2.167941803538000    1.000000000000000   0.0000000000000000
        ks_125                      40.28726413928400    1.000000000000000   0.0000000000000000
        ks_126                      500.0000000000000    1.000000000000000   0.0000000000000000
        ks_127                      0.8877289249533999    1.000000000000000   0.0000000000000000
        ks_128                      5.656449939020000    1.000000000000000   0.0000000000000000
        ks_129                      4.950769371671200    1.000000000000000   0.0000000000000000
         ks_13                      1.252508363794000    1.000000000000000   0.0000000000000000
        ks_130                      3.906783467891400    1.000000000000000   0.0000000000000000
        ks_131                      0.0002163775057000000    1.000000000000000   0.0000000000000000
        ks_132                      0.0002244793676000000    1.000000000000000   0.0000000000000000
        ks_133                      0.0002158686552000000    1.000000000000000   0.0000000000000000
        ks_134                      0.02704961881860000    1.000000000000000   0.0000000000000000
        ks_135                      0.0001759968745000000    1.000000000000000   0.0000000000000000
        ks_136                      0.0003239300183000000    1.000000000000000   0.0000000000000000
        ks_137                      0.008196744907000000    1.000000000000000   0.0000000000000000
        ks_138                      6.711074101832300    1.000000000000000   0.0000000000000000
        ks_139                      0.0002648870275000000    1.000000000000000   0.0000000000000000
         ks_14                      4.304172472710000    1.000000000000000   0.0000000000000000
        ks_140                      16.14573277693000    1.000000000000000   0.0000000000000000
        ks_141                      0.0002263551623000000    1.000000000000000   0.0000000000000000
        ks_142                      0.0002150261949000000    1.000000000000000   0.0000000000000000
        ks_143                      0.002536961886000000    1.000000000000000   0.0000000000000000
        ks_144                      1.086821859152700    1.000000000000000   0.0000000000000000
        ks_145                      30.50516946613000    1.000000000000000   0.0000000000000000
        ks_146                      5.829137625044200    1.000000000000000   0.0000000000000000
        ks_147                      2.325078718373800    1.000000000000000   0.0000000000000000
        ks_148                      6.102837200923200    1.000000000000000   0.0000000000000000
        ks_149                      0.0003050912114000000    1.000000000000000   0.0000000000000000
         ks_15                      0.9322524319670000    1.000000000000000   0.0000000000000000
        ks_150                      7.528242005399500    1.000000000000000   0.0000000000000000
        ks_151                      6.227653433343200    1.000000000000000   0.0000000000000000
        ks_152                      0.1327609677093000    1.000000000000000   0.0000000000000000
        ks_153                      56.04364671440300    1.000000000000000   0.0000000000000000
        ks_154                      29.14687778711300    1.000000000000000   0.0000000000000000
        ks_155                      0.0002327920429000000    1.000000000000000   0.0000000000000000
        ks_156                      0.1874875780487000    1.000000000000000   0.0000000000000000
        ks_157                      0.1629379083458000    1.000000000000000   0.0000000000000000
        ks_158                      0.6361887421044000    1.000000000000000   0.0000000000000000
        ks_159                      0.02619666425280000    1.000000000000000   0.0000000000000000
         ks_16                      280.9094000000000    1.000000000000000   0.0000000000000000
        ks_160                      1.145935983126300    1.000000000000000   0.0000000000000000
        ks_161                      500.0000000000000    1.000000000000000   0.0000000000000000
        ks_162                      0.1928273241503000    1.000000000000000   0.0000000000000000
        ks_163                      0.07004257673750000    1.000000000000000   0.0000000000000000
        ks_164                      0.05897438726500000    1.000000000000000   0.0000000000000000
        ks_165                      7.737339804442000    1.000000000000000   0.0000000000000000
        ks_166                      0.01598932317120000    1.000000000000000   0.0000000000000000
        ks_167                      0.02092525118280000    1.000000000000000   0.0000000000000000
        ks_168                      0.05468798387650000    1.000000000000000   0.0000000000000000
        ks_169                      0.0003014055838000000    1.000000000000000   0.0000000000000000
         ks_17                      1.737203702733000    1.000000000000000   0.0000000000000000
        ks_170                      0.002714615339000000    1.000000000000000   0.0000000000000000
        ks_171                      0.4174897445437000    1.000000000000000   0.0000000000000000
        ks_172                      0.02032419041870000    1.000000000000000   0.0000000000000000
        ks_173                      0.01225795529170000    1.000000000000000   0.0000000000000000
        ks_174                      6.177646292959500    1.000000000000000   0.0000000000000000
        ks_175                      0.1313762430424000    1.000000000000000   0.0000000000000000
        ks_176                      0.002228341421000000    1.000000000000000   0.0000000000000000
        ks_177                      1.149068040341200    1.000000000000000   0.0000000000000000
        ks_178                      0.0002220691651000000    1.000000000000000   0.0000000000000000
        ks_179                      0.3657291959642000    1.000000000000000   0.0000000000000000
         ks_18                      2.402465418839000    1.000000000000000   0.0000000000000000
        ks_180                      2.117226723000000e-05    1.000000000000000   0.0000000000000000
        ks_181                      0.01454558491750000    1.000000000000000   0.0000000000000000
        ks_182                      5.360737878392400    1.000000000000000   0.0000000000000000
        ks_183                      0.9824129045800000    1.000000000000000   0.0000000000000000
        ks_184                      0.0004493596544000000    1.000000000000000   0.0000000000000000
        ks_185                      0.0001056226881000000    1.000000000000000   0.0000000000000000
        ks_186                      0.0001052568871000000    1.000000000000000   0.0000000000000000
        ks_187                      0.0001173869387000000    1.000000000000000   0.0000000000000000
        ks_188                      0.0004003100419000000    1.000000000000000   0.0000000000000000
        ks_189                      0.0001252823749000000    1.000000000000000   0.0000000000000000
         ks_19                      47.11138744480000    1.000000000000000   0.0000000000000000
        ks_190                      9.987641852000001e-06    1.000000000000000   0.0000000000000000
        ks_191                      0.0001078414764000000    1.000000000000000   0.0000000000000000
        ks_192                      0.0001529725445000000    1.000000000000000   0.0000000000000000
        ks_193                      0.001778627509000000    1.000000000000000   0.0000000000000000
        ks_194                      9.819583829000000e-06    1.000000000000000   0.0000000000000000
        ks_195                      0.0007782759331000000    1.000000000000000   0.0000000000000000
        ks_196                      9.829715130000001e-06    1.000000000000000   0.0000000000000000
        ks_197                      8.765256833000000e-05    1.000000000000000   0.0000000000000000
        ks_198                      0.0002425356205000000    1.000000000000000   0.0000000000000000
        ks_199                      1.139389695000000e-05    1.000000000000000   0.0000000000000000
          ks_2                      0.01611793415000000    1.000000000000000   0.0000000000000000
         ks_20                      1.128590217509000    1.000000000000000   0.0000000000000000
        ks_200                      1.018838837000000e-05    1.000000000000000   0.0000000000000000
        ks_201                      9.976791057999999e-06    1.000000000000000   0.0000000000000000
        ks_202                      0.0001120372769000000    1.000000000000000   0.0000000000000000
        ks_203                      0.0001263753855000000    1.000000000000000   0.0000000000000000
        ks_204                      0.0001109673285000000    1.000000000000000   0.0000000000000000
        ks_205                      0.0001128640570000000    1.000000000000000   0.0000000000000000
        ks_206                      9.676745638000000e-06    1.000000000000000   0.0000000000000000
        ks_207                      0.0001248362240000000    1.000000000000000   0.0000000000000000
        ks_208                      1.449748364000000e-05    1.000000000000000   0.0000000000000000
        ks_209                      0.0003538649791000000    1.000000000000000   0.0000000000000000
         ks_21                      0.9696693721110000    1.000000000000000   0.0000000000000000
        ks_210                      0.0001100343614000000    1.000000000000000   0.0000000000000000
        ks_211                      9.713034610999999e-05    1.000000000000000   0.0000000000000000
        ks_212                      6.329310571000000e-05    1.000000000000000   0.0000000000000000
        ks_213                      0.0001080101801000000    1.000000000000000   0.0000000000000000
        ks_214                      0.0001057525535000000    1.000000000000000   0.0000000000000000
        ks_215                      0.0001060830123000000    1.000000000000000   0.0000000000000000
        ks_216                      0.0001077302370000000    1.000000000000000   0.0000000000000000
        ks_217                      3.764548854000000e-05    1.000000000000000   0.0000000000000000
        ks_218                      5.542314003000000e-05    1.000000000000000   0.0000000000000000
        ks_219                      0.0001117529605000000    1.000000000000000   0.0000000000000000
         ks_22                      0.6948526750130000    1.000000000000000   0.0000000000000000
        ks_220                      0.0001035328047000000    1.000000000000000   0.0000000000000000
        ks_221                      0.0001619419067000000    1.000000000000000   0.0000000000000000
        ks_222                      0.0001127252247000000    1.000000000000000   0.0000000000000000
        ks_223                      0.0001312154477000000    1.000000000000000   0.0000000000000000
        ks_224                      0.0001080134680000000    1.000000000000000   0.0000000000000000
        ks_225                      1.050869923000000e-05    1.000000000000000   0.0000000000000000
        ks_226                      0.0001120093071000000    1.000000000000000   0.0000000000000000
        ks_227                      9.311468558000000e-05    1.000000000000000   0.0000000000000000
        ks_228                      5.384331987000000e-05    1.000000000000000   0.0000000000000000
        ks_229                      0.0005257830752000000    1.000000000000000   0.0000000000000000
         ks_23                      500.0000000000000    1.000000000000000   0.0000000000000000
        ks_230                      9.927668294000000e-06    1.000000000000000   0.0000000000000000
        ks_231                      8.022435432000000e-05    1.000000000000000   0.0000000000000000
        ks_232                      0.0003987289283000000    1.000000000000000   0.0000000000000000
        ks_233                      6.168734105000000e-05    1.000000000000000   0.0000000000000000
         ks_24                      0.05175152282500000    1.000000000000000   0.0000000000000000
         ks_25                      0.07978703242900000    1.000000000000000   0.0000000000000000
         ks_26                      5000.000000000000    1.000000000000000   0.0000000000000000
         ks_27                      0.1379714099610000    1.000000000000000   0.0000000000000000
         ks_28                      0.2987804818120000    1.000000000000000   0.0000000000000000
         ks_29                      2.527908076571000    1.000000000000000   0.0000000000000000
          ks_3                      0.7850242674900000    1.000000000000000   0.0000000000000000
         ks_30                      1.020468530000000e-05    1.000000000000000   0.0000000000000000
         ks_31                      2.670318292065000    1.000000000000000   0.0000000000000000
         ks_32                      0.0002010072790000000    1.000000000000000   0.0000000000000000
         ks_33                      0.1009703006420000    1.000000000000000   0.0000000000000000
         ks_34                      50.68630203233000    1.000000000000000   0.0000000000000000
         ks_35                      0.0001948054180000000    1.000000000000000   0.0000000000000000
         ks_36                      0.0006806071940000000    1.000000000000000   0.0000000000000000
         ks_37                      0.0002710581240000000    1.000000000000000   0.0000000000000000
         ks_38                      0.04827194963800000    1.000000000000000   0.0000000000000000
         ks_39                      0.0002155832210000000    1.000000000000000   0.0000000000000000
          ks_4                      70.40886506120000    1.000000000000000   0.0000000000000000
         ks_40                      1.403994698439000    1.000000000000000   0.0000000000000000
         ks_41                      1.150071267840000    1.000000000000000   0.0000000000000000
         ks_42                      2.349091317435000    1.000000000000000   0.0000000000000000
         ks_43                      0.08504285029500000    1.000000000000000   0.0000000000000000
         ks_44                      0.3122194395260000    1.000000000000000   0.0000000000000000
         ks_45                      0.6997855334670000    1.000000000000000   0.0000000000000000
         ks_46                      0.06891671475100000    1.000000000000000   0.0000000000000000
         ks_47                      5.846603031818000    1.000000000000000   0.0000000000000000
         ks_48                      9.873060890973999    1.000000000000000   0.0000000000000000
         ks_49                      0.0001889912520000000    1.000000000000000   0.0000000000000000
          ks_5                      201.8069900000000    1.000000000000000   0.0000000000000000
         ks_50                      4.082637199851000    1.000000000000000   0.0000000000000000
         ks_51                      5.033337160000000e-05    1.000000000000000   0.0000000000000000
         ks_52                      0.003386949070000000    1.000000000000000   0.0000000000000000
         ks_53                      5.029679756813000    1.000000000000000   0.0000000000000000
         ks_54                      0.01859006204800000    1.000000000000000   0.0000000000000000
         ks_55                      6.270446352217000    1.000000000000000   0.0000000000000000
         ks_56                      73.86273146348000    1.000000000000000   0.0000000000000000
         ks_57                      4.663009273195000    1.000000000000000   0.0000000000000000
         ks_58                      0.3278458871230000    1.000000000000000   0.0000000000000000
         ks_59                      0.09234457428600000    1.000000000000000   0.0000000000000000
          ks_6                      419.4405500000000    1.000000000000000   0.0000000000000000
         ks_60                      4.673005978057000    1.000000000000000   0.0000000000000000
         ks_61                      0.02936856859000000    1.000000000000000   0.0000000000000000
         ks_62                      0.3094735388780000    1.000000000000000   0.0000000000000000
         ks_63                      11.28298724602000    1.000000000000000   0.0000000000000000
         ks_64                      0.0006934576320000000    1.000000000000000   0.0000000000000000
         ks_65                      0.001789780720000000    1.000000000000000   0.0000000000000000
         ks_66                      5.686161303657000    1.000000000000000   0.0000000000000000
         ks_67                      12.26376357914000    1.000000000000000   0.0000000000000000
         ks_68                      0.01166604031800000    1.000000000000000   0.0000000000000000
         ks_69                      0.7511712190090000    1.000000000000000   0.0000000000000000
          ks_7                      1.033330900000000e-05    1.000000000000000   0.0000000000000000
         ks_70                      3.964345017400000    1.000000000000000   0.0000000000000000
         ks_71                      1.455213540000000e-05    1.000000000000000   0.0000000000000000
         ks_72                      0.0001354254290000000    1.000000000000000   0.0000000000000000
         ks_73                      0.0001334038170000000    1.000000000000000   0.0000000000000000
         ks_74                      0.0001028297250000000    1.000000000000000   0.0000000000000000
         ks_75                      1.251734300000000e-05    1.000000000000000   0.0000000000000000
         ks_76                      0.0002386820610000000    1.000000000000000   0.0000000000000000
         ks_77                      0.0001150810780000000    1.000000000000000   0.0000000000000000
         ks_78                      1.549320630000000e-05    1.000000000000000   0.0000000000000000
         ks_79                      1.008599910000000e-05    1.000000000000000   0.0000000000000000
          ks_8                      1.025538200000000e-05    1.000000000000000   0.0000000000000000
         ks_80                      384.9167310000000    1.000000000000000   0.0000000000000000
         ks_81                      9.501601000000000e-05    1.000000000000000   0.0000000000000000
         ks_82                      500.0000000000000    1.000000000000000   0.0000000000000000
         ks_83                      6.964704334855000    1.000000000000000   0.0000000000000000
         ks_84                      9.074959790000000e-05    1.000000000000000   0.0000000000000000
         ks_85                      1.466145140000000e-05    1.000000000000000   0.0000000000000000
         ks_86                      0.0001436750480000000    1.000000000000000   0.0000000000000000
         ks_87                      500.0000000000000    1.000000000000000   0.0000000000000000
         ks_88                      203.6613150000000    1.000000000000000   0.0000000000000000
         ks_89                      9.432413410000000e-05    1.000000000000000   0.0000000000000000
          ks_9                      5.647365468270000    1.000000000000000   0.0000000000000000
         ks_90                      4.761478838152000    1.000000000000000   0.0000000000000000
         ks_91                      14.85006804819000    1.000000000000000   0.0000000000000000
         ks_92                      0.0001234293310000000    1.000000000000000   0.0000000000000000
         ks_93                      37.42941341632000    1.000000000000000   0.0000000000000000
         ks_94                      9.973955999999999e-06    1.000000000000000   0.0000000000000000
         ks_95                      0.0001256082680000000    1.000000000000000   0.0000000000000000
         ks_96                      0.0001922062970000000    1.000000000000000   0.0000000000000000
         ks_97                      3.089497210000000e-05    1.000000000000000   0.0000000000000000
         ks_98                      0.0001371471260000000    1.000000000000000   0.0000000000000000
         ks_99                      0.0001145729670000000    1.000000000000000   0.0000000000000000
    lak_cond_1                      1.000000000000000    1.000000000000000   0.0000000000000000
   lak_cond_12                      1.028220059832796    1.000000000000000   0.0000000000000000
    lak_cond_2                      1.000000000000000    1.000000000000000   0.0000000000000000
         pet_1                      9.500000000000001e-05    1.000000000000000   0.0000000000000000
 pond_recharge                      39049.65805089550    1.000000000000000   0.0000000000000000
       sfr_k_1                      0.04432841954477000    1.000000000000000   0.0000000000000000
      sfr_k_10                      0.1135476521175320    1.000000000000000   0.0000000000000000
      sfr_k_11                      0.2277803982093030    1.000000000000000   0.0000000000000000
      sfr_k_12                      1.314380430115206    1.000000000000000   0.0000000000000000
      sfr_k_13                      0.1022867507925500    1.000000000000000   0.0000000000000000
      sfr_k_14                      0.1705524294653930    1.000000000000000   0.0000000000000000
      sfr_k_15                      0.1208792986270470    1.000000000000000   0.0000000000000000
      sfr_k_16                      0.3123118785642400    1.000000000000000   0.0000000000000000
      sfr_k_17                      0.1284848912390910    1.000000000000000   0.0000000000000000
      sfr_k_18                      0.1590941426924490    1.000000000000000   0.0000000000000000
      sfr_k_19                      0.1067937458389230    1.000000000000000   0.0000000000000000
       sfr_k_2                      0.1029147701790200    1.000000000000000   0.0000000000000000
      sfr_k_20                      0.1050227421893600    1.000000000000000   0.0000000000000000
      sfr_k_21                      0.1322943130041170    1.000000000000000   0.0000000000000000
      sfr_k_22                      0.1236563247232580    1.000000000000000   0.0000000000000000
       sfr_k_3                      0.09198274975480999    1.000000000000000   0.0000000000000000
       sfr_k_4                      0.02630949722403000    1.000000000000000   0.0000000000000000
       sfr_k_5                      0.2064343235227700    1.000000000000000   0.0000000000000000
       sfr_k_6                      0.5943002692966300    1.000000000000000   0.0000000000000000
       sfr_k_7                      0.2606131481257800    1.000000000000000   0.0000000000000000
       sfr_k_8                      0.3027643823617700    1.000000000000000   0.0000000000000000
       sfr_k_9                      0.1742719012316200    1.000000000000000   0.0000000000000000
     spill_447                      185.0000000000000    1.000000000000000   0.0000000000000000
     spill_449                      147.0000000000000    1.000000000000000   0.0000000000000000
     spill_688                      8.230000000000000    1.000000000000000   0.0000000000000000
     surfk_1_1                      0.0002824456931842000    1.000000000000000   0.0000000000000000
    surfk_1_10                      0.0002842364985114200    1.000000000000000   0.0000000000000000
    surfk_1_11                      0.0002706615338329000    1.000000000000000   0.0000000000000000
    surfk_1_12                      0.0002804350320195800    1.000000000000000   0.0000000000000000
    surfk_1_13                      0.0002738222351971200    1.000000000000000   0.0000000000000000
    surfk_1_14                      0.0002711522940928200    1.000000000000000   0.0000000000000000
    surfk_1_15                      0.0002501816685127800    1.000000000000000   0.0000000000000000
    surfk_1_16                      0.0003107432654925400    1.000000000000000   0.0000000000000000
    surfk_1_17                      0.0002810352479813600    1.000000000000000   0.0000000000000000
    surfk_1_18                      0.0004111414465907200    1.000000000000000   0.0000000000000000
    surfk_1_19                      0.0002779578134102500    1.000000000000000   0.0000000000000000
     surfk_1_2                      0.0002807090684052000    1.000000000000000   0.0000000000000000
    surfk_1_21                      0.0003288472414387900    1.000000000000000   0.0000000000000000
     surfk_1_3                      0.0002638597588366000    1.000000000000000   0.0000000000000000
     surfk_1_4                      0.0004828690849063000    1.000000000000000   0.0000000000000000
     surfk_1_5                      0.0004411009361979000    1.000000000000000   0.0000000000000000
     surfk_1_6                      0.0002653888040707000    1.000000000000000   0.0000000000000000
     surfk_1_8                      0.0002708086494589000    1.000000000000000   0.0000000000000000
     surfk_1_9                      0.0002665747620240000    1.000000000000000   0.0000000000000000
     surfk_2_1                      0.0005357564197605000    1.000000000000000   0.0000000000000000
    surfk_2_10                      0.0002723212298335300    1.000000000000000   0.0000000000000000
    surfk_2_11                      0.0002548693751767500    1.000000000000000   0.0000000000000000
    surfk_2_12                      0.0002298400445697800    1.000000000000000   0.0000000000000000
    surfk_2_14                      0.0001564510317523700    1.000000000000000   0.0000000000000000
    surfk_2_15                      0.0001852522631955100    1.000000000000000   0.0000000000000000
    surfk_2_16                      0.0001623727808368200    1.000000000000000   0.0000000000000000
    surfk_2_17                      0.0001774825282054100    1.000000000000000   0.0000000000000000
    surfk_2_18                      0.0002308402858108300    1.000000000000000   0.0000000000000000
    surfk_2_19                      0.0001697229291325600    1.000000000000000   0.0000000000000000
     surfk_2_2                      0.0001188180168470000    1.000000000000000   0.0000000000000000
    surfk_2_20                      0.0008309651772284300    1.000000000000000   0.0000000000000000
    surfk_2_21                      0.0002134035109524100    1.000000000000000   0.0000000000000000
    surfk_2_22                      0.0001691329754283100    1.000000000000000   0.0000000000000000
     surfk_2_3                      0.0001068559004144000    1.000000000000000   0.0000000000000000
     surfk_2_4                      0.0002834781798993000    1.000000000000000   0.0000000000000000
     surfk_2_5                      0.0003370312027263000    1.000000000000000   0.0000000000000000
     surfk_2_6                      0.0001672004838418000    1.000000000000000   0.0000000000000000
     surfk_2_7                      0.0003175364456132000    1.000000000000000   0.0000000000000000
     surfk_2_8                      0.0003331840459459000    1.000000000000000   0.0000000000000000
     surfk_2_9                      0.0002923968146789000    1.000000000000000   0.0000000000000000
     surfk_3_1                      3.084590668978000e-08    1.000000000000000   0.0000000000000000
    surfk_3_10                      3.167626865146800e-08    1.000000000000000   0.0000000000000000
    surfk_3_11                      3.136000806779800e-08    1.000000000000000   0.0000000000000000
    surfk_3_12                      3.275046953386200e-08    1.000000000000000   0.0000000000000000
    surfk_3_13                      3.119557451053900e-08    1.000000000000000   0.0000000000000000
    surfk_3_14                      3.303774418736800e-08    1.000000000000000   0.0000000000000000
    surfk_3_15                      3.268724250753500e-08    1.000000000000000   0.0000000000000000
    surfk_3_16                      1.129407988000100e-07    1.000000000000000   0.0000000000000000
    surfk_3_17                      3.319312066163600e-08    1.000000000000000   0.0000000000000000
    surfk_3_18                      3.039647575104300e-08    1.000000000000000   0.0000000000000000
    surfk_3_19                      3.119557452456200e-08    1.000000000000000   0.0000000000000000
     surfk_3_2                      3.251180095105000e-08    1.000000000000000   0.0000000000000000
    surfk_3_20                      1.130183806447400e-07    1.000000000000000   0.0000000000000000
    surfk_3_21                      3.178893101278700e-08    1.000000000000000   0.0000000000000000
    surfk_3_22                      2.516464411842200e-08    1.000000000000000   0.0000000000000000
     surfk_3_3                      3.099414064869000e-08    1.000000000000000   0.0000000000000000
     surfk_3_4                      3.099414059950000e-08    1.000000000000000   0.0000000000000000
     surfk_3_5                      3.168859171053000e-08    1.000000000000000   0.0000000000000000
     surfk_3_6                      1.031253879941000e-07    1.000000000000000   0.0000000000000000
     surfk_3_7                      3.099414065149000e-08    1.000000000000000   0.0000000000000000
     surfk_3_8                      3.119557430768000e-08    1.000000000000000   0.0000000000000000
     surfk_3_9                      3.161594247744000e-08    1.000000000000000   0.0000000000000000
   vka_ratio_1                      0.03791348700533611    1.000000000000000   0.0000000000000000
   vka_ratio_2                      0.1134640000000000    1.000000000000000   0.0000000000000000
   vka_ratio_3                      0.0005088743164131879    1.000000000000000   0.0000000000000000
       vks_1_1                      0.0002510000000000000    1.000000000000000   0.0000000000000000
      vks_1_10                      0.0002510000000000000    1.000000000000000   0.0000000000000000
      vks_1_11                      0.0002510000000000000    1.000000000000000   0.0000000000000000
      vks_1_12                      0.0002510000000000000    1.000000000000000   0.0000000000000000
      vks_1_13                      0.0002510000000000000    1.000000000000000   0.0000000000000000
      vks_1_14                      0.0002510000000000000    1.000000000000000   0.0000000000000000
      vks_1_15                      0.0002510000000000000    1.000000000000000   0.0000000000000000
      vks_1_16                      0.0002510000000000000    1.000000000000000   0.0000000000000000
      vks_1_17                      0.0002510000000000000    1.000000000000000   0.0000000000000000
      vks_1_18                      0.0002510000000000000    1.000000000000000   0.0000000000000000
      vks_1_19                      0.0002510000000000000    1.000000000000000   0.0000000000000000
       vks_1_2                      0.0002510000000000000    1.000000000000000   0.0000000000000000
      vks_1_21                      0.0002510000000000000    1.000000000000000   0.0000000000000000
       vks_1_3                      0.0002510000000000000    1.000000000000000   0.0000000000000000
       vks_1_4                      0.0003980000000000000    1.000000000000000   0.0000000000000000
       vks_1_5                      0.0003980000000000000    1.000000000000000   0.0000000000000000
       vks_1_6                      0.0002510000000000000    1.000000000000000   0.0000000000000000
       vks_1_8                      0.0002510000000000000    1.000000000000000   0.0000000000000000
       vks_1_9                      0.0002510000000000000    1.000000000000000   0.0000000000000000
       vks_2_1                      0.0002510000000000000    1.000000000000000   0.0000000000000000
      vks_2_10                      0.0002510000000000000    1.000000000000000   0.0000000000000000
      vks_2_11                      0.0002510000000000000    1.000000000000000   0.0000000000000000
      vks_2_12                      0.0002510000000000000    1.000000000000000   0.0000000000000000
      vks_2_14                      0.0001580000000000000    1.000000000000000   0.0000000000000000
      vks_2_15                      0.0001580000000000000    1.000000000000000   0.0000000000000000
      vks_2_16                      0.0001580000000000000    1.000000000000000   0.0000000000000000
      vks_2_17                      0.0001580000000000000    1.000000000000000   0.0000000000000000
      vks_2_18                      0.0001580000000000000    1.000000000000000   0.0000000000000000
      vks_2_19                      0.0001580000000000000    1.000000000000000   0.0000000000000000
       vks_2_2                      0.0001000000000000000    1.000000000000000   0.0000000000000000
      vks_2_20                      0.0006310000000000001    1.000000000000000   0.0000000000000000
      vks_2_21                      0.0001580000000000000    1.000000000000000   0.0000000000000000
      vks_2_22                      0.0001580000000000000    1.000000000000000   0.0000000000000000
       vks_2_3                      0.0001000000000000000    1.000000000000000   0.0000000000000000
       vks_2_4                      0.0002510000000000000    1.000000000000000   0.0000000000000000
       vks_2_5                      0.0002510000000000000    1.000000000000000   0.0000000000000000
       vks_2_6                      0.0001580000000000000    1.000000000000000   0.0000000000000000
       vks_2_7                      0.0002510000000000000    1.000000000000000   0.0000000000000000
       vks_2_8                      0.0002510000000000000    1.000000000000000   0.0000000000000000
       vks_2_9                      0.0002510000000000000    1.000000000000000   0.0000000000000000
       vks_3_1                      3.020000000000000e-08    1.000000000000000   0.0000000000000000
      vks_3_10                      3.090000000000000e-08    1.000000000000000   0.0000000000000000
      vks_3_11                      3.090000000000000e-08    1.000000000000000   0.0000000000000000
      vks_3_12                      3.090000000000000e-08    1.000000000000000   0.0000000000000000
      vks_3_13                      3.090000000000000e-08    1.000000000000000   0.0000000000000000
      vks_3_14                      3.090000000000000e-08    1.000000000000000   0.0000000000000000
      vks_3_15                      3.090000000000000e-08    1.000000000000000   0.0000000000000000
      vks_3_16                      1.000000000000000e-07    1.000000000000000   0.0000000000000000
      vks_3_17                      3.090000000000000e-08    1.000000000000000   0.0000000000000000
      vks_3_18                      3.090000000000000e-08    1.000000000000000   0.0000000000000000
      vks_3_19                      3.090000000000000e-08    1.000000000000000   0.0000000000000000
       vks_3_2                      3.090000000000000e-08    1.000000000000000   0.0000000000000000
      vks_3_20                      1.150000000000000e-07    1.000000000000000   0.0000000000000000
      vks_3_21                      3.090000000000000e-08    1.000000000000000   0.0000000000000000
      vks_3_22                      3.090000000000000e-08    1.000000000000000   0.0000000000000000
       vks_3_3                      3.090000000000000e-08    1.000000000000000   0.0000000000000000
       vks_3_4                      3.090000000000000e-08    1.000000000000000   0.0000000000000000
       vks_3_5                      3.090000000000000e-08    1.000000000000000   0.0000000000000000
       vks_3_6                      1.000000000000000e-07    1.000000000000000   0.0000000000000000
       vks_3_7                      3.090000000000000e-08    1.000000000000000   0.0000000000000000
       vks_3_8                      3.090000000000000e-08    1.000000000000000   0.0000000000000000
       vks_3_9                      3.090000000000000e-08    1.000000000000000   0.0000000000000000
