single point
        finf_1                      0.4830353000000000    1.000000000000000   0.0000000000000000
       finf_10                      0.4725046550000000    1.000000000000000   0.0000000000000000
       finf_11                      0.4725046520000000    1.000000000000000   0.0000000000000000
       finf_12                      0.4725046520000000    1.000000000000000   0.0000000000000000
       finf_13                      0.4725046250000000    1.000000000000000   0.0000000000000000
       finf_14                      0.4830353020000000    1.000000000000000   0.0000000000000000
       finf_15                      0.4830353000000000    1.000000000000000   0.0000000000000000
       finf_16                      0.4830353000000000    1.000000000000000   0.0000000000000000
       finf_17                      0.4830352960000000    1.000000000000000   0.0000000000000000
       finf_18                      0.4830353000000000    1.000000000000000   0.0000000000000000
       finf_19                      0.4830353020000000    1.000000000000000   0.0000000000000000
        finf_2                      0.4830352990000000    1.000000000000000   0.0000000000000000
       finf_20                      0.5284619410000000    1.000000000000000   0.0000000000000000
       finf_21                      0.4830353010000000    1.000000000000000   0.0000000000000000
       finf_22                      0.4830353040000000    1.000000000000000   0.0000000000000000
        finf_3                      0.4830353050000000    1.000000000000000   0.0000000000000000
        finf_4                      0.4105800060000000    1.000000000000000   0.0000000000000000
        finf_5                      0.4105800060000000    1.000000000000000   0.0000000000000000
        finf_6                      0.4830352990000000    1.000000000000000   0.0000000000000000
        finf_7                      0.4725046530000000    1.000000000000000   0.0000000000000000
        finf_8                      0.4725046500000000    1.000000000000000   0.0000000000000000
        finf_9                      0.4725046480000000    1.000000000000000   0.0000000000000000
          ks_1                      2.396557683250000    1.000000000000000   0.0000000000000000
         ks_10                      1.981341632075000    1.000000000000000   0.0000000000000000
        ks_100                      0.0003140612388000000    1.000000000000000   0.0000000000000000
        ks_101                      0.0009733225698000000    1.000000000000000   0.0000000000000000
        ks_102                      0.0001105819786000000    1.000000000000000   0.0000000000000000
        ks_103                      0.0004983236546000000    1.000000000000000   0.0000000000000000
        ks_104                      1.243415458000000e-05    1.000000000000000   0.0000000000000000
        ks_105                      1.064384503000000e-05    1.000000000000000   0.0000000000000000
        ks_106                      0.0002133511374000000    1.000000000000000   0.0000000000000000
        ks_107                      0.0003637011008000000    1.000000000000000   0.0000000000000000
        ks_108                      4.443253518529800    1.000000000000000   0.0000000000000000
        ks_109                      7.341383153022500    1.000000000000000   0.0000000000000000
         ks_11                      0.9733227273300000    1.000000000000000   0.0000000000000000
        ks_110                      3.258810827525800    1.000000000000000   0.0000000000000000
        ks_111                      6.968701836164900    1.000000000000000   0.0000000000000000
        ks_112                      3.746460892911700    1.000000000000000   0.0000000000000000
        ks_113                      0.03971285004070000    1.000000000000000   0.0000000000000000
        ks_114                      7.936483782656700    1.000000000000000   0.0000000000000000
        ks_115                      7.137528045782600    1.000000000000000   0.0000000000000000
        ks_116                      0.3648982260821000    1.000000000000000   0.0000000000000000
        ks_117                      13.29649465406500    1.000000000000000   0.0000000000000000
        ks_118                      1.902978834007200    1.000000000000000   0.0000000000000000
        ks_119                      10.57997434275100    1.000000000000000   0.0000000000000000
         ks_12                      9.167815577637001    1.000000000000000   0.0000000000000000
        ks_120                      0.08985821721450001    1.000000000000000   0.0000000000000000
        ks_121                      2.199626086570500    1.000000000000000   0.0000000000000000
        ks_122                      73.11974236372600    1.000000000000000   0.0000000000000000
        ks_123                      6.324356877481900    1.000000000000000   0.0000000000000000
        ks_124                      2.133329806435300    1.000000000000000   0.0000000000000000
        ks_125                      80.57851140511301    1.000000000000000   0.0000000000000000
        ks_126                      500.0000000000000    1.000000000000000   0.0000000000000000
        ks_127                      0.8081277997031000    1.000000000000000   0.0000000000000000
        ks_128                      5.806337817549900    1.000000000000000   0.0000000000000000
        ks_129                      4.789664723470700    1.000000000000000   0.0000000000000000
         ks_13                      1.006050732302000    1.000000000000000   0.0000000000000000
        ks_130                      3.693954793069500    1.000000000000000   0.0000000000000000
        ks_131                      0.0002766673996000000    1.000000000000000   0.0000000000000000
        ks_132                      0.0002487343300000000    1.000000000000000   0.0000000000000000
        ks_133                      0.0002210125842000000    1.000000000000000   0.0000000000000000
        ks_134                      0.02682468023030000    1.000000000000000   0.0000000000000000
        ks_135                      0.0001806842745000000    1.000000000000000   0.0000000000000000
        ks_136                      0.0003670011908000000    1.000000000000000   0.0000000000000000
        ks_137                      0.01065118400400000    1.000000000000000   0.0000000000000000
        ks_138                      6.998265065461200    1.000000000000000   0.0000000000000000
        ks_139                      0.0002657749014000000    1.000000000000000   0.0000000000000000
         ks_14                      4.261431591197000    1.000000000000000   0.0000000000000000
        ks_140                      15.88750049458300    1.000000000000000   0.0000000000000000
        ks_141                      0.0003043802271000000    1.000000000000000   0.0000000000000000
        ks_142                      0.0002178034930000000    1.000000000000000   0.0000000000000000
        ks_143                      0.003245787235000000    1.000000000000000   0.0000000000000000
        ks_144                      1.057172698128000    1.000000000000000   0.0000000000000000
        ks_145                      29.62583990367600    1.000000000000000   0.0000000000000000
        ks_146                      5.862407339723300    1.000000000000000   0.0000000000000000
        ks_147                      2.332705605637500    1.000000000000000   0.0000000000000000
        ks_148                      6.098155040974900    1.000000000000000   0.0000000000000000
        ks_149                      0.0003061684950000000    1.000000000000000   0.0000000000000000
         ks_15                      0.6997351806030000    1.000000000000000   0.0000000000000000
        ks_150                      7.143956921213900    1.000000000000000   0.0000000000000000
        ks_151                      6.316435862044600    1.000000000000000   0.0000000000000000
        ks_152                      0.1526438264411000    1.000000000000000   0.0000000000000000
        ks_153                      90.21523353706100    1.000000000000000   0.0000000000000000
        ks_154                      27.97420000000000    1.000000000000000   0.0000000000000000
        ks_155                      0.0002583267926000000    1.000000000000000   0.0000000000000000
        ks_156                      0.1886539627647000    1.000000000000000   0.0000000000000000
        ks_157                      0.1584956043496000    1.000000000000000   0.0000000000000000
        ks_158                      0.6856839837970000    1.000000000000000   0.0000000000000000
        ks_159                      0.02584053080760000    1.000000000000000   0.0000000000000000
         ks_16                      295.0702380000000    1.000000000000000   0.0000000000000000
        ks_160                      1.226105075999000    1.000000000000000   0.0000000000000000
        ks_161                      500.0000000000000    1.000000000000000   0.0000000000000000
        ks_162                      0.2197537378905000    1.000000000000000   0.0000000000000000
        ks_163                      0.06720483205010000    1.000000000000000   0.0000000000000000
        ks_164                      0.05708977972540000    1.000000000000000   0.0000000000000000
        ks_165                      8.854997809641500    1.000000000000000   0.0000000000000000
        ks_166                      0.01541821737540000    1.000000000000000   0.0000000000000000
        ks_167                      0.01863406564230000    1.000000000000000   0.0000000000000000
        ks_168                      0.05208795217620000    1.000000000000000   0.0000000000000000
        ks_169                      0.0003161986531000000    1.000000000000000   0.0000000000000000
         ks_17                      1.778146939777000    1.000000000000000   0.0000000000000000
        ks_170                      0.004323397430000000    1.000000000000000   0.0000000000000000
        ks_171                      0.4218518578846000    1.000000000000000   0.0000000000000000
        ks_172                      0.02084339888790000    1.000000000000000   0.0000000000000000
        ks_173                      0.01195603570780000    1.000000000000000   0.0000000000000000
        ks_174                      5.942706961972000    1.000000000000000   0.0000000000000000
        ks_175                      0.1247375353248000    1.000000000000000   0.0000000000000000
        ks_176                      0.002546976165000000    1.000000000000000   0.0000000000000000
        ks_177                      1.149550049464500    1.000000000000000   0.0000000000000000
        ks_178                      0.0002235676357000000    1.000000000000000   0.0000000000000000
        ks_179                      0.3544268022923000    1.000000000000000   0.0000000000000000
         ks_18                      2.160996244061000    1.000000000000000   0.0000000000000000
        ks_180                      2.225326858000000e-05    1.000000000000000   0.0000000000000000
        ks_181                      0.01535570825870000    1.000000000000000   0.0000000000000000
        ks_182                      5.528982418061800    1.000000000000000   0.0000000000000000
        ks_183                      0.9694736933961000    1.000000000000000   0.0000000000000000
        ks_184                      0.0004953717172000000    1.000000000000000   0.0000000000000000
        ks_185                      0.0001106598676000000    1.000000000000000   0.0000000000000000
        ks_186                      0.0001116252997000000    1.000000000000000   0.0000000000000000
        ks_187                      0.0001252731946000000    1.000000000000000   0.0000000000000000
        ks_188                      0.0004192348924000000    1.000000000000000   0.0000000000000000
        ks_189                      0.0001307991493000000    1.000000000000000   0.0000000000000000
         ks_19                      46.69774124577000    1.000000000000000   0.0000000000000000
        ks_190                      9.478699945000001e-06    1.000000000000000   0.0000000000000000
        ks_191                      0.0001340143058000000    1.000000000000000   0.0000000000000000
        ks_192                      0.0001654270085000000    1.000000000000000   0.0000000000000000
        ks_193                      0.002170655122000000    1.000000000000000   0.0000000000000000
        ks_194                      9.315561903000000e-06    1.000000000000000   0.0000000000000000
        ks_195                      0.0008548106385000000    1.000000000000000   0.0000000000000000
        ks_196                      9.414725846999999e-06    1.000000000000000   0.0000000000000000
        ks_197                      9.126961333000000e-05    1.000000000000000   0.0000000000000000
        ks_198                      0.0003059768977000000    1.000000000000000   0.0000000000000000
        ks_199                      1.171920275000000e-05    1.000000000000000   0.0000000000000000
          ks_2                      0.01450867092000000    1.000000000000000   0.0000000000000000
         ks_20                      0.9348708330930000    1.000000000000000   0.0000000000000000
        ks_200                      1.067748442000000e-05    1.000000000000000   0.0000000000000000
        ks_201                      9.458745104000001e-06    1.000000000000000   0.0000000000000000
        ks_202                      0.0001186360816000000    1.000000000000000   0.0000000000000000
        ks_203                      0.0001264889188000000    1.000000000000000   0.0000000000000000
        ks_204                      0.0001099985437000000    1.000000000000000   0.0000000000000000
        ks_205                      0.0001217566816000000    1.000000000000000   0.0000000000000000
        ks_206                      1.071423375000000e-05    1.000000000000000   0.0000000000000000
        ks_207                      0.0001534302118000000    1.000000000000000   0.0000000000000000
        ks_208                      1.750198476000000e-05    1.000000000000000   0.0000000000000000
        ks_209                      0.0003942325986000000    1.000000000000000   0.0000000000000000
         ks_21                      0.9760617388810000    1.000000000000000   0.0000000000000000
        ks_210                      0.0001092387159000000    1.000000000000000   0.0000000000000000
        ks_211                      0.0001029094880000000    1.000000000000000   0.0000000000000000
        ks_212                      6.783147465999999e-05    1.000000000000000   0.0000000000000000
        ks_213                      0.0001081612733000000    1.000000000000000   0.0000000000000000
        ks_214                      0.0001079647015000000    1.000000000000000   0.0000000000000000
        ks_215                      0.0001065585194000000    1.000000000000000   0.0000000000000000
        ks_216                      0.0001402640697000000    1.000000000000000   0.0000000000000000
        ks_217                      3.164542520000000e-05    1.000000000000000   0.0000000000000000
        ks_218                      5.527715919000000e-05    1.000000000000000   0.0000000000000000
        ks_219                      0.0001123336962000000    1.000000000000000   0.0000000000000000
         ks_22                      0.6920749020160000    1.000000000000000   0.0000000000000000
        ks_220                      0.0001115009113000000    1.000000000000000   0.0000000000000000
        ks_221                      0.0002075147136000000    1.000000000000000   0.0000000000000000
        ks_222                      0.0001196850173000000    1.000000000000000   0.0000000000000000
        ks_223                      0.0001394043525000000    1.000000000000000   0.0000000000000000
        ks_224                      0.0001081153444000000    1.000000000000000   0.0000000000000000
        ks_225                      1.229452438000000e-05    1.000000000000000   0.0000000000000000
        ks_226                      0.0001119013251000000    1.000000000000000   0.0000000000000000
        ks_227                      0.0001018340413000000    1.000000000000000   0.0000000000000000
        ks_228                      4.640533606000000e-05    1.000000000000000   0.0000000000000000
        ks_229                      0.0005678615126000000    1.000000000000000   0.0000000000000000
         ks_23                      490.0275260000000    1.000000000000000   0.0000000000000000
        ks_230                      9.447101262000000e-06    1.000000000000000   0.0000000000000000
        ks_231                      8.022440000000000e-05    1.000000000000000   0.0000000000000000
        ks_232                      0.0004532433645000000    1.000000000000000   0.0000000000000000
        ks_233                      6.593808188000000e-05    1.000000000000000   0.0000000000000000
         ks_24                      0.05109244978400000    1.000000000000000   0.0000000000000000
         ks_25                      0.08923340727500000    1.000000000000000   0.0000000000000000
         ks_26                      5000.000000000000    1.000000000000000   0.0000000000000000
         ks_27                      0.1256343947770000    1.000000000000000   0.0000000000000000
         ks_28                      0.2684593840650000    1.000000000000000   0.0000000000000000
         ks_29                      2.172115025642000    1.000000000000000   0.0000000000000000
          ks_3                      0.7856685148100000    1.000000000000000   0.0000000000000000
         ks_30                      1.059526080000000e-05    1.000000000000000   0.0000000000000000
         ks_31                      2.729885447125000    1.000000000000000   0.0000000000000000
         ks_32                      0.0002254897810000000    1.000000000000000   0.0000000000000000
         ks_33                      0.09789315396800000    1.000000000000000   0.0000000000000000
         ks_34                      48.99398801978000    1.000000000000000   0.0000000000000000
         ks_35                      0.0001952860580000000    1.000000000000000   0.0000000000000000
         ks_36                      0.0007874274550000000    1.000000000000000   0.0000000000000000
         ks_37                      0.0002818762170000000    1.000000000000000   0.0000000000000000
         ks_38                      0.05021603594300000    1.000000000000000   0.0000000000000000
         ks_39                      0.0002263892960000000    1.000000000000000   0.0000000000000000
          ks_4                      66.46135082280000    1.000000000000000   0.0000000000000000
         ks_40                      1.430098489071000    1.000000000000000   0.0000000000000000
         ks_41                      1.340674111698000    1.000000000000000   0.0000000000000000
         ks_42                      2.231238442869000    1.000000000000000   0.0000000000000000
         ks_43                      0.07969650349800000    1.000000000000000   0.0000000000000000
         ks_44                      0.2890024031190000    1.000000000000000   0.0000000000000000
         ks_45                      3.796948281216000    1.000000000000000   0.0000000000000000
         ks_46                      0.04682068099300000    1.000000000000000   0.0000000000000000
         ks_47                      6.648411215476000    1.000000000000000   0.0000000000000000
         ks_48                      9.681285477621000    1.000000000000000   0.0000000000000000
         ks_49                      0.0001970585730000000    1.000000000000000   0.0000000000000000
          ks_5                      198.2882200000000    1.000000000000000   0.0000000000000000
         ks_50                      4.385551109350000    1.000000000000000   0.0000000000000000
         ks_51                      5.335384670000000e-05    1.000000000000000   0.0000000000000000
         ks_52                      0.003669269300000000    1.000000000000000   0.0000000000000000
         ks_53                      4.971998891845000    1.000000000000000   0.0000000000000000
         ks_54                      0.01784603968700000    1.000000000000000   0.0000000000000000
         ks_55                      6.161790647692000    1.000000000000000   0.0000000000000000
         ks_56                      71.40361263785000    1.000000000000000   0.0000000000000000
         ks_57                      5.053284173934000    1.000000000000000   0.0000000000000000
         ks_58                      0.3404238194310000    1.000000000000000   0.0000000000000000
         ks_59                      0.09765323892800000    1.000000000000000   0.0000000000000000
          ks_6                      423.7276600000000    1.000000000000000   0.0000000000000000
         ks_60                      4.736727649100000    1.000000000000000   0.0000000000000000
         ks_61                      0.02899851975800000    1.000000000000000   0.0000000000000000
         ks_62                      0.2743726106910000    1.000000000000000   0.0000000000000000
         ks_63                      12.69910140210000    1.000000000000000   0.0000000000000000
         ks_64                      0.0007722978940000000    1.000000000000000   0.0000000000000000
         ks_65                      0.002684293810000000    1.000000000000000   0.0000000000000000
         ks_66                      5.220519867085000    1.000000000000000   0.0000000000000000
         ks_67                      11.92774708026000    1.000000000000000   0.0000000000000000
         ks_68                      0.01184421789500000    1.000000000000000   0.0000000000000000
         ks_69                      0.7580771050410000    1.000000000000000   0.0000000000000000
          ks_7                      1.032687100000000e-05    1.000000000000000   0.0000000000000000
         ks_70                      3.854362471847000    1.000000000000000   0.0000000000000000
         ks_71                      2.663966100000000e-05    1.000000000000000   0.0000000000000000
         ks_72                      0.0001421353010000000    1.000000000000000   0.0000000000000000
         ks_73                      0.0001439309730000000    1.000000000000000   0.0000000000000000
         ks_74                      0.0001095448030000000    1.000000000000000   0.0000000000000000
         ks_75                      1.278212420000000e-05    1.000000000000000   0.0000000000000000
         ks_76                      0.0002550560890000000    1.000000000000000   0.0000000000000000
         ks_77                      0.0001152397380000000    1.000000000000000   0.0000000000000000
         ks_78                      1.529933740000000e-05    1.000000000000000   0.0000000000000000
         ks_79                      1.283128810000000e-05    1.000000000000000   0.0000000000000000
          ks_8                      1.059765500000000e-05    1.000000000000000   0.0000000000000000
         ks_80                      455.1395810000000    1.000000000000000   0.0000000000000000
         ks_81                      9.901348870000001e-05    1.000000000000000   0.0000000000000000
         ks_82                      500.0000000000000    1.000000000000000   0.0000000000000000
         ks_83                      6.759025918682000    1.000000000000000   0.0000000000000000
         ks_84                      0.0001013870600000000    1.000000000000000   0.0000000000000000
         ks_85                      1.546491990000000e-05    1.000000000000000   0.0000000000000000
         ks_86                      0.0001439033570000000    1.000000000000000   0.0000000000000000
         ks_87                      500.0000000000000    1.000000000000000   0.0000000000000000
         ks_88                      500.0000000000000    1.000000000000000   0.0000000000000000
         ks_89                      9.460089700000000e-05    1.000000000000000   0.0000000000000000
          ks_9                      4.538928186370000    1.000000000000000   0.0000000000000000
         ks_90                      5.326495482221000    1.000000000000000   0.0000000000000000
         ks_91                      15.01689780111000    1.000000000000000   0.0000000000000000
         ks_92                      0.0001320222280000000    1.000000000000000   0.0000000000000000
         ks_93                      54.34830000000000    1.000000000000000   0.0000000000000000
         ks_94                      1.043960140000000e-05    1.000000000000000   0.0000000000000000
         ks_95                      0.0001493760320000000    1.000000000000000   0.0000000000000000
         ks_96                      0.0002055380300000000    1.000000000000000   0.0000000000000000
         ks_97                      2.587359820000000e-05    1.000000000000000   0.0000000000000000
         ks_98                      0.0001463443670000000    1.000000000000000   0.0000000000000000
         ks_99                      0.0001209892130000000    1.000000000000000   0.0000000000000000
    lak_cond_1                      1.000000000000000    1.000000000000000   0.0000000000000000
   lak_cond_12                      1.069486422800532    1.000000000000000   0.0000000000000000
    lak_cond_2                      1.000000000000000    1.000000000000000   0.0000000000000000
         pet_1                      9.500000000000001e-05    1.000000000000000   0.0000000000000000
 pond_recharge                      49516.79978131776    1.000000000000000   0.0000000000000000
       sfr_k_1                      0.03622812745029000    1.000000000000000   0.0000000000000000
      sfr_k_10                      0.1152009765923470    1.000000000000000   0.0000000000000000
      sfr_k_11                      0.2288489368077340    1.000000000000000   0.0000000000000000
      sfr_k_12                      1.346080000000000    1.000000000000000   0.0000000000000000
      sfr_k_13                      0.1023139370464660    1.000000000000000   0.0000000000000000
      sfr_k_14                      0.1525228979232790    1.000000000000000   0.0000000000000000
      sfr_k_15                      0.1147498899260990    1.000000000000000   0.0000000000000000
      sfr_k_16                      0.3783429989870010    1.000000000000000   0.0000000000000000
      sfr_k_17                      0.1221839267721260    1.000000000000000   0.0000000000000000
      sfr_k_18                      0.3375357584894350    1.000000000000000   0.0000000000000000
      sfr_k_19                      0.1063123938937400    1.000000000000000   0.0000000000000000
       sfr_k_2                      0.08887445040524000    1.000000000000000   0.0000000000000000
      sfr_k_20                      0.1015781434041490    1.000000000000000   0.0000000000000000
      sfr_k_21                      0.1334068985520040    1.000000000000000   0.0000000000000000
      sfr_k_22                      0.1191873398102750    1.000000000000000   0.0000000000000000
       sfr_k_3                      0.08912417648481000    1.000000000000000   0.0000000000000000
       sfr_k_4                      0.02755513359897000    1.000000000000000   0.0000000000000000
       sfr_k_5                      0.2366335981293000    1.000000000000000   0.0000000000000000
       sfr_k_6                      0.9270235704126500    1.000000000000000   0.0000000000000000
       sfr_k_7                      0.2508987233621100    1.000000000000000   0.0000000000000000
       sfr_k_8                      0.3144360891084000    1.000000000000000   0.0000000000000000
       sfr_k_9                      0.1691567867499700    1.000000000000000   0.0000000000000000
     spill_447                      185.0000000000000    1.000000000000000   0.0000000000000000
     spill_449                      147.0000000000000    1.000000000000000   0.0000000000000000
     spill_688                      8.230000000000000    1.000000000000000   0.0000000000000000
     surfk_1_1                      0.0003005656979578000    1.000000000000000   0.0000000000000000
    surfk_1_10                      0.0003060054345600500    1.000000000000000   0.0000000000000000
    surfk_1_11                      0.0002911132193256600    1.000000000000000   0.0000000000000000
    surfk_1_12                      0.0002940326216680600    1.000000000000000   0.0000000000000000
    surfk_1_13                      0.0002746883854805100    1.000000000000000   0.0000000000000000
    surfk_1_14                      0.0002874222986488300    1.000000000000000   0.0000000000000000
    surfk_1_15                      0.0002723397321478300    1.000000000000000   0.0000000000000000
    surfk_1_16                      0.0003219196781999700    1.000000000000000   0.0000000000000000
    surfk_1_17                      0.0003036931564722100    1.000000000000000   0.0000000000000000
    surfk_1_18                      0.0007850600049645100    1.000000000000000   0.0000000000000000
    surfk_1_19                      0.0002948015182611100    1.000000000000000   0.0000000000000000
     surfk_1_2                      0.0003170194278754000    1.000000000000000   0.0000000000000000
    surfk_1_21                      0.0003546015777066400    1.000000000000000   0.0000000000000000
     surfk_1_3                      0.0002942619065754000    1.000000000000000   0.0000000000000000
     surfk_1_4                      0.0005562988672202000    1.000000000000000   0.0000000000000000
     surfk_1_5                      0.0005216628267739000    1.000000000000000   0.0000000000000000
     surfk_1_6                      0.0003101385878247000    1.000000000000000   0.0000000000000000
     surfk_1_8                      0.0003225953321794000    1.000000000000000   0.0000000000000000
     surfk_1_9                      0.0002842965228958000    1.000000000000000   0.0000000000000000
     surfk_2_1                      0.0005553080428922000    1.000000000000000   0.0000000000000000
    surfk_2_10                      0.0002920194618790500    1.000000000000000   0.0000000000000000
    surfk_2_11                      0.0002694711647863700    1.000000000000000   0.0000000000000000
    surfk_2_12                      0.0003068708188746000    1.000000000000000   0.0000000000000000
    surfk_2_14                      0.0001566542886021200    1.000000000000000   0.0000000000000000
    surfk_2_15                      0.0001858980119200600    1.000000000000000   0.0000000000000000
    surfk_2_16                      0.0001630574971940600    1.000000000000000   0.0000000000000000
    surfk_2_17                      0.0001779936523420400    1.000000000000000   0.0000000000000000
    surfk_2_18                      0.0002531826060387000    1.000000000000000   0.0000000000000000
    surfk_2_19                      0.0001720222330884200    1.000000000000000   0.0000000000000000
     surfk_2_2                      0.0001269649405469000    1.000000000000000   0.0000000000000000
    surfk_2_20                      0.0008770212721860200    1.000000000000000   0.0000000000000000
    surfk_2_21                      0.0002322307865287400    1.000000000000000   0.0000000000000000
    surfk_2_22                      0.0001770706521189000    1.000000000000000   0.0000000000000000
     surfk_2_3                      0.0001067573535494000    1.000000000000000   0.0000000000000000
     surfk_2_4                      0.0003093581211908000    1.000000000000000   0.0000000000000000
     surfk_2_5                      0.0003589159544628000    1.000000000000000   0.0000000000000000
     surfk_2_6                      0.0001744144281834000    1.000000000000000   0.0000000000000000
     surfk_2_7                      0.0003186748141891000    1.000000000000000   0.0000000000000000
     surfk_2_8                      0.0003386992755252000    1.000000000000000   0.0000000000000000
     surfk_2_9                      0.0003267019766397000    1.000000000000000   0.0000000000000000
     surfk_3_1                      3.041731547693000e-08    1.000000000000000   0.0000000000000000
    surfk_3_10                      3.203121141961500e-08    1.000000000000000   0.0000000000000000
    surfk_3_11                      3.066836459741800e-08    1.000000000000000   0.0000000000000000
    surfk_3_12                      3.312407559077900e-08    1.000000000000000   0.0000000000000000
    surfk_3_13                      3.331820146031000e-08    1.000000000000000   0.0000000000000000
    surfk_3_14                      3.313438710539500e-08    1.000000000000000   0.0000000000000000
    surfk_3_15                      3.199468612594800e-08    1.000000000000000   0.0000000000000000
    surfk_3_16                      1.147810664935800e-07    1.000000000000000   0.0000000000000000
    surfk_3_17                      3.402960320943800e-08    1.000000000000000   0.0000000000000000
    surfk_3_18                      2.930203728993500e-08    1.000000000000000   0.0000000000000000
    surfk_3_19                      3.355091602406900e-08    1.000000000000000   0.0000000000000000
     surfk_3_2                      3.359720624877000e-08    1.000000000000000   0.0000000000000000
    surfk_3_20                      1.154591900759900e-07    1.000000000000000   0.0000000000000000
    surfk_3_21                      3.084196619747100e-08    1.000000000000000   0.0000000000000000
    surfk_3_22                      2.520919071200900e-08    1.000000000000000   0.0000000000000000
     surfk_3_3                      3.310237977206000e-08    1.000000000000000   0.0000000000000000
     surfk_3_4                      3.310237971796000e-08    1.000000000000000   0.0000000000000000
     surfk_3_5                      3.324030000000000e-08    1.000000000000000   0.0000000000000000
     surfk_3_6                      1.089625080252000e-07    1.000000000000000   0.0000000000000000
     surfk_3_7                      3.310237977558000e-08    1.000000000000000   0.0000000000000000
     surfk_3_8                      3.269660517245000e-08    1.000000000000000   0.0000000000000000
     surfk_3_9                      3.152471365553000e-08    1.000000000000000   0.0000000000000000
   vka_ratio_1                      0.06137160859322070    1.000000000000000   0.0000000000000000
   vka_ratio_2                      0.1678967740918848    1.000000000000000   0.0000000000000000
   vka_ratio_3                      0.001027062600608490    1.000000000000000   0.0000000000000000
       vks_1_1                      0.0002510000000000000    1.000000000000000   0.0000000000000000
      vks_1_10                      0.0002510000000000000    1.000000000000000   0.0000000000000000
      vks_1_11                      0.0002510000000000000    1.000000000000000   0.0000000000000000
      vks_1_12                      0.0002510000000000000    1.000000000000000   0.0000000000000000
      vks_1_13                      0.0002510000000000000    1.000000000000000   0.0000000000000000
      vks_1_14                      0.0002510000000000000    1.000000000000000   0.0000000000000000
      vks_1_15                      0.0002510000000000000    1.000000000000000   0.0000000000000000
      vks_1_16                      0.0002510000000000000    1.000000000000000   0.0000000000000000
      vks_1_17                      0.0002510000000000000    1.000000000000000   0.0000000000000000
      vks_1_18                      0.0002510000000000000    1.000000000000000   0.0000000000000000
      vks_1_19                      0.0002510000000000000    1.000000000000000   0.0000000000000000
       vks_1_2                      0.0002510000000000000    1.000000000000000   0.0000000000000000
      vks_1_21                      0.0002510000000000000    1.000000000000000   0.0000000000000000
       vks_1_3                      0.0002510000000000000    1.000000000000000   0.0000000000000000
       vks_1_4                      0.0003980000000000000    1.000000000000000   0.0000000000000000
       vks_1_5                      0.0003980000000000000    1.000000000000000   0.0000000000000000
       vks_1_6                      0.0002510000000000000    1.000000000000000   0.0000000000000000
       vks_1_8                      0.0002510000000000000    1.000000000000000   0.0000000000000000
       vks_1_9                      0.0002510000000000000    1.000000000000000   0.0000000000000000
       vks_2_1                      0.0002510000000000000    1.000000000000000   0.0000000000000000
      vks_2_10                      0.0002510000000000000    1.000000000000000   0.0000000000000000
      vks_2_11                      0.0002510000000000000    1.000000000000000   0.0000000000000000
      vks_2_12                      0.0002510000000000000    1.000000000000000   0.0000000000000000
      vks_2_14                      0.0001580000000000000    1.000000000000000   0.0000000000000000
      vks_2_15                      0.0001580000000000000    1.000000000000000   0.0000000000000000
      vks_2_16                      0.0001580000000000000    1.000000000000000   0.0000000000000000
      vks_2_17                      0.0001580000000000000    1.000000000000000   0.0000000000000000
      vks_2_18                      0.0001580000000000000    1.000000000000000   0.0000000000000000
      vks_2_19                      0.0001580000000000000    1.000000000000000   0.0000000000000000
       vks_2_2                      0.0001000000000000000    1.000000000000000   0.0000000000000000
      vks_2_20                      0.0006310000000000001    1.000000000000000   0.0000000000000000
      vks_2_21                      0.0001580000000000000    1.000000000000000   0.0000000000000000
      vks_2_22                      0.0001580000000000000    1.000000000000000   0.0000000000000000
       vks_2_3                      0.0001000000000000000    1.000000000000000   0.0000000000000000
       vks_2_4                      0.0002510000000000000    1.000000000000000   0.0000000000000000
       vks_2_5                      0.0002510000000000000    1.000000000000000   0.0000000000000000
       vks_2_6                      0.0001580000000000000    1.000000000000000   0.0000000000000000
       vks_2_7                      0.0002510000000000000    1.000000000000000   0.0000000000000000
       vks_2_8                      0.0002510000000000000    1.000000000000000   0.0000000000000000
       vks_2_9                      0.0002510000000000000    1.000000000000000   0.0000000000000000
       vks_3_1                      3.020000000000000e-08    1.000000000000000   0.0000000000000000
      vks_3_10                      3.090000000000000e-08    1.000000000000000   0.0000000000000000
      vks_3_11                      3.090000000000000e-08    1.000000000000000   0.0000000000000000
      vks_3_12                      3.090000000000000e-08    1.000000000000000   0.0000000000000000
      vks_3_13                      3.090000000000000e-08    1.000000000000000   0.0000000000000000
      vks_3_14                      3.090000000000000e-08    1.000000000000000   0.0000000000000000
      vks_3_15                      3.090000000000000e-08    1.000000000000000   0.0000000000000000
      vks_3_16                      1.000000000000000e-07    1.000000000000000   0.0000000000000000
      vks_3_17                      3.090000000000000e-08    1.000000000000000   0.0000000000000000
      vks_3_18                      3.090000000000000e-08    1.000000000000000   0.0000000000000000
      vks_3_19                      3.090000000000000e-08    1.000000000000000   0.0000000000000000
       vks_3_2                      3.090000000000000e-08    1.000000000000000   0.0000000000000000
      vks_3_20                      1.150000000000000e-07    1.000000000000000   0.0000000000000000
      vks_3_21                      3.090000000000000e-08    1.000000000000000   0.0000000000000000
      vks_3_22                      3.090000000000000e-08    1.000000000000000   0.0000000000000000
       vks_3_3                      3.090000000000000e-08    1.000000000000000   0.0000000000000000
       vks_3_4                      3.090000000000000e-08    1.000000000000000   0.0000000000000000
       vks_3_5                      3.090000000000000e-08    1.000000000000000   0.0000000000000000
       vks_3_6                      1.000000000000000e-07    1.000000000000000   0.0000000000000000
       vks_3_7                      3.090000000000000e-08    1.000000000000000   0.0000000000000000
       vks_3_8                      3.090000000000000e-08    1.000000000000000   0.0000000000000000
       vks_3_9                      3.090000000000000e-08    1.000000000000000   0.0000000000000000
