single point
        finf_1                      0.4830353000000000    1.000000000000000   0.0000000000000000
       finf_10                      0.4725046550000000    1.000000000000000   0.0000000000000000
       finf_11                      0.4725046520000000    1.000000000000000   0.0000000000000000
       finf_12                      0.4725046520000000    1.000000000000000   0.0000000000000000
       finf_13                      0.4725046250000000    1.000000000000000   0.0000000000000000
       finf_14                      0.4830353020000000    1.000000000000000   0.0000000000000000
       finf_15                      0.4830353000000000    1.000000000000000   0.0000000000000000
       finf_16                      0.4830353000000000    1.000000000000000   0.0000000000000000
       finf_17                      0.4830352960000000    1.000000000000000   0.0000000000000000
       finf_18                      0.4830353000000000    1.000000000000000   0.0000000000000000
       finf_19                      0.4830353020000000    1.000000000000000   0.0000000000000000
        finf_2                      0.4830352990000000    1.000000000000000   0.0000000000000000
       finf_20                      0.5284619410000000    1.000000000000000   0.0000000000000000
       finf_21                      0.4830353010000000    1.000000000000000   0.0000000000000000
       finf_22                      0.4830353040000000    1.000000000000000   0.0000000000000000
        finf_3                      0.4830353050000000    1.000000000000000   0.0000000000000000
        finf_4                      0.4105800060000000    1.000000000000000   0.0000000000000000
        finf_5                      0.4105800060000000    1.000000000000000   0.0000000000000000
        finf_6                      0.4830352990000000    1.000000000000000   0.0000000000000000
        finf_7                      0.4725046530000000    1.000000000000000   0.0000000000000000
        finf_8                      0.4725046500000000    1.000000000000000   0.0000000000000000
        finf_9                      0.4725046480000000    1.000000000000000   0.0000000000000000
          ks_1                      3.166540695500000    1.000000000000000   0.0000000000000000
         ks_10                      1.841513812668000    1.000000000000000   0.0000000000000000
        ks_100                      7.090314797999999e-05    1.000000000000000   0.0000000000000000
        ks_101                      0.0006917922932999999    1.000000000000000   0.0000000000000000
        ks_102                      7.434028235000000e-05    1.000000000000000   0.0000000000000000
        ks_103                      0.0003453419167000000    1.000000000000000   0.0000000000000000
        ks_104                      9.680000000000000e-06    1.000000000000000   0.0000000000000000
        ks_105                      9.819890635999999e-06    1.000000000000000   0.0000000000000000
        ks_106                      0.0001455911123000000    1.000000000000000   0.0000000000000000
        ks_107                      0.0002522186912000000    1.000000000000000   0.0000000000000000
        ks_108                      4.510995749506100    1.000000000000000   0.0000000000000000
        ks_109                      7.573788502326900    1.000000000000000   0.0000000000000000
         ks_11                      0.3542285375320000    1.000000000000000   0.0000000000000000
        ks_110                      3.823396004292300    1.000000000000000   0.0000000000000000
        ks_111                      8.932165700789399    1.000000000000000   0.0000000000000000
        ks_112                      4.607416150286500    1.000000000000000   0.0000000000000000
        ks_113                      0.07026947361620001    1.000000000000000   0.0000000000000000
        ks_114                      9.834059624365400    1.000000000000000   0.0000000000000000
        ks_115                      6.763440374979400    1.000000000000000   0.0000000000000000
        ks_116                      0.3900655276936000    1.000000000000000   0.0000000000000000
        ks_117                      13.93770614058800    1.000000000000000   0.0000000000000000
        ks_118                      1.993215276013500    1.000000000000000   0.0000000000000000
        ks_119                      10.67792284958700    1.000000000000000   0.0000000000000000
         ks_12                      9.306834092588000    1.000000000000000   0.0000000000000000
        ks_120                      0.1221354887870000    1.000000000000000   0.0000000000000000
        ks_121                      2.311934629383300    1.000000000000000   0.0000000000000000
        ks_122                      42.32509426023700    1.000000000000000   0.0000000000000000
        ks_123                      9.629275031897301    1.000000000000000   0.0000000000000000
        ks_124                      2.123296578552900    1.000000000000000   0.0000000000000000
        ks_125                      30.11318100559600    1.000000000000000   0.0000000000000000
        ks_126                      266.1577624000000    1.000000000000000   0.0000000000000000
        ks_127                      0.9268599203287000    1.000000000000000   0.0000000000000000
        ks_128                      4.678441151631700    1.000000000000000   0.0000000000000000
        ks_129                      6.571674546557600    1.000000000000000   0.0000000000000000
         ks_13                      0.8997093101090000    1.000000000000000   0.0000000000000000
        ks_130                      5.497841805304100    1.000000000000000   0.0000000000000000
        ks_131                      0.0002010000000000000    1.000000000000000   0.0000000000000000
        ks_132                      0.0001989832787000000    1.000000000000000   0.0000000000000000
        ks_133                      0.0002010000008000000    1.000000000000000   0.0000000000000000
        ks_134                      0.02720135106640000    1.000000000000000   0.0000000000000000
        ks_135                      0.0001590000012000000    1.000000000000000   0.0000000000000000
        ks_136                      0.0002434343740000000    1.000000000000000   0.0000000000000000
        ks_137                      0.003849394920000000    1.000000000000000   0.0000000000000000
        ks_138                      6.767911821716300    1.000000000000000   0.0000000000000000
        ks_139                      0.0002290000000000000    1.000000000000000   0.0000000000000000
         ks_14                      4.354756130491000    1.000000000000000   0.0000000000000000
        ks_140                      15.06938918442000    1.000000000000000   0.0000000000000000
        ks_141                      0.0001980000000000000    1.000000000000000   0.0000000000000000
        ks_142                      0.0002000000000000000    1.000000000000000   0.0000000000000000
        ks_143                      0.001390000001000000    1.000000000000000   0.0000000000000000
        ks_144                      1.049421277988700    1.000000000000000   0.0000000000000000
        ks_145                      29.28282749673400    1.000000000000000   0.0000000000000000
        ks_146                      5.899411824432300    1.000000000000000   0.0000000000000000
        ks_147                      2.249035177084200    1.000000000000000   0.0000000000000000
        ks_148                      6.135359101924800    1.000000000000000   0.0000000000000000
        ks_149                      0.0002660000000000000    1.000000000000000   0.0000000000000000
         ks_15                      1.157946911453000    1.000000000000000   0.0000000000000000
        ks_150                      7.630136357570300    1.000000000000000   0.0000000000000000
        ks_151                      6.242377933258400    1.000000000000000   0.0000000000000000
        ks_152                      0.1257274152191000    1.000000000000000   0.0000000000000000
        ks_153                      48.86077970855100    1.000000000000000   0.0000000000000000
        ks_154                      30.91872708434800    1.000000000000000   0.0000000000000000
        ks_155                      0.0001757129413000000    1.000000000000000   0.0000000000000000
        ks_156                      0.1865265169612000    1.000000000000000   0.0000000000000000
        ks_157                      0.1804763985223000    1.000000000000000   0.0000000000000000
        ks_158                      0.6414930162769999    1.000000000000000   0.0000000000000000
        ks_159                      0.02650836708330000    1.000000000000000   0.0000000000000000
         ks_16                      233.7523830000000    1.000000000000000   0.0000000000000000
        ks_160                      1.099304652488200    1.000000000000000   0.0000000000000000
        ks_161                      500.0000000000000    1.000000000000000   0.0000000000000000
        ks_162                      0.1965747111319000    1.000000000000000   0.0000000000000000
        ks_163                      0.06976763052130000    1.000000000000000   0.0000000000000000
        ks_164                      0.05635744950330000    1.000000000000000   0.0000000000000000
        ks_165                      7.146639637047400    1.000000000000000   0.0000000000000000
        ks_166                      0.01561204742410000    1.000000000000000   0.0000000000000000
        ks_167                      0.02452088046160000    1.000000000000000   0.0000000000000000
        ks_168                      0.04356423433240000    1.000000000000000   0.0000000000000000
        ks_169                      0.0002309785117000000    1.000000000000000   0.0000000000000000
         ks_17                      1.727683549441000    1.000000000000000   0.0000000000000000
        ks_170                      0.001510000009000000    1.000000000000000   0.0000000000000000
        ks_171                      0.3478051757626000    1.000000000000000   0.0000000000000000
        ks_172                      0.02033765172590000    1.000000000000000   0.0000000000000000
        ks_173                      0.005847857358000000    1.000000000000000   0.0000000000000000
        ks_174                      6.055532626221500    1.000000000000000   0.0000000000000000
        ks_175                      0.1293499531916000    1.000000000000000   0.0000000000000000
        ks_176                      0.001441573556000000    1.000000000000000   0.0000000000000000
        ks_177                      1.156359674031000    1.000000000000000   0.0000000000000000
        ks_178                      0.0002000000000000000    1.000000000000000   0.0000000000000000
        ks_179                      0.5659642268773000    1.000000000000000   0.0000000000000000
         ks_18                      2.451573515335000    1.000000000000000   0.0000000000000000
        ks_180                      1.860390079000000e-05    1.000000000000000   0.0000000000000000
        ks_181                      0.01257730153990000    1.000000000000000   0.0000000000000000
        ks_182                      5.241527645461000    1.000000000000000   0.0000000000000000
        ks_183                      0.9962278074555000    1.000000000000000   0.0000000000000000
        ks_184                      0.0003340094913000000    1.000000000000000   0.0000000000000000
        ks_185                      9.539999999000000e-05    1.000000000000000   0.0000000000000000
        ks_186                      9.810000000000000e-05    1.000000000000000   0.0000000000000000
        ks_187                      0.0001090000000000000    1.000000000000000   0.0000000000000000
        ks_188                      0.0003569999999000000    1.000000000000000   0.0000000000000000
        ks_189                      0.0001150000044000000    1.000000000000000   0.0000000000000000
         ks_19                      46.13002804519000    1.000000000000000   0.0000000000000000
        ks_190                      9.629999999999999e-06    1.000000000000000   0.0000000000000000
        ks_191                      0.0001010000001000000    1.000000000000000   0.0000000000000000
        ks_192                      0.0001220000001000000    1.000000000000000   0.0000000000000000
        ks_193                      0.001443512599000000    1.000000000000000   0.0000000000000000
        ks_194                      9.560000000000000e-06    1.000000000000000   0.0000000000000000
        ks_195                      0.0006729495489000000    1.000000000000000   0.0000000000000000
        ks_196                      9.590000000000000e-06    1.000000000000000   0.0000000000000000
        ks_197                      8.179551425000000e-05    1.000000000000000   0.0000000000000000
        ks_198                      0.0001703062404000000    1.000000000000000   0.0000000000000000
        ks_199                      1.080000000000000e-05    1.000000000000000   0.0000000000000000
          ks_2                      0.02305631191000000    1.000000000000000   0.0000000000000000
         ks_20                      1.655456642927000    1.000000000000000   0.0000000000000000
        ks_200                      9.650000000000001e-06    1.000000000000000   0.0000000000000000
        ks_201                      9.560000000000000e-06    1.000000000000000   0.0000000000000000
        ks_202                      0.0001009999680000000    1.000000000000000   0.0000000000000000
        ks_203                      0.0001140000000000000    1.000000000000000   0.0000000000000000
        ks_204                      9.949999995000000e-05    1.000000000000000   0.0000000000000000
        ks_205                      0.0001030088414000000    1.000000000000000   0.0000000000000000
        ks_206                      9.619999999999999e-06    1.000000000000000   0.0000000000000000
        ks_207                      0.0001020000003000000    1.000000000000000   0.0000000000000000
        ks_208                      1.299999982000000e-05    1.000000000000000   0.0000000000000000
        ks_209                      0.0002645394274000000    1.000000000000000   0.0000000000000000
         ks_21                      0.9668314572820000    1.000000000000000   0.0000000000000000
        ks_210                      8.669672921000000e-05    1.000000000000000   0.0000000000000000
        ks_211                      8.757109352999999e-05    1.000000000000000   0.0000000000000000
        ks_212                      3.901531288000000e-05    1.000000000000000   0.0000000000000000
        ks_213                      9.547945788000000e-05    1.000000000000000   0.0000000000000000
        ks_214                      9.910000000000000e-05    1.000000000000000   0.0000000000000000
        ks_215                      9.800000000000000e-05    1.000000000000000   0.0000000000000000
        ks_216                      0.0001000101596000000    1.000000000000000   0.0000000000000000
        ks_217                      5.351762095000000e-05    1.000000000000000   0.0000000000000000
        ks_218                      5.160000001000000e-05    1.000000000000000   0.0000000000000000
        ks_219                      0.0001040000000000000    1.000000000000000   0.0000000000000000
         ks_22                      0.4716194384850000    1.000000000000000   0.0000000000000000
        ks_220                      9.208041297000001e-05    1.000000000000000   0.0000000000000000
        ks_221                      0.0001250000002000000    1.000000000000000   0.0000000000000000
        ks_222                      0.0001050000001000000    1.000000000000000   0.0000000000000000
        ks_223                      0.0001009826511000000    1.000000000000000   0.0000000000000000
        ks_224                      9.969999992000000e-05    1.000000000000000   0.0000000000000000
        ks_225                      9.779999998999999e-06    1.000000000000000   0.0000000000000000
        ks_226                      0.0001049999994000000    1.000000000000000   0.0000000000000000
        ks_227                      8.649999955000001e-05    1.000000000000000   0.0000000000000000
        ks_228                      6.216662091000000e-05    1.000000000000000   0.0000000000000000
        ks_229                      0.0003900000093000000    1.000000000000000   0.0000000000000000
         ks_23                      363.1775090000000    1.000000000000000   0.0000000000000000
        ks_230                      1.452493512000000e-05    1.000000000000000   0.0000000000000000
        ks_231                      7.845884497000000e-05    1.000000000000000   0.0000000000000000
        ks_232                      0.0003540000000000000    1.000000000000000   0.0000000000000000
        ks_233                      5.729716041000000e-05    1.000000000000000   0.0000000000000000
         ks_24                      0.04934671343800000    1.000000000000000   0.0000000000000000
         ks_25                      0.08347387619799999    1.000000000000000   0.0000000000000000
         ks_26                      5000.000000000000    1.000000000000000   0.0000000000000000
         ks_27                      0.2057856675650000    1.000000000000000   0.0000000000000000
         ks_28                      0.3483775722890000    1.000000000000000   0.0000000000000000
         ks_29                      3.376001647964000    1.000000000000000   0.0000000000000000
          ks_3                      0.7732036176700000    1.000000000000000   0.0000000000000000
         ks_30                      9.690000000000000e-06    1.000000000000000   0.0000000000000000
         ks_31                      2.734809321205000    1.000000000000000   0.0000000000000000
         ks_32                      0.0001889416090000000    1.000000000000000   0.0000000000000000
         ks_33                      0.1024477220930000    1.000000000000000   0.0000000000000000
         ks_34                      50.95897005023000    1.000000000000000   0.0000000000000000
         ks_35                      0.0001812502030000000    1.000000000000000   0.0000000000000000
         ks_36                      0.0004839904250000000    1.000000000000000   0.0000000000000000
         ks_37                      0.0002078401580000000    1.000000000000000   0.0000000000000000
         ks_38                      0.08007879102700000    1.000000000000000   0.0000000000000000
         ks_39                      0.0001950000000000000    1.000000000000000   0.0000000000000000
          ks_4                      70.46560784899999    1.000000000000000   0.0000000000000000
         ks_40                      1.179170350611000    1.000000000000000   0.0000000000000000
         ks_41                      1.187795517085000    1.000000000000000   0.0000000000000000
         ks_42                      2.400065863328000    1.000000000000000   0.0000000000000000
         ks_43                      0.08713204140300000    1.000000000000000   0.0000000000000000
         ks_44                      0.3031457794920000    1.000000000000000   0.0000000000000000
         ks_45                      0.01252189759000000    1.000000000000000   0.0000000000000000
         ks_46                      0.1924822702580000    1.000000000000000   0.0000000000000000
         ks_47                      5.659495735575000    1.000000000000000   0.0000000000000000
         ks_48                      9.210314284671000    1.000000000000000   0.0000000000000000
         ks_49                      0.0001767194080000000    1.000000000000000   0.0000000000000000
          ks_5                      161.3693300000000    1.000000000000000   0.0000000000000000
         ks_50                      3.934185593021000    1.000000000000000   0.0000000000000000
         ks_51                      4.236638120000000e-05    1.000000000000000   0.0000000000000000
         ks_52                      0.003377484160000000    1.000000000000000   0.0000000000000000
         ks_53                      5.133089910197000    1.000000000000000   0.0000000000000000
         ks_54                      0.01866012766100000    1.000000000000000   0.0000000000000000
         ks_55                      9.133574134760000    1.000000000000000   0.0000000000000000
         ks_56                      73.15306770127999    1.000000000000000   0.0000000000000000
         ks_57                      4.911271165765000    1.000000000000000   0.0000000000000000
         ks_58                      0.3213757320620000    1.000000000000000   0.0000000000000000
         ks_59                      0.06361636634400000    1.000000000000000   0.0000000000000000
          ks_6                      244.6600200000000    1.000000000000000   0.0000000000000000
         ks_60                      4.642872805887000    1.000000000000000   0.0000000000000000
         ks_61                      0.02933845283000000    1.000000000000000   0.0000000000000000
         ks_62                      0.2004255695070000    1.000000000000000   0.0000000000000000
         ks_63                      10.98814643775000    1.000000000000000   0.0000000000000000
         ks_64                      0.0005699996950000000    1.000000000000000   0.0000000000000000
         ks_65                      0.001449999480000000    1.000000000000000   0.0000000000000000
         ks_66                      5.751321670787000    1.000000000000000   0.0000000000000000
         ks_67                      12.01122032264000    1.000000000000000   0.0000000000000000
         ks_68                      0.006652325770000000    1.000000000000000   0.0000000000000000
         ks_69                      0.7631829797640000    1.000000000000000   0.0000000000000000
          ks_7                      9.876947600000000e-06    1.000000000000000   0.0000000000000000
         ks_70                      3.906153948992000    1.000000000000000   0.0000000000000000
         ks_71                      9.670000000000001e-06    1.000000000000000   0.0000000000000000
         ks_72                      8.938736520000000e-05    1.000000000000000   0.0000000000000000
         ks_73                      0.0001010166010000000    1.000000000000000   0.0000000000000000
         ks_74                      9.329875520000000e-05    1.000000000000000   0.0000000000000000
         ks_75                      1.136161370000000e-05    1.000000000000000   0.0000000000000000
         ks_76                      0.0001486067220000000    1.000000000000000   0.0000000000000000
         ks_77                      0.0001020000000000000    1.000000000000000   0.0000000000000000
         ks_78                      1.548907530000000e-05    1.000000000000000   0.0000000000000000
         ks_79                      9.609999999999999e-06    1.000000000000000   0.0000000000000000
          ks_8                      9.690000000000000e-06    1.000000000000000   0.0000000000000000
         ks_80                      189.2449630000000    1.000000000000000   0.0000000000000000
         ks_81                      8.494487680000000e-05    1.000000000000000   0.0000000000000000
         ks_82                      500.0000000000000    1.000000000000000   0.0000000000000000
         ks_83                      6.815370121149000    1.000000000000000   0.0000000000000000
         ks_84                      8.429886310000000e-05    1.000000000000000   0.0000000000000000
         ks_85                      1.250000010000000e-05    1.000000000000000   0.0000000000000000
         ks_86                      0.0001310000000000000    1.000000000000000   0.0000000000000000
         ks_87                      500.0000000000000    1.000000000000000   0.0000000000000000
         ks_88                      26.81600000000000    1.000000000000000   0.0000000000000000
         ks_89                      7.759899990000000e-05    1.000000000000000   0.0000000000000000
          ks_9                      8.136137822229999    1.000000000000000   0.0000000000000000
         ks_90                      4.645155789132000    1.000000000000000   0.0000000000000000
         ks_91                      14.91507666203000    1.000000000000000   0.0000000000000000
         ks_92                      0.0001140000000000000    1.000000000000000   0.0000000000000000
         ks_93                      1.909929263794000    1.000000000000000   0.0000000000000000
         ks_94                      9.590000000000000e-06    1.000000000000000   0.0000000000000000
         ks_95                      0.0001003072480000000    1.000000000000000   0.0000000000000000
         ks_96                      0.0001730000000000000    1.000000000000000   0.0000000000000000
         ks_97                      2.983708880000000e-05    1.000000000000000   0.0000000000000000
         ks_98                      0.0001090000000000000    1.000000000000000   0.0000000000000000
         ks_99                      0.0001064321150000000    1.000000000000000   0.0000000000000000
    lak_cond_1                      1.000000000000000    1.000000000000000   0.0000000000000000
   lak_cond_12                      1.029473147013616    1.000000000000000   0.0000000000000000
    lak_cond_2                      1.000000000000000    1.000000000000000   0.0000000000000000
         pet_1                      9.500000000000001e-05    1.000000000000000   0.0000000000000000
 pond_recharge                      22000.00000000000    1.000000000000000   0.0000000000000000
       sfr_k_1                      0.06091819845698000    1.000000000000000   0.0000000000000000
      sfr_k_10                      0.1134349984052530    1.000000000000000   0.0000000000000000
      sfr_k_11                      0.2178936897208720    1.000000000000000   0.0000000000000000
      sfr_k_12                      0.8889070579269750    1.000000000000000   0.0000000000000000
      sfr_k_13                      0.1000194851635130    1.000000000000000   0.0000000000000000
      sfr_k_14                      0.1958067629468040    1.000000000000000   0.0000000000000000
      sfr_k_15                      0.1295189543037120    1.000000000000000   0.0000000000000000
      sfr_k_16                      0.2698416059173470    1.000000000000000   0.0000000000000000
      sfr_k_17                      0.1093581027096860    1.000000000000000   0.0000000000000000
      sfr_k_18                      0.1409886915821490    1.000000000000000   0.0000000000000000
      sfr_k_19                      0.1035204362939820    1.000000000000000   0.0000000000000000
       sfr_k_2                      0.1816846899623600    1.000000000000000   0.0000000000000000
      sfr_k_20                      0.1039115919255260    1.000000000000000   0.0000000000000000
      sfr_k_21                      0.1761500000000000    1.000000000000000   0.0000000000000000
      sfr_k_22                      0.1249690784024440    1.000000000000000   0.0000000000000000
       sfr_k_3                      0.09381186219128000    1.000000000000000   0.0000000000000000
       sfr_k_4                      0.03049918168061000    1.000000000000000   0.0000000000000000
       sfr_k_5                      0.2059634321990600    1.000000000000000   0.0000000000000000
       sfr_k_6                      0.5902489748723800    1.000000000000000   0.0000000000000000
       sfr_k_7                      0.2553595689488500    1.000000000000000   0.0000000000000000
       sfr_k_8                      0.3034680717165600    1.000000000000000   0.0000000000000000
       sfr_k_9                      0.1775978071027200    1.000000000000000   0.0000000000000000
     spill_447                      185.0000000000000    1.000000000000000   0.0000000000000000
     spill_449                      147.0000000000000    1.000000000000000   0.0000000000000000
     spill_688                      8.230000000000000    1.000000000000000   0.0000000000000000
     surfk_1_1                      0.0002238671437546000    1.000000000000000   0.0000000000000000
    surfk_1_10                      0.0002540326633209400    1.000000000000000   0.0000000000000000
    surfk_1_11                      0.0002510000005453700    1.000000000000000   0.0000000000000000
    surfk_1_12                      0.0002510000000136500    1.000000000000000   0.0000000000000000
    surfk_1_13                      0.0002520232162227100    1.000000000000000   0.0000000000000000
    surfk_1_14                      0.0002510000000317900    1.000000000000000   0.0000000000000000
    surfk_1_15                      0.0002309999995829700    1.000000000000000   0.0000000000000000
    surfk_1_16                      0.0002280025561732600    1.000000000000000   0.0000000000000000
    surfk_1_17                      0.0002510000000130700    1.000000000000000   0.0000000000000000
    surfk_1_18                      0.0002647179310183600    1.000000000000000   0.0000000000000000
    surfk_1_19                      0.0002510026254885200    1.000000000000000   0.0000000000000000
     surfk_1_2                      0.0002259269781451000    1.000000000000000   0.0000000000000000
    surfk_1_21                      0.0002489876489687100    1.000000000000000   0.0000000000000000
     surfk_1_3                      0.0002329457796756000    1.000000000000000   0.0000000000000000
     surfk_1_4                      0.0003460339505776000    1.000000000000000   0.0000000000000000
     surfk_1_5                      0.0003329872355680000    1.000000000000000   0.0000000000000000
     surfk_1_6                      0.0002309999342474000    1.000000000000000   0.0000000000000000
     surfk_1_8                      0.0002490000000040000    1.000000000000000   0.0000000000000000
     surfk_1_9                      0.0002119871608911000    1.000000000000000   0.0000000000000000
     surfk_2_1                      0.0003198775941102000    1.000000000000000   0.0000000000000000
    surfk_2_10                      0.0002469999557441200    1.000000000000000   0.0000000000000000
    surfk_2_11                      0.0002319377395587400    1.000000000000000   0.0000000000000000
    surfk_2_12                      0.0002080000162475200    1.000000000000000   0.0000000000000000
    surfk_2_14                      0.0001450000000051300    1.000000000000000   0.0000000000000000
    surfk_2_15                      0.0001630000000019500    1.000000000000000   0.0000000000000000
    surfk_2_16                      0.0001529999991099000    1.000000000000000   0.0000000000000000
    surfk_2_17                      0.0001580000002275800    1.000000000000000   0.0000000000000000
    surfk_2_18                      0.0001721132255232600    1.000000000000000   0.0000000000000000
    surfk_2_19                      0.0001580000000021600    1.000000000000000   0.0000000000000000
     surfk_2_2                      9.297763410156000e-05    1.000000000000000   0.0000000000000000
    surfk_2_20                      0.0005659999999292800    1.000000000000000   0.0000000000000000
    surfk_2_21                      0.0001579999999919100    1.000000000000000   0.0000000000000000
    surfk_2_22                      0.0001519999997483000    1.000000000000000   0.0000000000000000
     surfk_2_3                      9.980000000462000e-05    1.000000000000000   0.0000000000000000
     surfk_2_4                      0.0002219187238323000    1.000000000000000   0.0000000000000000
     surfk_2_5                      0.0002631635070933000    1.000000000000000   0.0000000000000000
     surfk_2_6                      0.0001295901601656000    1.000000000000000   0.0000000000000000
     surfk_2_7                      0.0002410000000833000    1.000000000000000   0.0000000000000000
     surfk_2_8                      0.0002420000003106000    1.000000000000000   0.0000000000000000
     surfk_2_9                      0.0002159860323239000    1.000000000000000   0.0000000000000000
     surfk_3_1                      3.010000000112000e-08    1.000000000000000   0.0000000000000000
    surfk_3_10                      3.100000000054800e-08    1.000000000000000   0.0000000000000000
    surfk_3_11                      3.112637573239900e-08    1.000000000000000   0.0000000000000000
    surfk_3_12                      3.100000000120400e-08    1.000000000000000   0.0000000000000000
    surfk_3_13                      3.100000000047300e-08    1.000000000000000   0.0000000000000000
    surfk_3_14                      3.150000000110000e-08    1.000000000000000   0.0000000000000000
    surfk_3_15                      3.079999998663600e-08    1.000000000000000   0.0000000000000000
    surfk_3_16                      1.040000007816000e-07    1.000000000000000   0.0000000000000000
    surfk_3_17                      3.180430415863500e-08    1.000000000000000   0.0000000000000000
    surfk_3_18                      2.990000000501500e-08    1.000000000000000   0.0000000000000000
    surfk_3_19                      3.100000000042100e-08    1.000000000000000   0.0000000000000000
     surfk_3_2                      3.080000000046000e-08    1.000000000000000   0.0000000000000000
    surfk_3_20                      1.110000000019400e-07    1.000000000000000   0.0000000000000000
    surfk_3_21                      3.112645378188300e-08    1.000000000000000   0.0000000000000000
    surfk_3_22                      2.479999997868200e-08    1.000000000000000   0.0000000000000000
     surfk_3_3                      3.080000000043000e-08    1.000000000000000   0.0000000000000000
     surfk_3_4                      3.080000000044000e-08    1.000000000000000   0.0000000000000000
     surfk_3_5                      3.112637574559000e-08    1.000000000000000   0.0000000000000000
     surfk_3_6                      9.980000007621000e-08    1.000000000000000   0.0000000000000000
     surfk_3_7                      3.080000000053000e-08    1.000000000000000   0.0000000000000000
     surfk_3_8                      3.099999980545000e-08    1.000000000000000   0.0000000000000000
     surfk_3_9                      3.100000000762000e-08    1.000000000000000   0.0000000000000000
   vka_ratio_1                      0.3428301271225612    1.000000000000000   0.0000000000000000
   vka_ratio_2                      0.1032683462653999    1.000000000000000   0.0000000000000000
   vka_ratio_3                      0.004947867835479120    1.000000000000000   0.0000000000000000
       vks_1_1                      0.0002510000000000000    1.000000000000000   0.0000000000000000
      vks_1_10                      0.0002510000000000000    1.000000000000000   0.0000000000000000
      vks_1_11                      0.0002510000000000000    1.000000000000000   0.0000000000000000
      vks_1_12                      0.0002510000000000000    1.000000000000000   0.0000000000000000
      vks_1_13                      0.0002510000000000000    1.000000000000000   0.0000000000000000
      vks_1_14                      0.0002510000000000000    1.000000000000000   0.0000000000000000
      vks_1_15                      0.0002510000000000000    1.000000000000000   0.0000000000000000
      vks_1_16                      0.0002510000000000000    1.000000000000000   0.0000000000000000
      vks_1_17                      0.0002510000000000000    1.000000000000000   0.0000000000000000
      vks_1_18                      0.0002510000000000000    1.000000000000000   0.0000000000000000
      vks_1_19                      0.0002510000000000000    1.000000000000000   0.0000000000000000
       vks_1_2                      0.0002510000000000000    1.000000000000000   0.0000000000000000
      vks_1_21                      0.0002510000000000000    1.000000000000000   0.0000000000000000
       vks_1_3                      0.0002510000000000000    1.000000000000000   0.0000000000000000
       vks_1_4                      0.0003980000000000000    1.000000000000000   0.0000000000000000
       vks_1_5                      0.0003980000000000000    1.000000000000000   0.0000000000000000
       vks_1_6                      0.0002510000000000000    1.000000000000000   0.0000000000000000
       vks_1_8                      0.0002510000000000000    1.000000000000000   0.0000000000000000
       vks_1_9                      0.0002510000000000000    1.000000000000000   0.0000000000000000
       vks_2_1                      0.0002510000000000000    1.000000000000000   0.0000000000000000
      vks_2_10                      0.0002510000000000000    1.000000000000000   0.0000000000000000
      vks_2_11                      0.0002510000000000000    1.000000000000000   0.0000000000000000
      vks_2_12                      0.0002510000000000000    1.000000000000000   0.0000000000000000
      vks_2_14                      0.0001580000000000000    1.000000000000000   0.0000000000000000
      vks_2_15                      0.0001580000000000000    1.000000000000000   0.0000000000000000
      vks_2_16                      0.0001580000000000000    1.000000000000000   0.0000000000000000
      vks_2_17                      0.0001580000000000000    1.000000000000000   0.0000000000000000
      vks_2_18                      0.0001580000000000000    1.000000000000000   0.0000000000000000
      vks_2_19                      0.0001580000000000000    1.000000000000000   0.0000000000000000
       vks_2_2                      0.0001000000000000000    1.000000000000000   0.0000000000000000
      vks_2_20                      0.0006310000000000001    1.000000000000000   0.0000000000000000
      vks_2_21                      0.0001580000000000000    1.000000000000000   0.0000000000000000
      vks_2_22                      0.0001580000000000000    1.000000000000000   0.0000000000000000
       vks_2_3                      0.0001000000000000000    1.000000000000000   0.0000000000000000
       vks_2_4                      0.0002510000000000000    1.000000000000000   0.0000000000000000
       vks_2_5                      0.0002510000000000000    1.000000000000000   0.0000000000000000
       vks_2_6                      0.0001580000000000000    1.000000000000000   0.0000000000000000
       vks_2_7                      0.0002510000000000000    1.000000000000000   0.0000000000000000
       vks_2_8                      0.0002510000000000000    1.000000000000000   0.0000000000000000
       vks_2_9                      0.0002510000000000000    1.000000000000000   0.0000000000000000
       vks_3_1                      3.020000000000000e-08    1.000000000000000   0.0000000000000000
      vks_3_10                      3.090000000000000e-08    1.000000000000000   0.0000000000000000
      vks_3_11                      3.090000000000000e-08    1.000000000000000   0.0000000000000000
      vks_3_12                      3.090000000000000e-08    1.000000000000000   0.0000000000000000
      vks_3_13                      3.090000000000000e-08    1.000000000000000   0.0000000000000000
      vks_3_14                      3.090000000000000e-08    1.000000000000000   0.0000000000000000
      vks_3_15                      3.090000000000000e-08    1.000000000000000   0.0000000000000000
      vks_3_16                      1.000000000000000e-07    1.000000000000000   0.0000000000000000
      vks_3_17                      3.090000000000000e-08    1.000000000000000   0.0000000000000000
      vks_3_18                      3.090000000000000e-08    1.000000000000000   0.0000000000000000
      vks_3_19                      3.090000000000000e-08    1.000000000000000   0.0000000000000000
       vks_3_2                      3.090000000000000e-08    1.000000000000000   0.0000000000000000
      vks_3_20                      1.150000000000000e-07    1.000000000000000   0.0000000000000000
      vks_3_21                      3.090000000000000e-08    1.000000000000000   0.0000000000000000
      vks_3_22                      3.090000000000000e-08    1.000000000000000   0.0000000000000000
       vks_3_3                      3.090000000000000e-08    1.000000000000000   0.0000000000000000
       vks_3_4                      3.090000000000000e-08    1.000000000000000   0.0000000000000000
       vks_3_5                      3.090000000000000e-08    1.000000000000000   0.0000000000000000
       vks_3_6                      1.000000000000000e-07    1.000000000000000   0.0000000000000000
       vks_3_7                      3.090000000000000e-08    1.000000000000000   0.0000000000000000
       vks_3_8                      3.090000000000000e-08    1.000000000000000   0.0000000000000000
       vks_3_9                      3.090000000000000e-08    1.000000000000000   0.0000000000000000
