single point
        finf_1                      0.4830353000000000    1.000000000000000   0.0000000000000000
       finf_10                      0.4725046550000000    1.000000000000000   0.0000000000000000
       finf_11                      0.4725046520000000    1.000000000000000   0.0000000000000000
       finf_12                      0.4725046520000000    1.000000000000000   0.0000000000000000
       finf_13                      0.4725046250000000    1.000000000000000   0.0000000000000000
       finf_14                      0.4830353020000000    1.000000000000000   0.0000000000000000
       finf_15                      0.4830353000000000    1.000000000000000   0.0000000000000000
       finf_16                      0.4830353000000000    1.000000000000000   0.0000000000000000
       finf_17                      0.4830352960000000    1.000000000000000   0.0000000000000000
       finf_18                      0.4830353000000000    1.000000000000000   0.0000000000000000
       finf_19                      0.4830353020000000    1.000000000000000   0.0000000000000000
        finf_2                      0.4830352990000000    1.000000000000000   0.0000000000000000
       finf_20                      0.5284619410000000    1.000000000000000   0.0000000000000000
       finf_21                      0.4830353010000000    1.000000000000000   0.0000000000000000
       finf_22                      0.4830353040000000    1.000000000000000   0.0000000000000000
        finf_3                      0.4830353050000000    1.000000000000000   0.0000000000000000
        finf_4                      0.4105800060000000    1.000000000000000   0.0000000000000000
        finf_5                      0.4105800060000000    1.000000000000000   0.0000000000000000
        finf_6                      0.4830352990000000    1.000000000000000   0.0000000000000000
        finf_7                      0.4725046530000000    1.000000000000000   0.0000000000000000
        finf_8                      0.4725046500000000    1.000000000000000   0.0000000000000000
        finf_9                      0.4725046480000000    1.000000000000000   0.0000000000000000
          ks_1                      2.004299105710000    1.000000000000000   0.0000000000000000
         ks_10                      1.820979947415000    1.000000000000000   0.0000000000000000
        ks_100                      0.0001403540071000000    1.000000000000000   0.0000000000000000
        ks_101                      0.0006916015246000000    1.000000000000000   0.0000000000000000
        ks_102                      8.501614613000000e-05    1.000000000000000   0.0000000000000000
        ks_103                      0.0004151122442000000    1.000000000000000   0.0000000000000000
        ks_104                      9.680307510000000e-06    1.000000000000000   0.0000000000000000
        ks_105                      9.820206461000000e-06    1.000000000000000   0.0000000000000000
        ks_106                      0.0001456603615000000    1.000000000000000   0.0000000000000000
        ks_107                      0.0002985479890000000    1.000000000000000   0.0000000000000000
        ks_108                      4.485037398740900    1.000000000000000   0.0000000000000000
        ks_109                      7.520811013978400    1.000000000000000   0.0000000000000000
         ks_11                      0.3841472766240000    1.000000000000000   0.0000000000000000
        ks_110                      3.725454369731100    1.000000000000000   0.0000000000000000
        ks_111                      8.352344039343199    1.000000000000000   0.0000000000000000
        ks_112                      4.324052355295700    1.000000000000000   0.0000000000000000
        ks_113                      0.05823027900100000    1.000000000000000   0.0000000000000000
        ks_114                      8.825339351674200    1.000000000000000   0.0000000000000000
        ks_115                      6.781598932925800    1.000000000000000   0.0000000000000000
        ks_116                      0.3831852386398000    1.000000000000000   0.0000000000000000
        ks_117                      13.63798929512200    1.000000000000000   0.0000000000000000
        ks_118                      1.957805927640400    1.000000000000000   0.0000000000000000
        ks_119                      10.67713914458900    1.000000000000000   0.0000000000000000
         ks_12                      9.306834092182999    1.000000000000000   0.0000000000000000
        ks_120                      0.1108448391722000    1.000000000000000   0.0000000000000000
        ks_121                      2.280555438681700    1.000000000000000   0.0000000000000000
        ks_122                      44.03080204235700    1.000000000000000   0.0000000000000000
        ks_123                      8.633785382026799    1.000000000000000   0.0000000000000000
        ks_124                      2.123300190061400    1.000000000000000   0.0000000000000000
        ks_125                      31.84025920114200    1.000000000000000   0.0000000000000000
        ks_126                      500.0000000000000    1.000000000000000   0.0000000000000000
        ks_127                      0.9481146169073000    1.000000000000000   0.0000000000000000
        ks_128                      5.634889754038500    1.000000000000000   0.0000000000000000
        ks_129                      4.705499539308300    1.000000000000000   0.0000000000000000
         ks_13                      1.200879511616000    1.000000000000000   0.0000000000000000
        ks_130                      4.284680658497600    1.000000000000000   0.0000000000000000
        ks_131                      0.0002011203655000000    1.000000000000000   0.0000000000000000
        ks_132                      0.0001991260302000000    1.000000000000000   0.0000000000000000
        ks_133                      0.0002011364722000000    1.000000000000000   0.0000000000000000
        ks_134                      0.02720135106690000    1.000000000000000   0.0000000000000000
        ks_135                      0.0001590853898000000    1.000000000000000   0.0000000000000000
        ks_136                      0.0002910483954000000    1.000000000000000   0.0000000000000000
        ks_137                      0.005900252654000000    1.000000000000000   0.0000000000000000
        ks_138                      6.767952065886800    1.000000000000000   0.0000000000000000
        ks_139                      0.0002291578617000000    1.000000000000000   0.0000000000000000
         ks_14                      4.337260761999000    1.000000000000000   0.0000000000000000
        ks_140                      15.05597646797300    1.000000000000000   0.0000000000000000
        ks_141                      0.0001981172934000000    1.000000000000000   0.0000000000000000
        ks_142                      0.0002001198171000000    1.000000000000000   0.0000000000000000
        ks_143                      0.001985523800000000    1.000000000000000   0.0000000000000000
        ks_144                      1.059959982317900    1.000000000000000   0.0000000000000000
        ks_145                      29.24296565917400    1.000000000000000   0.0000000000000000
        ks_146                      5.896477085023900    1.000000000000000   0.0000000000000000
        ks_147                      2.246371603074600    1.000000000000000   0.0000000000000000
        ks_148                      6.135359091272600    1.000000000000000   0.0000000000000000
        ks_149                      0.0002662130413000000    1.000000000000000   0.0000000000000000
         ks_15                      1.219172905105000    1.000000000000000   0.0000000000000000
        ks_150                      7.630135948733300    1.000000000000000   0.0000000000000000
        ks_151                      6.242377937299600    1.000000000000000   0.0000000000000000
        ks_152                      0.1258634248859000    1.000000000000000   0.0000000000000000
        ks_153                      49.51975606702300    1.000000000000000   0.0000000000000000
        ks_154                      30.78113705324000    1.000000000000000   0.0000000000000000
        ks_155                      0.0002095072369000000    1.000000000000000   0.0000000000000000
        ks_156                      0.1869058051069000    1.000000000000000   0.0000000000000000
        ks_157                      0.1692729519625000    1.000000000000000   0.0000000000000000
        ks_158                      0.6399925919893000    1.000000000000000   0.0000000000000000
        ks_159                      0.02644595413280000    1.000000000000000   0.0000000000000000
         ks_16                      274.7913070000000    1.000000000000000   0.0000000000000000
        ks_160                      1.122010221418800    1.000000000000000   0.0000000000000000
        ks_161                      500.0000000000000    1.000000000000000   0.0000000000000000
        ks_162                      0.1958966702047000    1.000000000000000   0.0000000000000000
        ks_163                      0.06976763263669999    1.000000000000000   0.0000000000000000
        ks_164                      0.05627867746470000    1.000000000000000   0.0000000000000000
        ks_165                      7.409479986242800    1.000000000000000   0.0000000000000000
        ks_166                      0.01561204924340000    1.000000000000000   0.0000000000000000
        ks_167                      0.02338916799390000    1.000000000000000   0.0000000000000000
        ks_168                      0.04520358866210000    1.000000000000000   0.0000000000000000
        ks_169                      0.0002722052388000000    1.000000000000000   0.0000000000000000
         ks_17                      1.718550131721000    1.000000000000000   0.0000000000000000
        ks_170                      0.002151217078000000    1.000000000000000   0.0000000000000000
        ks_171                      0.3498242944033000    1.000000000000000   0.0000000000000000
        ks_172                      0.02033765160010000    1.000000000000000   0.0000000000000000
        ks_173                      0.009513410349999999    1.000000000000000   0.0000000000000000
        ks_174                      6.055532626221500    1.000000000000000   0.0000000000000000
        ks_175                      0.1293499528413000    1.000000000000000   0.0000000000000000
        ks_176                      0.001905067667000000    1.000000000000000   0.0000000000000000
        ks_177                      1.156373407080900    1.000000000000000   0.0000000000000000
        ks_178                      0.0002001146493000000    1.000000000000000   0.0000000000000000
        ks_179                      0.3800136851207000    1.000000000000000   0.0000000000000000
         ks_18                      2.443949656117000    1.000000000000000   0.0000000000000000
        ks_180                      2.042793587000000e-05    1.000000000000000   0.0000000000000000
        ks_181                      0.01254206216570000    1.000000000000000   0.0000000000000000
        ks_182                      5.241527634553400    1.000000000000000   0.0000000000000000
        ks_183                      0.9962278074548000    1.000000000000000   0.0000000000000000
        ks_184                      0.0004021009006000000    1.000000000000000   0.0000000000000000
        ks_185                      9.542638317000001e-05    1.000000000000000   0.0000000000000000
        ks_186                      9.812793349000000e-05    1.000000000000000   0.0000000000000000
        ks_187                      0.0001090343815000000    1.000000000000000   0.0000000000000000
        ks_188                      0.0003573734552000000    1.000000000000000   0.0000000000000000
        ks_189                      0.0001150484631000000    1.000000000000000   0.0000000000000000
         ks_19                      46.11054239692000    1.000000000000000   0.0000000000000000
        ks_190                      9.630304563000001e-06    1.000000000000000   0.0000000000000000
        ks_191                      0.0001010296391000000    1.000000000000000   0.0000000000000000
        ks_192                      0.0001429100222000000    1.000000000000000   0.0000000000000000
        ks_193                      0.001443510000000000    1.000000000000000   0.0000000000000000
        ks_194                      9.560300462000000e-06    1.000000000000000   0.0000000000000000
        ks_195                      0.0006733670580000000    1.000000000000000   0.0000000000000000
        ks_196                      9.590302216000001e-06    1.000000000000000   0.0000000000000000
        ks_197                      8.181313352000000e-05    1.000000000000000   0.0000000000000000
        ks_198                      0.0002080713395000000    1.000000000000000   0.0000000000000000
        ks_199                      1.080000000000000e-05    1.000000000000000   0.0000000000000000
          ks_2                      0.01697587428000000    1.000000000000000   0.0000000000000000
         ks_20                      1.380246885959000    1.000000000000000   0.0000000000000000
        ks_200                      9.650305740000001e-06    1.000000000000000   0.0000000000000000
        ks_201                      9.560300461000000e-06    1.000000000000000   0.0000000000000000
        ks_202                      0.0001010363556000000    1.000000000000000   0.0000000000000000
        ks_203                      0.0001140379656000000    1.000000000000000   0.0000000000000000
        ks_204                      9.952697867000000e-05    1.000000000000000   0.0000000000000000
        ks_205                      0.0001030593860000000    1.000000000000000   0.0000000000000000
        ks_206                      9.620303975000000e-06    1.000000000000000   0.0000000000000000
        ks_207                      0.0001167865687000000    1.000000000000000   0.0000000000000000
        ks_208                      1.299978645000000e-05    1.000000000000000   0.0000000000000000
        ks_209                      0.0003154680606000000    1.000000000000000   0.0000000000000000
         ks_21                      0.9640632747870000    1.000000000000000   0.0000000000000000
        ks_210                      9.888626175000000e-05    1.000000000000000   0.0000000000000000
        ks_211                      8.759329331000000e-05    1.000000000000000   0.0000000000000000
        ks_212                      5.906344673000000e-05    1.000000000000000   0.0000000000000000
        ks_213                      9.550589550000000e-05    1.000000000000000   0.0000000000000000
        ks_214                      9.912851562000000e-05    1.000000000000000   0.0000000000000000
        ks_215                      9.802789546000000e-05    1.000000000000000   0.0000000000000000
        ks_216                      0.0001000382195000000    1.000000000000000   0.0000000000000000
        ks_217                      4.531817802000000e-05    1.000000000000000   0.0000000000000000
        ks_218                      5.160766642000000e-05    1.000000000000000   0.0000000000000000
        ks_219                      0.0001040314590000000    1.000000000000000   0.0000000000000000
         ks_22                      0.6077830091270000    1.000000000000000   0.0000000000000000
        ks_220                      9.210497427000000e-05    1.000000000000000   0.0000000000000000
        ks_221                      0.0001441494741000000    1.000000000000000   0.0000000000000000
        ks_222                      0.0001050318733000000    1.000000000000000   0.0000000000000000
        ks_223                      0.0001163597396000000    1.000000000000000   0.0000000000000000
        ks_224                      9.972825486000000e-05    1.000000000000000   0.0000000000000000
        ks_225                      9.780313441000000e-06    1.000000000000000   0.0000000000000000
        ks_226                      0.0001050202464000000    1.000000000000000   0.0000000000000000
        ks_227                      8.652306389999999e-05    1.000000000000000   0.0000000000000000
        ks_228                      5.985236020000000e-05    1.000000000000000   0.0000000000000000
        ks_229                      0.0004735234287000000    1.000000000000000   0.0000000000000000
         ks_23                      453.8220150000000    1.000000000000000   0.0000000000000000
        ks_230                      1.056309040000000e-05    1.000000000000000   0.0000000000000000
        ks_231                      8.830009935000001e-05    1.000000000000000   0.0000000000000000
        ks_232                      0.0003543745345000000    1.000000000000000   0.0000000000000000
        ks_233                      5.729720000000000e-05    1.000000000000000   0.0000000000000000
         ks_24                      0.04913455394200000    1.000000000000000   0.0000000000000000
         ks_25                      0.07990810144100000    1.000000000000000   0.0000000000000000
         ks_26                      5000.000000000000    1.000000000000000   0.0000000000000000
         ks_27                      0.1573459589140000    1.000000000000000   0.0000000000000000
         ks_28                      0.3164299099140000    1.000000000000000   0.0000000000000000
         ks_29                      2.925455885632000    1.000000000000000   0.0000000000000000
          ks_3                      0.7661876742200000    1.000000000000000   0.0000000000000000
         ks_30                      9.690308100000000e-06    1.000000000000000   0.0000000000000000
         ks_31                      2.704528229041000    1.000000000000000   0.0000000000000000
         ks_32                      0.0001890397500000000    1.000000000000000   0.0000000000000000
         ks_33                      0.1015400446160000    1.000000000000000   0.0000000000000000
         ks_34                      50.86507740471000    1.000000000000000   0.0000000000000000
         ks_35                      0.0001813481980000000    1.000000000000000   0.0000000000000000
         ks_36                      0.0005944352950000001    1.000000000000000   0.0000000000000000
         ks_37                      0.0002440990830000000    1.000000000000000   0.0000000000000000
         ks_38                      0.04905446724800000    1.000000000000000   0.0000000000000000
         ks_39                      0.0001951149920000000    1.000000000000000   0.0000000000000000
          ks_4                      65.52855482299999    1.000000000000000   0.0000000000000000
         ks_40                      1.195621751576000    1.000000000000000   0.0000000000000000
         ks_41                      1.175334548573000    1.000000000000000   0.0000000000000000
         ks_42                      2.362178886692000    1.000000000000000   0.0000000000000000
         ks_43                      0.08516663981300000    1.000000000000000   0.0000000000000000
         ks_44                      0.2882577656630000    1.000000000000000   0.0000000000000000
         ks_45                      0.08969685976300000    1.000000000000000   0.0000000000000000
         ks_46                      0.1187878571790000    1.000000000000000   0.0000000000000000
         ks_47                      5.659519314766000    1.000000000000000   0.0000000000000000
         ks_48                      9.175531254954000    1.000000000000000   0.0000000000000000
         ks_49                      0.0001768839400000000    1.000000000000000   0.0000000000000000
          ks_5                      198.7361400000000    1.000000000000000   0.0000000000000000
         ks_50                      3.937442781633000    1.000000000000000   0.0000000000000000
         ks_51                      4.653074160000000e-05    1.000000000000000   0.0000000000000000
         ks_52                      0.003381550540000000    1.000000000000000   0.0000000000000000
         ks_53                      5.133175626584000    1.000000000000000   0.0000000000000000
         ks_54                      0.01833337157700000    1.000000000000000   0.0000000000000000
         ks_55                      7.779602346943000    1.000000000000000   0.0000000000000000
         ks_56                      73.31717702215001    1.000000000000000   0.0000000000000000
         ks_57                      4.816586880418000    1.000000000000000   0.0000000000000000
         ks_58                      0.3190650827980000    1.000000000000000   0.0000000000000000
         ks_59                      0.07271147892200000    1.000000000000000   0.0000000000000000
          ks_6                      379.5229500000000    1.000000000000000   0.0000000000000000
         ks_60                      4.564186862137000    1.000000000000000   0.0000000000000000
         ks_61                      0.02924993743900000    1.000000000000000   0.0000000000000000
         ks_62                      0.2026368885210000    1.000000000000000   0.0000000000000000
         ks_63                      10.98814852248000    1.000000000000000   0.0000000000000000
         ks_64                      0.0005706681270000000    1.000000000000000   0.0000000000000000
         ks_65                      0.001450376380000000    1.000000000000000   0.0000000000000000
         ks_66                      5.751321657284000    1.000000000000000   0.0000000000000000
         ks_67                      11.92234339755000    1.000000000000000   0.0000000000000000
         ks_68                      0.01161205015200000    1.000000000000000   0.0000000000000000
         ks_69                      0.7611372754470001    1.000000000000000   0.0000000000000000
          ks_7                      9.877266799999999e-06    1.000000000000000   0.0000000000000000
         ks_70                      3.908550105941000    1.000000000000000   0.0000000000000000
         ks_71                      9.670306920000000e-06    1.000000000000000   0.0000000000000000
         ks_72                      0.0001077030980000000    1.000000000000000   0.0000000000000000
         ks_73                      0.0001165150170000000    1.000000000000000   0.0000000000000000
         ks_74                      9.332682049999999e-05    1.000000000000000   0.0000000000000000
         ks_75                      1.220436560000000e-05    1.000000000000000   0.0000000000000000
         ks_76                      0.0001341540360000000    1.000000000000000   0.0000000000000000
         ks_77                      0.0001020302230000000    1.000000000000000   0.0000000000000000
         ks_78                      1.764090640000000e-05    1.000000000000000   0.0000000000000000
         ks_79                      9.610303390000000e-06    1.000000000000000   0.0000000000000000
          ks_8                      9.690308100000000e-06    1.000000000000000   0.0000000000000000
         ks_80                      306.9701750000000    1.000000000000000   0.0000000000000000
         ks_81                      8.496573320000001e-05    1.000000000000000   0.0000000000000000
         ks_82                      500.0000000000000    1.000000000000000   0.0000000000000000
         ks_83                      6.802759589533000    1.000000000000000   0.0000000000000000
         ks_84                      8.416920700000000e-05    1.000000000000000   0.0000000000000000
         ks_85                      1.375080260000000e-05    1.000000000000000   0.0000000000000000
         ks_86                      0.0001310504330000000    1.000000000000000   0.0000000000000000
         ks_87                      500.0000000000000    1.000000000000000   0.0000000000000000
         ks_88                      31.43040052650000    1.000000000000000   0.0000000000000000
         ks_89                      8.824362489999999e-05    1.000000000000000   0.0000000000000000
          ks_9                      6.712153697120000    1.000000000000000   0.0000000000000000
         ks_90                      4.645155789132000    1.000000000000000   0.0000000000000000
         ks_91                      14.91510000000000    1.000000000000000   0.0000000000000000
         ks_92                      0.0001140376790000000    1.000000000000000   0.0000000000000000
         ks_93                      3.265834907379000    1.000000000000000   0.0000000000000000
         ks_94                      9.590302220000000e-06    1.000000000000000   0.0000000000000000
         ks_95                      0.0001163579060000000    1.000000000000000   0.0000000000000000
         ks_96                      0.0001730890340000000    1.000000000000000   0.0000000000000000
         ks_97                      2.991229160000000e-05    1.000000000000000   0.0000000000000000
         ks_98                      0.0001263590190000000    1.000000000000000   0.0000000000000000
         ks_99                      0.0001064650910000000    1.000000000000000   0.0000000000000000
    lak_cond_1                      1.000000000000000    1.000000000000000   0.0000000000000000
   lak_cond_12                      1.029473147013616    1.000000000000000   0.0000000000000000
    lak_cond_2                      1.000000000000000    1.000000000000000   0.0000000000000000
         pet_1                      9.500000000000001e-05    1.000000000000000   0.0000000000000000
 pond_recharge                      22805.65685442777    1.000000000000000   0.0000000000000000
       sfr_k_1                      0.05032470701625000    1.000000000000000   0.0000000000000000
      sfr_k_10                      0.1063043815482320    1.000000000000000   0.0000000000000000
      sfr_k_11                      0.2181586322214910    1.000000000000000   0.0000000000000000
      sfr_k_12                      1.329432496647981    1.000000000000000   0.0000000000000000
      sfr_k_13                      0.1000194700177170    1.000000000000000   0.0000000000000000
      sfr_k_14                      0.1815582538844360    1.000000000000000   0.0000000000000000
      sfr_k_15                      0.1257898957161900    1.000000000000000   0.0000000000000000
      sfr_k_16                      0.2819451882290530    1.000000000000000   0.0000000000000000
      sfr_k_17                      0.1186795051591680    1.000000000000000   0.0000000000000000
      sfr_k_18                      0.1538474945268920    1.000000000000000   0.0000000000000000
      sfr_k_19                      0.1035426614868670    1.000000000000000   0.0000000000000000
       sfr_k_2                      0.1406891816747000    1.000000000000000   0.0000000000000000
      sfr_k_20                      0.1039115939431590    1.000000000000000   0.0000000000000000
      sfr_k_21                      0.1321460838058000    1.000000000000000   0.0000000000000000
      sfr_k_22                      0.1248710348494870    1.000000000000000   0.0000000000000000
       sfr_k_3                      0.09333571348941000    1.000000000000000   0.0000000000000000
       sfr_k_4                      0.02931006324145000    1.000000000000000   0.0000000000000000
       sfr_k_5                      0.1980719182912300    1.000000000000000   0.0000000000000000
       sfr_k_6                      0.6182146417118900    1.000000000000000   0.0000000000000000
       sfr_k_7                      0.2553600858368700    1.000000000000000   0.0000000000000000
       sfr_k_8                      0.3034728285702300    1.000000000000000   0.0000000000000000
       sfr_k_9                      0.1775377754727700    1.000000000000000   0.0000000000000000
     spill_447                      185.0000000000000    1.000000000000000   0.0000000000000000
     spill_449                      147.0000000000000    1.000000000000000   0.0000000000000000
     spill_688                      8.230000000000000    1.000000000000000   0.0000000000000000
     surfk_1_1                      0.0002580023953359000    1.000000000000000   0.0000000000000000
    surfk_1_10                      0.0002542384087914000    1.000000000000000   0.0000000000000000
    surfk_1_11                      0.0002512228970084300    1.000000000000000   0.0000000000000000
    surfk_1_12                      0.0002511839765308100    1.000000000000000   0.0000000000000000
    surfk_1_13                      0.0002522145105176300    1.000000000000000   0.0000000000000000
    surfk_1_14                      0.0002511889038374400    1.000000000000000   0.0000000000000000
    surfk_1_15                      0.0002312301017151000    1.000000000000000   0.0000000000000000
    surfk_1_16                      0.0002693883565139700    1.000000000000000   0.0000000000000000
    surfk_1_17                      0.0002511897422824000    1.000000000000000   0.0000000000000000
    surfk_1_18                      0.0003320126724273800    1.000000000000000   0.0000000000000000
    surfk_1_19                      0.0002511914095716500    1.000000000000000   0.0000000000000000
     surfk_1_2                      0.0002646674516179000    1.000000000000000   0.0000000000000000
    surfk_1_21                      0.0002994431702025200    1.000000000000000   0.0000000000000000
     surfk_1_3                      0.0002331120307155000    1.000000000000000   0.0000000000000000
     surfk_1_4                      0.0004145583508540000    1.000000000000000   0.0000000000000000
     surfk_1_5                      0.0003897699673499000    1.000000000000000   0.0000000000000000
     surfk_1_6                      0.0002310307516151000    1.000000000000000   0.0000000000000000
     surfk_1_8                      0.0002491867238482000    1.000000000000000   0.0000000000000000
     surfk_1_9                      0.0002456698449837000    1.000000000000000   0.0000000000000000
     surfk_2_1                      0.0004058345919352000    1.000000000000000   0.0000000000000000
    surfk_2_10                      0.0002471928021822200    1.000000000000000   0.0000000000000000
    surfk_2_11                      0.0002321583722977900    1.000000000000000   0.0000000000000000
    surfk_2_12                      0.0002078885394468400    1.000000000000000   0.0000000000000000
    surfk_2_14                      0.0001450589336856600    1.000000000000000   0.0000000000000000
    surfk_2_15                      0.0001630787170022500    1.000000000000000   0.0000000000000000
    surfk_2_16                      0.0001530650325860700    1.000000000000000   0.0000000000000000
    surfk_2_17                      0.0001580890629763400    1.000000000000000   0.0000000000000000
    surfk_2_18                      0.0002018453133388700    1.000000000000000   0.0000000000000000
    surfk_2_19                      0.0001580688759304000    1.000000000000000   0.0000000000000000
     surfk_2_2                      0.0001060208039030000    1.000000000000000   0.0000000000000000
    surfk_2_20                      0.0007148439895375800    1.000000000000000   0.0000000000000000
    surfk_2_21                      0.0001855766244809100    1.000000000000000   0.0000000000000000
    surfk_2_22                      0.0001520683411925300    1.000000000000000   0.0000000000000000
     surfk_2_3                      9.982873925839000e-05    1.000000000000000   0.0000000000000000
     surfk_2_4                      0.0002588157861390000    1.000000000000000   0.0000000000000000
     surfk_2_5                      0.0003037119662989000    1.000000000000000   0.0000000000000000
     surfk_2_6                      0.0001508543896383000    1.000000000000000   0.0000000000000000
     surfk_2_7                      0.0002878980020468000    1.000000000000000   0.0000000000000000
     surfk_2_8                      0.0002948502988397000    1.000000000000000   0.0000000000000000
     surfk_2_9                      0.0002552570954334000    1.000000000000000   0.0000000000000000
     surfk_3_1                      3.010001683248000e-08    1.000000000000000   0.0000000000000000
    surfk_3_10                      3.100001763276300e-08    1.000000000000000   0.0000000000000000
    surfk_3_11                      3.112639353117800e-08    1.000000000000000   0.0000000000000000
    surfk_3_12                      3.243008099436000e-08    1.000000000000000   0.0000000000000000
    surfk_3_13                      3.100001763739300e-08    1.000000000000000   0.0000000000000000
    surfk_3_14                      3.150001808193400e-08    1.000000000000000   0.0000000000000000
    surfk_3_15                      3.080001744166100e-08    1.000000000000000   0.0000000000000000
    surfk_3_16                      1.040001225384000e-07    1.000000000000000   0.0000000000000000
    surfk_3_17                      3.180432208615500e-08    1.000000000000000   0.0000000000000000
    surfk_3_18                      2.990001663674700e-08    1.000000000000000   0.0000000000000000
    surfk_3_19                      3.100001762878200e-08    1.000000000000000   0.0000000000000000
     surfk_3_2                      3.080001745132000e-08    1.000000000000000   0.0000000000000000
    surfk_3_20                      1.110001354749800e-07    1.000000000000000   0.0000000000000000
    surfk_3_21                      3.112647152336100e-08    1.000000000000000   0.0000000000000000
    surfk_3_22                      2.480001238949700e-08    1.000000000000000   0.0000000000000000
     surfk_3_3                      3.080001745556000e-08    1.000000000000000   0.0000000000000000
     surfk_3_4                      3.080001738389000e-08    1.000000000000000   0.0000000000000000
     surfk_3_5                      3.112639349415000e-08    1.000000000000000   0.0000000000000000
     surfk_3_6                      9.980011411172000e-08    1.000000000000000   0.0000000000000000
     surfk_3_7                      3.080001745562000e-08    1.000000000000000   0.0000000000000000
     surfk_3_8                      3.100001743938000e-08    1.000000000000000   0.0000000000000000
     surfk_3_9                      3.100001764245000e-08    1.000000000000000   0.0000000000000000
   vka_ratio_1                      0.1501918528376377    1.000000000000000   0.0000000000000000
   vka_ratio_2                      0.1058172106179715    1.000000000000000   0.0000000000000000
   vka_ratio_3                      0.005471905679702150    1.000000000000000   0.0000000000000000
       vks_1_1                      0.0002510000000000000    1.000000000000000   0.0000000000000000
      vks_1_10                      0.0002510000000000000    1.000000000000000   0.0000000000000000
      vks_1_11                      0.0002510000000000000    1.000000000000000   0.0000000000000000
      vks_1_12                      0.0002510000000000000    1.000000000000000   0.0000000000000000
      vks_1_13                      0.0002510000000000000    1.000000000000000   0.0000000000000000
      vks_1_14                      0.0002510000000000000    1.000000000000000   0.0000000000000000
      vks_1_15                      0.0002510000000000000    1.000000000000000   0.0000000000000000
      vks_1_16                      0.0002510000000000000    1.000000000000000   0.0000000000000000
      vks_1_17                      0.0002510000000000000    1.000000000000000   0.0000000000000000
      vks_1_18                      0.0002510000000000000    1.000000000000000   0.0000000000000000
      vks_1_19                      0.0002510000000000000    1.000000000000000   0.0000000000000000
       vks_1_2                      0.0002510000000000000    1.000000000000000   0.0000000000000000
      vks_1_21                      0.0002510000000000000    1.000000000000000   0.0000000000000000
       vks_1_3                      0.0002510000000000000    1.000000000000000   0.0000000000000000
       vks_1_4                      0.0003980000000000000    1.000000000000000   0.0000000000000000
       vks_1_5                      0.0003980000000000000    1.000000000000000   0.0000000000000000
       vks_1_6                      0.0002510000000000000    1.000000000000000   0.0000000000000000
       vks_1_8                      0.0002510000000000000    1.000000000000000   0.0000000000000000
       vks_1_9                      0.0002510000000000000    1.000000000000000   0.0000000000000000
       vks_2_1                      0.0002510000000000000    1.000000000000000   0.0000000000000000
      vks_2_10                      0.0002510000000000000    1.000000000000000   0.0000000000000000
      vks_2_11                      0.0002510000000000000    1.000000000000000   0.0000000000000000
      vks_2_12                      0.0002510000000000000    1.000000000000000   0.0000000000000000
      vks_2_14                      0.0001580000000000000    1.000000000000000   0.0000000000000000
      vks_2_15                      0.0001580000000000000    1.000000000000000   0.0000000000000000
      vks_2_16                      0.0001580000000000000    1.000000000000000   0.0000000000000000
      vks_2_17                      0.0001580000000000000    1.000000000000000   0.0000000000000000
      vks_2_18                      0.0001580000000000000    1.000000000000000   0.0000000000000000
      vks_2_19                      0.0001580000000000000    1.000000000000000   0.0000000000000000
       vks_2_2                      0.0001000000000000000    1.000000000000000   0.0000000000000000
      vks_2_20                      0.0006310000000000001    1.000000000000000   0.0000000000000000
      vks_2_21                      0.0001580000000000000    1.000000000000000   0.0000000000000000
      vks_2_22                      0.0001580000000000000    1.000000000000000   0.0000000000000000
       vks_2_3                      0.0001000000000000000    1.000000000000000   0.0000000000000000
       vks_2_4                      0.0002510000000000000    1.000000000000000   0.0000000000000000
       vks_2_5                      0.0002510000000000000    1.000000000000000   0.0000000000000000
       vks_2_6                      0.0001580000000000000    1.000000000000000   0.0000000000000000
       vks_2_7                      0.0002510000000000000    1.000000000000000   0.0000000000000000
       vks_2_8                      0.0002510000000000000    1.000000000000000   0.0000000000000000
       vks_2_9                      0.0002510000000000000    1.000000000000000   0.0000000000000000
       vks_3_1                      3.020000000000000e-08    1.000000000000000   0.0000000000000000
      vks_3_10                      3.090000000000000e-08    1.000000000000000   0.0000000000000000
      vks_3_11                      3.090000000000000e-08    1.000000000000000   0.0000000000000000
      vks_3_12                      3.090000000000000e-08    1.000000000000000   0.0000000000000000
      vks_3_13                      3.090000000000000e-08    1.000000000000000   0.0000000000000000
      vks_3_14                      3.090000000000000e-08    1.000000000000000   0.0000000000000000
      vks_3_15                      3.090000000000000e-08    1.000000000000000   0.0000000000000000
      vks_3_16                      1.000000000000000e-07    1.000000000000000   0.0000000000000000
      vks_3_17                      3.090000000000000e-08    1.000000000000000   0.0000000000000000
      vks_3_18                      3.090000000000000e-08    1.000000000000000   0.0000000000000000
      vks_3_19                      3.090000000000000e-08    1.000000000000000   0.0000000000000000
       vks_3_2                      3.090000000000000e-08    1.000000000000000   0.0000000000000000
      vks_3_20                      1.150000000000000e-07    1.000000000000000   0.0000000000000000
      vks_3_21                      3.090000000000000e-08    1.000000000000000   0.0000000000000000
      vks_3_22                      3.090000000000000e-08    1.000000000000000   0.0000000000000000
       vks_3_3                      3.090000000000000e-08    1.000000000000000   0.0000000000000000
       vks_3_4                      3.090000000000000e-08    1.000000000000000   0.0000000000000000
       vks_3_5                      3.090000000000000e-08    1.000000000000000   0.0000000000000000
       vks_3_6                      1.000000000000000e-07    1.000000000000000   0.0000000000000000
       vks_3_7                      3.090000000000000e-08    1.000000000000000   0.0000000000000000
       vks_3_8                      3.090000000000000e-08    1.000000000000000   0.0000000000000000
       vks_3_9                      3.090000000000000e-08    1.000000000000000   0.0000000000000000
