single point
        finf_1                      0.4830353000000000    1.000000000000000   0.0000000000000000
       finf_10                      0.4725046550000000    1.000000000000000   0.0000000000000000
       finf_11                      0.4725046520000000    1.000000000000000   0.0000000000000000
       finf_12                      0.4725046520000000    1.000000000000000   0.0000000000000000
       finf_13                      0.4725046250000000    1.000000000000000   0.0000000000000000
       finf_14                      0.4830353020000000    1.000000000000000   0.0000000000000000
       finf_15                      0.4830353000000000    1.000000000000000   0.0000000000000000
       finf_16                      0.4830353000000000    1.000000000000000   0.0000000000000000
       finf_17                      0.4830352960000000    1.000000000000000   0.0000000000000000
       finf_18                      0.4830353000000000    1.000000000000000   0.0000000000000000
       finf_19                      0.4830353020000000    1.000000000000000   0.0000000000000000
        finf_2                      0.4830352990000000    1.000000000000000   0.0000000000000000
       finf_20                      0.5284619410000000    1.000000000000000   0.0000000000000000
       finf_21                      0.4830353010000000    1.000000000000000   0.0000000000000000
       finf_22                      0.4830353040000000    1.000000000000000   0.0000000000000000
        finf_3                      0.4830353050000000    1.000000000000000   0.0000000000000000
        finf_4                      0.4105800060000000    1.000000000000000   0.0000000000000000
        finf_5                      0.4105800060000000    1.000000000000000   0.0000000000000000
        finf_6                      0.4830352990000000    1.000000000000000   0.0000000000000000
        finf_7                      0.4725046530000000    1.000000000000000   0.0000000000000000
        finf_8                      0.4725046500000000    1.000000000000000   0.0000000000000000
        finf_9                      0.4725046480000000    1.000000000000000   0.0000000000000000
          ks_1                      2.482782611670000    1.000000000000000   0.0000000000000000
         ks_10                      1.883556423461000    1.000000000000000   0.0000000000000000
        ks_100                      0.0002961541343000000    1.000000000000000   0.0000000000000000
        ks_101                      0.0009122753405000000    1.000000000000000   0.0000000000000000
        ks_102                      0.0001040546962000000    1.000000000000000   0.0000000000000000
        ks_103                      0.0004881007132000000    1.000000000000000   0.0000000000000000
        ks_104                      1.018841418000000e-05    1.000000000000000   0.0000000000000000
        ks_105                      1.067615382000000e-05    1.000000000000000   0.0000000000000000
        ks_106                      0.0001680953481000000    1.000000000000000   0.0000000000000000
        ks_107                      0.0003439535027000000    1.000000000000000   0.0000000000000000
        ks_108                      4.347819764007900    1.000000000000000   0.0000000000000000
        ks_109                      7.406220526645600    1.000000000000000   0.0000000000000000
         ks_11                      0.4868704595670000    1.000000000000000   0.0000000000000000
        ks_110                      3.434544709264800    1.000000000000000   0.0000000000000000
        ks_111                      7.430656390949100    1.000000000000000   0.0000000000000000
        ks_112                      3.778362222603700    1.000000000000000   0.0000000000000000
        ks_113                      0.04189965999880000    1.000000000000000   0.0000000000000000
        ks_114                      7.838680342619800    1.000000000000000   0.0000000000000000
        ks_115                      6.979956564598500    1.000000000000000   0.0000000000000000
        ks_116                      0.3716406544369000    1.000000000000000   0.0000000000000000
        ks_117                      13.40340551032600    1.000000000000000   0.0000000000000000
        ks_118                      1.902939900856700    1.000000000000000   0.0000000000000000
        ks_119                      10.13337994974800    1.000000000000000   0.0000000000000000
         ks_12                      9.172379715856000    1.000000000000000   0.0000000000000000
        ks_120                      0.09620149669649999    1.000000000000000   0.0000000000000000
        ks_121                      2.162986025862700    1.000000000000000   0.0000000000000000
        ks_122                      49.19570999987100    1.000000000000000   0.0000000000000000
        ks_123                      6.832556181646400    1.000000000000000   0.0000000000000000
        ks_124                      2.063938405624200    1.000000000000000   0.0000000000000000
        ks_125                      47.70562301820200    1.000000000000000   0.0000000000000000
        ks_126                      500.0000000000000    1.000000000000000   0.0000000000000000
        ks_127                      0.8627157329101000    1.000000000000000   0.0000000000000000
        ks_128                      5.491140824959100    1.000000000000000   0.0000000000000000
        ks_129                      4.929763896890000    1.000000000000000   0.0000000000000000
         ks_13                      1.088414385653000    1.000000000000000   0.0000000000000000
        ks_130                      3.836945352785200    1.000000000000000   0.0000000000000000
        ks_131                      0.0002167382002000000    1.000000000000000   0.0000000000000000
        ks_132                      0.0002441756681000000    1.000000000000000   0.0000000000000000
        ks_133                      0.0002205742600000000    1.000000000000000   0.0000000000000000
        ks_134                      0.02682717395840000    1.000000000000000   0.0000000000000000
        ks_135                      0.0001806496511000000    1.000000000000000   0.0000000000000000
        ks_136                      0.0003486223660000000    1.000000000000000   0.0000000000000000
        ks_137                      0.01051779249690000    1.000000000000000   0.0000000000000000
        ks_138                      6.801883568028700    1.000000000000000   0.0000000000000000
        ks_139                      0.0002655961827000000    1.000000000000000   0.0000000000000000
         ks_14                      4.131796050485000    1.000000000000000   0.0000000000000000
        ks_140                      15.64752111105200    1.000000000000000   0.0000000000000000
        ks_141                      0.0002426916492000000    1.000000000000000   0.0000000000000000
        ks_142                      0.0002154217364000000    1.000000000000000   0.0000000000000000
        ks_143                      0.002800502397000000    1.000000000000000   0.0000000000000000
        ks_144                      1.051644042295100    1.000000000000000   0.0000000000000000
        ks_145                      29.62378636596600    1.000000000000000   0.0000000000000000
        ks_146                      5.789846401680400    1.000000000000000   0.0000000000000000
        ks_147                      2.241671366984700    1.000000000000000   0.0000000000000000
        ks_148                      5.877291381656800    1.000000000000000   0.0000000000000000
        ks_149                      0.0003060441570000000    1.000000000000000   0.0000000000000000
         ks_15                      0.7288471975690000    1.000000000000000   0.0000000000000000
        ks_150                      7.143956947711500    1.000000000000000   0.0000000000000000
        ks_151                      6.273121283450200    1.000000000000000   0.0000000000000000
        ks_152                      0.1385867012263000    1.000000000000000   0.0000000000000000
        ks_153                      55.75370870261400    1.000000000000000   0.0000000000000000
        ks_154                      27.97419639156000    1.000000000000000   0.0000000000000000
        ks_155                      0.0002483982338000000    1.000000000000000   0.0000000000000000
        ks_156                      0.1817682359017000    1.000000000000000   0.0000000000000000
        ks_157                      0.1609782116415000    1.000000000000000   0.0000000000000000
        ks_158                      0.6612387168191000    1.000000000000000   0.0000000000000000
        ks_159                      0.02578982235370000    1.000000000000000   0.0000000000000000
         ks_16                      303.0776300000000    1.000000000000000   0.0000000000000000
        ks_160                      1.160493601990900    1.000000000000000   0.0000000000000000
        ks_161                      500.0000000000000    1.000000000000000   0.0000000000000000
        ks_162                      0.1915868625168000    1.000000000000000   0.0000000000000000
        ks_163                      0.06720490584619999    1.000000000000000   0.0000000000000000
        ks_164                      0.05708995701990000    1.000000000000000   0.0000000000000000
        ks_165                      7.632993394544700    1.000000000000000   0.0000000000000000
        ks_166                      0.01541787211180000    1.000000000000000   0.0000000000000000
        ks_167                      0.01980837329190000    1.000000000000000   0.0000000000000000
        ks_168                      0.05352538734640000    1.000000000000000   0.0000000000000000
        ks_169                      0.0003100573768000000    1.000000000000000   0.0000000000000000
         ks_17                      1.733781805831000    1.000000000000000   0.0000000000000000
        ks_170                      0.003007502108000000    1.000000000000000   0.0000000000000000
        ks_171                      0.4070054552039000    1.000000000000000   0.0000000000000000
        ks_172                      0.02022368690030000    1.000000000000000   0.0000000000000000
        ks_173                      0.01194603891000000    1.000000000000000   0.0000000000000000
        ks_174                      5.942477604316600    1.000000000000000   0.0000000000000000
        ks_175                      0.1247512038917000    1.000000000000000   0.0000000000000000
        ks_176                      0.002543923142000000    1.000000000000000   0.0000000000000000
        ks_177                      1.149855904301900    1.000000000000000   0.0000000000000000
        ks_178                      0.0002225378106000000    1.000000000000000   0.0000000000000000
        ks_179                      0.3558123301687000    1.000000000000000   0.0000000000000000
         ks_18                      2.260352568329000    1.000000000000000   0.0000000000000000
        ks_180                      2.211254862000000e-05    1.000000000000000   0.0000000000000000
        ks_181                      0.01492645052350000    1.000000000000000   0.0000000000000000
        ks_182                      5.271589677398900    1.000000000000000   0.0000000000000000
        ks_183                      0.9694565484972000    1.000000000000000   0.0000000000000000
        ks_184                      0.0004658340207000000    1.000000000000000   0.0000000000000000
        ks_185                      0.0001105908764000000    1.000000000000000   0.0000000000000000
        ks_186                      0.0001116078658000000    1.000000000000000   0.0000000000000000
        ks_187                      0.0001250323262000000    1.000000000000000   0.0000000000000000
        ks_188                      0.0004188727292000000    1.000000000000000   0.0000000000000000
        ks_189                      0.0001306997524000000    1.000000000000000   0.0000000000000000
         ks_19                      45.35242634136000    1.000000000000000   0.0000000000000000
        ks_190                      1.031920821000000e-05    1.000000000000000   0.0000000000000000
        ks_191                      0.0001079000887000000    1.000000000000000   0.0000000000000000
        ks_192                      0.0001590031425000000    1.000000000000000   0.0000000000000000
        ks_193                      0.001961663311000000    1.000000000000000   0.0000000000000000
        ks_194                      1.014433346000000e-05    1.000000000000000   0.0000000000000000
        ks_195                      0.0008166242888000000    1.000000000000000   0.0000000000000000
        ks_196                      1.015487491000000e-05    1.000000000000000   0.0000000000000000
        ks_197                      9.122436523000000e-05    1.000000000000000   0.0000000000000000
        ks_198                      0.0002757588632000000    1.000000000000000   0.0000000000000000
        ks_199                      1.171625085000000e-05    1.000000000000000   0.0000000000000000
          ks_2                      0.01551897913000000    1.000000000000000   0.0000000000000000
         ks_20                      1.013840030138000    1.000000000000000   0.0000000000000000
        ks_200                      9.961601870999999e-06    1.000000000000000   0.0000000000000000
        ks_201                      1.030791645000000e-05    1.000000000000000   0.0000000000000000
        ks_202                      0.0001186058533000000    1.000000000000000   0.0000000000000000
        ks_203                      0.0001264828620000000    1.000000000000000   0.0000000000000000
        ks_204                      0.0001099900928000000    1.000000000000000   0.0000000000000000
        ks_205                      0.0001163026683000000    1.000000000000000   0.0000000000000000
        ks_206                      9.995723537999999e-06    1.000000000000000   0.0000000000000000
        ks_207                      0.0001314599196000000    1.000000000000000   0.0000000000000000
        ks_208                      1.674974418000000e-05    1.000000000000000   0.0000000000000000
        ks_209                      0.0003637264898000000    1.000000000000000   0.0000000000000000
         ks_21                      0.9263424471730000    1.000000000000000   0.0000000000000000
        ks_210                      0.0001092039833000000    1.000000000000000   0.0000000000000000
        ks_211                      0.0001027528677000000    1.000000000000000   0.0000000000000000
        ks_212                      6.454515659000000e-05    1.000000000000000   0.0000000000000000
        ks_213                      0.0001080915654000000    1.000000000000000   0.0000000000000000
        ks_214                      0.0001079609057000000    1.000000000000000   0.0000000000000000
        ks_215                      0.0001061624865000000    1.000000000000000   0.0000000000000000
        ks_216                      0.0001115694607000000    1.000000000000000   0.0000000000000000
        ks_217                      3.440836466000000e-05    1.000000000000000   0.0000000000000000
        ks_218                      5.523157390000000e-05    1.000000000000000   0.0000000000000000
        ks_219                      0.0001118796101000000    1.000000000000000   0.0000000000000000
         ks_22                      0.6823044261240000    1.000000000000000   0.0000000000000000
        ks_220                      0.0001113537048000000    1.000000000000000   0.0000000000000000
        ks_221                      0.0001653499176000000    1.000000000000000   0.0000000000000000
        ks_222                      0.0001196651165000000    1.000000000000000   0.0000000000000000
        ks_223                      0.0001339252156000000    1.000000000000000   0.0000000000000000
        ks_224                      0.0001080979405000000    1.000000000000000   0.0000000000000000
        ks_225                      1.057532390000000e-05    1.000000000000000   0.0000000000000000
        ks_226                      0.0001118649591000000    1.000000000000000   0.0000000000000000
        ks_227                      0.0001017647912000000    1.000000000000000   0.0000000000000000
        ks_228                      4.970661035000000e-05    1.000000000000000   0.0000000000000000
        ks_229                      0.0005609418430000000    1.000000000000000   0.0000000000000000
         ks_23                      500.0000000000000    1.000000000000000   0.0000000000000000
        ks_230                      1.025679882000000e-05    1.000000000000000   0.0000000000000000
        ks_231                      8.022440000000000e-05    1.000000000000000   0.0000000000000000
        ks_232                      0.0004335798062000000    1.000000000000000   0.0000000000000000
        ks_233                      6.514676602000000e-05    1.000000000000000   0.0000000000000000
         ks_24                      0.05043833492800000    1.000000000000000   0.0000000000000000
         ks_25                      0.07579594601400000    1.000000000000000   0.0000000000000000
         ks_26                      5000.000000000000    1.000000000000000   0.0000000000000000
         ks_27                      0.1279794390840000    1.000000000000000   0.0000000000000000
         ks_28                      0.2845297981850000    1.000000000000000   0.0000000000000000
         ks_29                      2.334078663661000    1.000000000000000   0.0000000000000000
          ks_3                      0.7876549930700000    1.000000000000000   0.0000000000000000
         ks_30                      1.042160610000000e-05    1.000000000000000   0.0000000000000000
         ks_31                      2.664629931897000    1.000000000000000   0.0000000000000000
         ks_32                      0.0002253017940000000    1.000000000000000   0.0000000000000000
         ks_33                      0.09729349018500000    1.000000000000000   0.0000000000000000
         ks_34                      50.14233321653000    1.000000000000000   0.0000000000000000
         ks_35                      0.0001951412160000000    1.000000000000000   0.0000000000000000
         ks_36                      0.0007149424870000000    1.000000000000000   0.0000000000000000
         ks_37                      0.0002796686560000000    1.000000000000000   0.0000000000000000
         ks_38                      0.04516439024200000    1.000000000000000   0.0000000000000000
         ks_39                      0.0002315402140000000    1.000000000000000   0.0000000000000000
          ks_4                      69.50188741930000    1.000000000000000   0.0000000000000000
         ks_40                      1.405264830880000    1.000000000000000   0.0000000000000000
         ks_41                      1.112999640184000    1.000000000000000   0.0000000000000000
         ks_42                      2.260861271731000    1.000000000000000   0.0000000000000000
         ks_43                      0.08429086804100000    1.000000000000000   0.0000000000000000
         ks_44                      0.3022033998760000    1.000000000000000   0.0000000000000000
         ks_45                      1.288061245601000    1.000000000000000   0.0000000000000000
         ks_46                      0.05100966354200000    1.000000000000000   0.0000000000000000
         ks_47                      5.675511588391000    1.000000000000000   0.0000000000000000
         ks_48                      9.569144032083001    1.000000000000000   0.0000000000000000
         ks_49                      0.0001967722780000000    1.000000000000000   0.0000000000000000
          ks_5                      210.1539800000000    1.000000000000000   0.0000000000000000
         ks_50                      4.172779671815000    1.000000000000000   0.0000000000000000
         ks_51                      5.219758410000000e-05    1.000000000000000   0.0000000000000000
         ks_52                      0.003719808820000000    1.000000000000000   0.0000000000000000
         ks_53                      4.909413568647000    1.000000000000000   0.0000000000000000
         ks_54                      0.01784699364400000    1.000000000000000   0.0000000000000000
         ks_55                      5.711575318650000    1.000000000000000   0.0000000000000000
         ks_56                      71.48923687436000    1.000000000000000   0.0000000000000000
         ks_57                      4.542381716526000    1.000000000000000   0.0000000000000000
         ks_58                      0.3354331176330000    1.000000000000000   0.0000000000000000
         ks_59                      0.09398011258300000    1.000000000000000   0.0000000000000000
          ks_6                      426.7956000000000    1.000000000000000   0.0000000000000000
         ks_60                      4.600026037701000    1.000000000000000   0.0000000000000000
         ks_61                      0.02912490306600000    1.000000000000000   0.0000000000000000
         ks_62                      0.2893324007560000    1.000000000000000   0.0000000000000000
         ks_63                      11.31611234912000    1.000000000000000   0.0000000000000000
         ks_64                      0.0007711543400000000    1.000000000000000   0.0000000000000000
         ks_65                      0.001937386750000000    1.000000000000000   0.0000000000000000
         ks_66                      5.555766721629000    1.000000000000000   0.0000000000000000
         ks_67                      11.88561585513000    1.000000000000000   0.0000000000000000
         ks_68                      0.01160438786400000    1.000000000000000   0.0000000000000000
         ks_69                      0.7640900556160000    1.000000000000000   0.0000000000000000
          ks_7                      1.032553900000000e-05    1.000000000000000   0.0000000000000000
         ks_70                      3.854601809731000    1.000000000000000   0.0000000000000000
         ks_71                      2.232183510000000e-05    1.000000000000000   0.0000000000000000
         ks_72                      0.0001387922950000000    1.000000000000000   0.0000000000000000
         ks_73                      0.0001369883150000000    1.000000000000000   0.0000000000000000
         ks_74                      0.0001093390700000000    1.000000000000000   0.0000000000000000
         ks_75                      1.288404940000000e-05    1.000000000000000   0.0000000000000000
         ks_76                      0.0002462823690000000    1.000000000000000   0.0000000000000000
         ks_77                      0.0001151767110000000    1.000000000000000   0.0000000000000000
         ks_78                      1.517268060000000e-05    1.000000000000000   0.0000000000000000
         ks_79                      1.055265580000000e-05    1.000000000000000   0.0000000000000000
          ks_8                      1.059600800000000e-05    1.000000000000000   0.0000000000000000
         ks_80                      427.5990770000000    1.000000000000000   0.0000000000000000
         ks_81                      9.508749959999999e-05    1.000000000000000   0.0000000000000000
         ks_82                      500.0000000000000    1.000000000000000   0.0000000000000000
         ks_83                      6.727151210738000    1.000000000000000   0.0000000000000000
         ks_84                      9.602246920000000e-05    1.000000000000000   0.0000000000000000
         ks_85                      1.545361690000000e-05    1.000000000000000   0.0000000000000000
         ks_86                      0.0001438612160000000    1.000000000000000   0.0000000000000000
         ks_87                      500.0000000000000    1.000000000000000   0.0000000000000000
         ks_88                      399.4428380000000    1.000000000000000   0.0000000000000000
         ks_89                      9.440550840000000e-05    1.000000000000000   0.0000000000000000
          ks_9                      4.838164858560000    1.000000000000000   0.0000000000000000
         ks_90                      4.523514561647000    1.000000000000000   0.0000000000000000
         ks_91                      14.86092633623000    1.000000000000000   0.0000000000000000
         ks_92                      0.0001319373470000000    1.000000000000000   0.0000000000000000
         ks_93                      54.34829116673000    1.000000000000000   0.0000000000000000
         ks_94                      1.030496620000000e-05    1.000000000000000   0.0000000000000000
         ks_95                      0.0001349963760000000    1.000000000000000   0.0000000000000000
         ks_96                      0.0002055345820000000    1.000000000000000   0.0000000000000000
         ks_97                      2.661308200000000e-05    1.000000000000000   0.0000000000000000
         ks_98                      0.0001461818140000000    1.000000000000000   0.0000000000000000
         ks_99                      0.0001209854960000000    1.000000000000000   0.0000000000000000
    lak_cond_1                      1.000000000000000    1.000000000000000   0.0000000000000000
   lak_cond_12                      1.023431317510501    1.000000000000000   0.0000000000000000
    lak_cond_2                      1.000000000000000    1.000000000000000   0.0000000000000000
         pet_1                      9.500000000000001e-05    1.000000000000000   0.0000000000000000
 pond_recharge                      50299.08690401910    1.000000000000000   0.0000000000000000
       sfr_k_1                      0.03923790059640000    1.000000000000000   0.0000000000000000
      sfr_k_10                      0.1099247942014460    1.000000000000000   0.0000000000000000
      sfr_k_11                      0.2288074938939040    1.000000000000000   0.0000000000000000
      sfr_k_12                      1.346077903385014    1.000000000000000   0.0000000000000000
      sfr_k_13                      0.1023137888128200    1.000000000000000   0.0000000000000000
      sfr_k_14                      0.1628203126978370    1.000000000000000   0.0000000000000000
      sfr_k_15                      0.1182281412887490    1.000000000000000   0.0000000000000000
      sfr_k_16                      0.3065199720069210    1.000000000000000   0.0000000000000000
      sfr_k_17                      0.1247185903162400    1.000000000000000   0.0000000000000000
      sfr_k_18                      0.1615408247753870    1.000000000000000   0.0000000000000000
      sfr_k_19                      0.1059706544650320    1.000000000000000   0.0000000000000000
       sfr_k_2                      0.08526596563102000    1.000000000000000   0.0000000000000000
      sfr_k_20                      0.1015813586852050    1.000000000000000   0.0000000000000000
      sfr_k_21                      0.1273954156068020    1.000000000000000   0.0000000000000000
      sfr_k_22                      0.1197678563179890    1.000000000000000   0.0000000000000000
       sfr_k_3                      0.08804875231967001    1.000000000000000   0.0000000000000000
       sfr_k_4                      0.02573751180236000    1.000000000000000   0.0000000000000000
       sfr_k_5                      0.1968387219722500    1.000000000000000   0.0000000000000000
       sfr_k_6                      0.5752530774883901    1.000000000000000   0.0000000000000000
       sfr_k_7                      0.2508955849273400    1.000000000000000   0.0000000000000000
       sfr_k_8                      0.2985969569933100    1.000000000000000   0.0000000000000000
       sfr_k_9                      0.1671757735397400    1.000000000000000   0.0000000000000000
     spill_447                      185.0000000000000    1.000000000000000   0.0000000000000000
     spill_449                      147.0000000000000    1.000000000000000   0.0000000000000000
     spill_688                      8.230000000000000    1.000000000000000   0.0000000000000000
     surfk_1_1                      0.0002882318634028000    1.000000000000000   0.0000000000000000
    surfk_1_10                      0.0002934477537694300    1.000000000000000   0.0000000000000000
    surfk_1_11                      0.0002910390547921100    1.000000000000000   0.0000000000000000
    surfk_1_12                      0.0002936009967900200    1.000000000000000   0.0000000000000000
    surfk_1_13                      0.0002745876350259000    1.000000000000000   0.0000000000000000
    surfk_1_14                      0.0002873327344996000    1.000000000000000   0.0000000000000000
    surfk_1_15                      0.0002718253789835300    1.000000000000000   0.0000000000000000
    surfk_1_16                      0.0003220377419663200    1.000000000000000   0.0000000000000000
    surfk_1_17                      0.0003033824223857900    1.000000000000000   0.0000000000000000
    surfk_1_18                      0.0004526336200131600    1.000000000000000   0.0000000000000000
    surfk_1_19                      0.0002787495389056000    1.000000000000000   0.0000000000000000
     surfk_1_2                      0.0003205702236532000    1.000000000000000   0.0000000000000000
    surfk_1_21                      0.0003537437445923800    1.000000000000000   0.0000000000000000
     surfk_1_3                      0.0002845096099762000    1.000000000000000   0.0000000000000000
     surfk_1_4                      0.0005285154533502000    1.000000000000000   0.0000000000000000
     surfk_1_5                      0.0004757673649011000    1.000000000000000   0.0000000000000000
     surfk_1_6                      0.0002846870170718000    1.000000000000000   0.0000000000000000
     surfk_1_8                      0.0002921585182153000    1.000000000000000   0.0000000000000000
     surfk_1_9                      0.0002705302119639000    1.000000000000000   0.0000000000000000
     surfk_2_1                      0.0005654251920375999    1.000000000000000   0.0000000000000000
    surfk_2_10                      0.0002916689234878100    1.000000000000000   0.0000000000000000
    surfk_2_11                      0.0002673942464860600    1.000000000000000   0.0000000000000000
    surfk_2_12                      0.0002376512785385700    1.000000000000000   0.0000000000000000
    surfk_2_14                      0.0001566488771520900    1.000000000000000   0.0000000000000000
    surfk_2_15                      0.0001855489949310500    1.000000000000000   0.0000000000000000
    surfk_2_16                      0.0001617874199395600    1.000000000000000   0.0000000000000000
    surfk_2_17                      0.0001778225148746100    1.000000000000000   0.0000000000000000
    surfk_2_18                      0.0002389377685271100    1.000000000000000   0.0000000000000000
    surfk_2_19                      0.0001700466288113000    1.000000000000000   0.0000000000000000
     surfk_2_2                      0.0001269075123172000    1.000000000000000   0.0000000000000000
    surfk_2_20                      0.0008739938896927300    1.000000000000000   0.0000000000000000
    surfk_2_21                      0.0002320949940996600    1.000000000000000   0.0000000000000000
    surfk_2_22                      0.0001777944800756300    1.000000000000000   0.0000000000000000
     surfk_2_3                      0.0001066401908325000    1.000000000000000   0.0000000000000000
     surfk_2_4                      0.0003046225515905000    1.000000000000000   0.0000000000000000
     surfk_2_5                      0.0003582041390987000    1.000000000000000   0.0000000000000000
     surfk_2_6                      0.0001710528995379000    1.000000000000000   0.0000000000000000
     surfk_2_7                      0.0003184494473264000    1.000000000000000   0.0000000000000000
     surfk_2_8                      0.0003342219250811000    1.000000000000000   0.0000000000000000
     surfk_2_9                      0.0003142292668439000    1.000000000000000   0.0000000000000000
     surfk_3_1                      3.041731552125000e-08    1.000000000000000   0.0000000000000000
    surfk_3_10                      3.203058293676100e-08    1.000000000000000   0.0000000000000000
    surfk_3_11                      3.064712701512100e-08    1.000000000000000   0.0000000000000000
    surfk_3_12                      3.311892164946800e-08    1.000000000000000   0.0000000000000000
    surfk_3_13                      3.154360371787900e-08    1.000000000000000   0.0000000000000000
    surfk_3_14                      3.312047317826100e-08    1.000000000000000   0.0000000000000000
    surfk_3_15                      3.197074469110900e-08    1.000000000000000   0.0000000000000000
    surfk_3_16                      1.147563889369300e-07    1.000000000000000   0.0000000000000000
    surfk_3_17                      3.356737484066500e-08    1.000000000000000   0.0000000000000000
    surfk_3_18                      2.929630727140000e-08    1.000000000000000   0.0000000000000000
    surfk_3_19                      3.154360373186400e-08    1.000000000000000   0.0000000000000000
     surfk_3_2                      3.287707890543000e-08    1.000000000000000   0.0000000000000000
    surfk_3_20                      1.154565626220300e-07    1.000000000000000   0.0000000000000000
    surfk_3_21                      3.149666283325400e-08    1.000000000000000   0.0000000000000000
    surfk_3_22                      2.527588742178400e-08    1.000000000000000   0.0000000000000000
     surfk_3_3                      3.133954105656000e-08    1.000000000000000   0.0000000000000000
     surfk_3_4                      3.133954100446000e-08    1.000000000000000   0.0000000000000000
     surfk_3_5                      3.324025813811000e-08    1.000000000000000   0.0000000000000000
     surfk_3_6                      1.023681548420000e-07    1.000000000000000   0.0000000000000000
     surfk_3_7                      3.133954105791000e-08    1.000000000000000   0.0000000000000000
     surfk_3_8                      3.154360351426000e-08    1.000000000000000   0.0000000000000000
     surfk_3_9                      3.217508588583000e-08    1.000000000000000   0.0000000000000000
   vka_ratio_1                      0.1628724018045523    1.000000000000000   0.0000000000000000
   vka_ratio_2                      0.1423994517494153    1.000000000000000   0.0000000000000000
   vka_ratio_3                      0.0004725380041358790    1.000000000000000   0.0000000000000000
       vks_1_1                      0.0002510000000000000    1.000000000000000   0.0000000000000000
      vks_1_10                      0.0002510000000000000    1.000000000000000   0.0000000000000000
      vks_1_11                      0.0002510000000000000    1.000000000000000   0.0000000000000000
      vks_1_12                      0.0002510000000000000    1.000000000000000   0.0000000000000000
      vks_1_13                      0.0002510000000000000    1.000000000000000   0.0000000000000000
      vks_1_14                      0.0002510000000000000    1.000000000000000   0.0000000000000000
      vks_1_15                      0.0002510000000000000    1.000000000000000   0.0000000000000000
      vks_1_16                      0.0002510000000000000    1.000000000000000   0.0000000000000000
      vks_1_17                      0.0002510000000000000    1.000000000000000   0.0000000000000000
      vks_1_18                      0.0002510000000000000    1.000000000000000   0.0000000000000000
      vks_1_19                      0.0002510000000000000    1.000000000000000   0.0000000000000000
       vks_1_2                      0.0002510000000000000    1.000000000000000   0.0000000000000000
      vks_1_21                      0.0002510000000000000    1.000000000000000   0.0000000000000000
       vks_1_3                      0.0002510000000000000    1.000000000000000   0.0000000000000000
       vks_1_4                      0.0003980000000000000    1.000000000000000   0.0000000000000000
       vks_1_5                      0.0003980000000000000    1.000000000000000   0.0000000000000000
       vks_1_6                      0.0002510000000000000    1.000000000000000   0.0000000000000000
       vks_1_8                      0.0002510000000000000    1.000000000000000   0.0000000000000000
       vks_1_9                      0.0002510000000000000    1.000000000000000   0.0000000000000000
       vks_2_1                      0.0002510000000000000    1.000000000000000   0.0000000000000000
      vks_2_10                      0.0002510000000000000    1.000000000000000   0.0000000000000000
      vks_2_11                      0.0002510000000000000    1.000000000000000   0.0000000000000000
      vks_2_12                      0.0002510000000000000    1.000000000000000   0.0000000000000000
      vks_2_14                      0.0001580000000000000    1.000000000000000   0.0000000000000000
      vks_2_15                      0.0001580000000000000    1.000000000000000   0.0000000000000000
      vks_2_16                      0.0001580000000000000    1.000000000000000   0.0000000000000000
      vks_2_17                      0.0001580000000000000    1.000000000000000   0.0000000000000000
      vks_2_18                      0.0001580000000000000    1.000000000000000   0.0000000000000000
      vks_2_19                      0.0001580000000000000    1.000000000000000   0.0000000000000000
       vks_2_2                      0.0001000000000000000    1.000000000000000   0.0000000000000000
      vks_2_20                      0.0006310000000000001    1.000000000000000   0.0000000000000000
      vks_2_21                      0.0001580000000000000    1.000000000000000   0.0000000000000000
      vks_2_22                      0.0001580000000000000    1.000000000000000   0.0000000000000000
       vks_2_3                      0.0001000000000000000    1.000000000000000   0.0000000000000000
       vks_2_4                      0.0002510000000000000    1.000000000000000   0.0000000000000000
       vks_2_5                      0.0002510000000000000    1.000000000000000   0.0000000000000000
       vks_2_6                      0.0001580000000000000    1.000000000000000   0.0000000000000000
       vks_2_7                      0.0002510000000000000    1.000000000000000   0.0000000000000000
       vks_2_8                      0.0002510000000000000    1.000000000000000   0.0000000000000000
       vks_2_9                      0.0002510000000000000    1.000000000000000   0.0000000000000000
       vks_3_1                      3.020000000000000e-08    1.000000000000000   0.0000000000000000
      vks_3_10                      3.090000000000000e-08    1.000000000000000   0.0000000000000000
      vks_3_11                      3.090000000000000e-08    1.000000000000000   0.0000000000000000
      vks_3_12                      3.090000000000000e-08    1.000000000000000   0.0000000000000000
      vks_3_13                      3.090000000000000e-08    1.000000000000000   0.0000000000000000
      vks_3_14                      3.090000000000000e-08    1.000000000000000   0.0000000000000000
      vks_3_15                      3.090000000000000e-08    1.000000000000000   0.0000000000000000
      vks_3_16                      1.000000000000000e-07    1.000000000000000   0.0000000000000000
      vks_3_17                      3.090000000000000e-08    1.000000000000000   0.0000000000000000
      vks_3_18                      3.090000000000000e-08    1.000000000000000   0.0000000000000000
      vks_3_19                      3.090000000000000e-08    1.000000000000000   0.0000000000000000
       vks_3_2                      3.090000000000000e-08    1.000000000000000   0.0000000000000000
      vks_3_20                      1.150000000000000e-07    1.000000000000000   0.0000000000000000
      vks_3_21                      3.090000000000000e-08    1.000000000000000   0.0000000000000000
      vks_3_22                      3.090000000000000e-08    1.000000000000000   0.0000000000000000
       vks_3_3                      3.090000000000000e-08    1.000000000000000   0.0000000000000000
       vks_3_4                      3.090000000000000e-08    1.000000000000000   0.0000000000000000
       vks_3_5                      3.090000000000000e-08    1.000000000000000   0.0000000000000000
       vks_3_6                      1.000000000000000e-07    1.000000000000000   0.0000000000000000
       vks_3_7                      3.090000000000000e-08    1.000000000000000   0.0000000000000000
       vks_3_8                      3.090000000000000e-08    1.000000000000000   0.0000000000000000
       vks_3_9                      3.090000000000000e-08    1.000000000000000   0.0000000000000000
