single point
        finf_1                      0.4830353000000000    1.000000000000000   0.0000000000000000
       finf_10                      0.4725046550000000    1.000000000000000   0.0000000000000000
       finf_11                      0.4725046520000000    1.000000000000000   0.0000000000000000
       finf_12                      0.4725046520000000    1.000000000000000   0.0000000000000000
       finf_13                      0.4725046250000000    1.000000000000000   0.0000000000000000
       finf_14                      0.4830353020000000    1.000000000000000   0.0000000000000000
       finf_15                      0.4830353000000000    1.000000000000000   0.0000000000000000
       finf_16                      0.4830353000000000    1.000000000000000   0.0000000000000000
       finf_17                      0.4830352960000000    1.000000000000000   0.0000000000000000
       finf_18                      0.4830353000000000    1.000000000000000   0.0000000000000000
       finf_19                      0.4830353020000000    1.000000000000000   0.0000000000000000
        finf_2                      0.4830352990000000    1.000000000000000   0.0000000000000000
       finf_20                      0.5284619410000000    1.000000000000000   0.0000000000000000
       finf_21                      0.4830353010000000    1.000000000000000   0.0000000000000000
       finf_22                      0.4830353040000000    1.000000000000000   0.0000000000000000
        finf_3                      0.4830353050000000    1.000000000000000   0.0000000000000000
        finf_4                      0.4105800060000000    1.000000000000000   0.0000000000000000
        finf_5                      0.4105800060000000    1.000000000000000   0.0000000000000000
        finf_6                      0.4830352990000000    1.000000000000000   0.0000000000000000
        finf_7                      0.4725046530000000    1.000000000000000   0.0000000000000000
        finf_8                      0.4725046500000000    1.000000000000000   0.0000000000000000
        finf_9                      0.4725046480000000    1.000000000000000   0.0000000000000000
          ks_1                      2.471133997090000    1.000000000000000   0.0000000000000000
         ks_10                      1.834414927131000    1.000000000000000   0.0000000000000000
        ks_100                      6.692199480000000e-05    1.000000000000000   0.0000000000000000
        ks_101                      0.0006920000002000000    1.000000000000000   0.0000000000000000
        ks_102                      7.401667160000000e-05    1.000000000000000   0.0000000000000000
        ks_103                      0.0003439788724000000    1.000000000000000   0.0000000000000000
        ks_104                      9.680000000000000e-06    1.000000000000000   0.0000000000000000
        ks_105                      9.780000046000001e-06    1.000000000000000   0.0000000000000000
        ks_106                      0.0001450000000000000    1.000000000000000   0.0000000000000000
        ks_107                      0.0002510324141000000    1.000000000000000   0.0000000000000000
        ks_108                      4.493697015173600    1.000000000000000   0.0000000000000000
        ks_109                      7.575386706020600    1.000000000000000   0.0000000000000000
         ks_11                      0.3500350562620000    1.000000000000000   0.0000000000000000
        ks_110                      3.811650181275300    1.000000000000000   0.0000000000000000
        ks_111                      8.907518446130300    1.000000000000000   0.0000000000000000
        ks_112                      4.617166075576400    1.000000000000000   0.0000000000000000
        ks_113                      0.07027802144879999    1.000000000000000   0.0000000000000000
        ks_114                      9.762288257747700    1.000000000000000   0.0000000000000000
        ks_115                      6.762863662349400    1.000000000000000   0.0000000000000000
        ks_116                      0.3901905965834000    1.000000000000000   0.0000000000000000
        ks_117                      13.89772907386900    1.000000000000000   0.0000000000000000
        ks_118                      1.985952097495000    1.000000000000000   0.0000000000000000
        ks_119                      10.67770285640200    1.000000000000000   0.0000000000000000
         ks_12                      9.269048275999999    1.000000000000000   0.0000000000000000
        ks_120                      0.1219070199377000    1.000000000000000   0.0000000000000000
        ks_121                      2.302839957101200    1.000000000000000   0.0000000000000000
        ks_122                      42.29145586644000    1.000000000000000   0.0000000000000000
        ks_123                      9.652034946724900    1.000000000000000   0.0000000000000000
        ks_124                      2.123296541926700    1.000000000000000   0.0000000000000000
        ks_125                      29.78505155622900    1.000000000000000   0.0000000000000000
        ks_126                      265.4397304000000    1.000000000000000   0.0000000000000000
        ks_127                      0.9279533695053001    1.000000000000000   0.0000000000000000
        ks_128                      4.676510835098300    1.000000000000000   0.0000000000000000
        ks_129                      6.545832790881200    1.000000000000000   0.0000000000000000
         ks_13                      0.7697587895320001    1.000000000000000   0.0000000000000000
        ks_130                      5.532072760624400    1.000000000000000   0.0000000000000000
        ks_131                      0.0002010000000000000    1.000000000000000   0.0000000000000000
        ks_132                      0.0001989832783000000    1.000000000000000   0.0000000000000000
        ks_133                      0.0002010000000000000    1.000000000000000   0.0000000000000000
        ks_134                      0.02720135101740000    1.000000000000000   0.0000000000000000
        ks_135                      0.0001590000012000000    1.000000000000000   0.0000000000000000
        ks_136                      0.0002433849306000000    1.000000000000000   0.0000000000000000
        ks_137                      0.003850057517000000    1.000000000000000   0.0000000000000000
        ks_138                      6.740153851311900    1.000000000000000   0.0000000000000000
        ks_139                      0.0002290000000000000    1.000000000000000   0.0000000000000000
         ks_14                      4.355726912942000    1.000000000000000   0.0000000000000000
        ks_140                      15.00723392264400    1.000000000000000   0.0000000000000000
        ks_141                      0.0001980000000000000    1.000000000000000   0.0000000000000000
        ks_142                      0.0002000000000000000    1.000000000000000   0.0000000000000000
        ks_143                      0.001390000000000000    1.000000000000000   0.0000000000000000
        ks_144                      1.049200286780800    1.000000000000000   0.0000000000000000
        ks_145                      29.28717060070000    1.000000000000000   0.0000000000000000
        ks_146                      5.899688125970800    1.000000000000000   0.0000000000000000
        ks_147                      2.249067852695900    1.000000000000000   0.0000000000000000
        ks_148                      6.135359099653900    1.000000000000000   0.0000000000000000
        ks_149                      0.0002660000000000000    1.000000000000000   0.0000000000000000
         ks_15                      1.169418175072000    1.000000000000000   0.0000000000000000
        ks_150                      7.630136357645000    1.000000000000000   0.0000000000000000
        ks_151                      6.242377933326600    1.000000000000000   0.0000000000000000
        ks_152                      0.1257201414481000    1.000000000000000   0.0000000000000000
        ks_153                      48.56198609895800    1.000000000000000   0.0000000000000000
        ks_154                      30.92647385605200    1.000000000000000   0.0000000000000000
        ks_155                      0.0001750000089000000    1.000000000000000   0.0000000000000000
        ks_156                      0.1856572595539000    1.000000000000000   0.0000000000000000
        ks_157                      0.1807367313050000    1.000000000000000   0.0000000000000000
        ks_158                      0.6415375209090000    1.000000000000000   0.0000000000000000
        ks_159                      0.02651028898660000    1.000000000000000   0.0000000000000000
         ks_16                      233.5097190000000    1.000000000000000   0.0000000000000000
        ks_160                      1.098821479901800    1.000000000000000   0.0000000000000000
        ks_161                      500.0000000000000    1.000000000000000   0.0000000000000000
        ks_162                      0.1965906047493000    1.000000000000000   0.0000000000000000
        ks_163                      0.06981045977160000    1.000000000000000   0.0000000000000000
        ks_164                      0.05635743996980000    1.000000000000000   0.0000000000000000
        ks_165                      7.138741262139700    1.000000000000000   0.0000000000000000
        ks_166                      0.01561204602510000    1.000000000000000   0.0000000000000000
        ks_167                      0.02459733930270000    1.000000000000000   0.0000000000000000
        ks_168                      0.04336683513370000    1.000000000000000   0.0000000000000000
        ks_169                      0.0002309912073000000    1.000000000000000   0.0000000000000000
         ks_17                      1.720161064264000    1.000000000000000   0.0000000000000000
        ks_170                      0.001510000000000000    1.000000000000000   0.0000000000000000
        ks_171                      0.3463911777419000    1.000000000000000   0.0000000000000000
        ks_172                      0.02033765201100000    1.000000000000000   0.0000000000000000
        ks_173                      0.005824190165000000    1.000000000000000   0.0000000000000000
        ks_174                      6.055532626000000    1.000000000000000   0.0000000000000000
        ks_175                      0.1293499531758000    1.000000000000000   0.0000000000000000
        ks_176                      0.001435745482000000    1.000000000000000   0.0000000000000000
        ks_177                      1.156359477548600    1.000000000000000   0.0000000000000000
        ks_178                      0.0002000000000000000    1.000000000000000   0.0000000000000000
        ks_179                      0.5682490374080000    1.000000000000000   0.0000000000000000
         ks_18                      2.452948024703000    1.000000000000000   0.0000000000000000
        ks_180                      1.851706624000000e-05    1.000000000000000   0.0000000000000000
        ks_181                      0.01245448276930000    1.000000000000000   0.0000000000000000
        ks_182                      5.241527645382000    1.000000000000000   0.0000000000000000
        ks_183                      0.9962278074460000    1.000000000000000   0.0000000000000000
        ks_184                      0.0003340016023000000    1.000000000000000   0.0000000000000000
        ks_185                      9.540000000000000e-05    1.000000000000000   0.0000000000000000
        ks_186                      9.810000000000000e-05    1.000000000000000   0.0000000000000000
        ks_187                      0.0001090000000000000    1.000000000000000   0.0000000000000000
        ks_188                      0.0003569999999000000    1.000000000000000   0.0000000000000000
        ks_189                      0.0001150000044000000    1.000000000000000   0.0000000000000000
         ks_19                      45.95072471150000    1.000000000000000   0.0000000000000000
        ks_190                      9.629999999999999e-06    1.000000000000000   0.0000000000000000
        ks_191                      0.0001010000001000000    1.000000000000000   0.0000000000000000
        ks_192                      0.0001220000000000000    1.000000000000000   0.0000000000000000
        ks_193                      0.001450307047000000    1.000000000000000   0.0000000000000000
        ks_194                      9.560000000000000e-06    1.000000000000000   0.0000000000000000
        ks_195                      0.0006730000000000000    1.000000000000000   0.0000000000000000
        ks_196                      9.590000000000000e-06    1.000000000000000   0.0000000000000000
        ks_197                      8.179551425000000e-05    1.000000000000000   0.0000000000000000
        ks_198                      0.0001699198081000000    1.000000000000000   0.0000000000000000
        ks_199                      1.080000000000000e-05    1.000000000000000   0.0000000000000000
          ks_2                      0.02303810698000000    1.000000000000000   0.0000000000000000
         ks_20                      1.656664901665000    1.000000000000000   0.0000000000000000
        ks_200                      9.650000000000001e-06    1.000000000000000   0.0000000000000000
        ks_201                      9.560000000000000e-06    1.000000000000000   0.0000000000000000
        ks_202                      0.0001009999998000000    1.000000000000000   0.0000000000000000
        ks_203                      0.0001140000000000000    1.000000000000000   0.0000000000000000
        ks_204                      9.950000000000001e-05    1.000000000000000   0.0000000000000000
        ks_205                      0.0001030000004000000    1.000000000000000   0.0000000000000000
        ks_206                      9.619999999999999e-06    1.000000000000000   0.0000000000000000
        ks_207                      0.0001020000002000000    1.000000000000000   0.0000000000000000
        ks_208                      1.300000002000000e-05    1.000000000000000   0.0000000000000000
        ks_209                      0.0002640998020000000    1.000000000000000   0.0000000000000000
         ks_21                      0.9665109477420000    1.000000000000000   0.0000000000000000
        ks_210                      8.670000000000001e-05    1.000000000000000   0.0000000000000000
        ks_211                      8.799999997000000e-05    1.000000000000000   0.0000000000000000
        ks_212                      3.901531288000000e-05    1.000000000000000   0.0000000000000000
        ks_213                      9.547945788000000e-05    1.000000000000000   0.0000000000000000
        ks_214                      9.910000000000000e-05    1.000000000000000   0.0000000000000000
        ks_215                      9.800000000000000e-05    1.000000000000000   0.0000000000000000
        ks_216                      0.0001000101596000000    1.000000000000000   0.0000000000000000
        ks_217                      5.380940965000000e-05    1.000000000000000   0.0000000000000000
        ks_218                      5.160000001000000e-05    1.000000000000000   0.0000000000000000
        ks_219                      0.0001040000000000000    1.000000000000000   0.0000000000000000
         ks_22                      0.4717693626280000    1.000000000000000   0.0000000000000000
        ks_220                      9.208041297000001e-05    1.000000000000000   0.0000000000000000
        ks_221                      0.0001250000002000000    1.000000000000000   0.0000000000000000
        ks_222                      0.0001050000001000000    1.000000000000000   0.0000000000000000
        ks_223                      0.0001009796960000000    1.000000000000000   0.0000000000000000
        ks_224                      9.970000000000000e-05    1.000000000000000   0.0000000000000000
        ks_225                      9.780000000000000e-06    1.000000000000000   0.0000000000000000
        ks_226                      0.0001049999999000000    1.000000000000000   0.0000000000000000
        ks_227                      8.650000000000000e-05    1.000000000000000   0.0000000000000000
        ks_228                      6.237129297000000e-05    1.000000000000000   0.0000000000000000
        ks_229                      0.0003900000081000000    1.000000000000000   0.0000000000000000
         ks_23                      362.4663070000000    1.000000000000000   0.0000000000000000
        ks_230                      1.463054693000000e-05    1.000000000000000   0.0000000000000000
        ks_231                      7.821284265000000e-05    1.000000000000000   0.0000000000000000
        ks_232                      0.0003540000000000000    1.000000000000000   0.0000000000000000
        ks_233                      5.729828199000000e-05    1.000000000000000   0.0000000000000000
         ks_24                      0.04913743124600000    1.000000000000000   0.0000000000000000
         ks_25                      0.08338664832600000    1.000000000000000   0.0000000000000000
         ks_26                      5000.000000000000    1.000000000000000   0.0000000000000000
         ks_27                      0.2055181301760000    1.000000000000000   0.0000000000000000
         ks_28                      0.3489618968050000    1.000000000000000   0.0000000000000000
         ks_29                      3.381864403931000    1.000000000000000   0.0000000000000000
          ks_3                      0.7731823415000000    1.000000000000000   0.0000000000000000
         ks_30                      9.690000000000000e-06    1.000000000000000   0.0000000000000000
         ks_31                      2.724319186546000    1.000000000000000   0.0000000000000000
         ks_32                      0.0001890000000000000    1.000000000000000   0.0000000000000000
         ks_33                      0.1020280810440000    1.000000000000000   0.0000000000000000
         ks_34                      50.95971152302000    1.000000000000000   0.0000000000000000
         ks_35                      0.0001805142350000000    1.000000000000000   0.0000000000000000
         ks_36                      0.0004839954060000000    1.000000000000000   0.0000000000000000
         ks_37                      0.0002069989900000000    1.000000000000000   0.0000000000000000
         ks_38                      0.07981742573900000    1.000000000000000   0.0000000000000000
         ks_39                      0.0001950000000000000    1.000000000000000   0.0000000000000000
          ks_4                      69.14751088380000    1.000000000000000   0.0000000000000000
         ks_40                      1.178596576917000    1.000000000000000   0.0000000000000000
         ks_41                      1.183043905638000    1.000000000000000   0.0000000000000000
         ks_42                      2.390463462766000    1.000000000000000   0.0000000000000000
         ks_43                      0.08683887457200000    1.000000000000000   0.0000000000000000
         ks_44                      0.3010814347900000    1.000000000000000   0.0000000000000000
         ks_45                      0.01231250299100000    1.000000000000000   0.0000000000000000
         ks_46                      0.1851491408900000    1.000000000000000   0.0000000000000000
         ks_47                      5.636471194970000    1.000000000000000   0.0000000000000000
         ks_48                      9.165771750477001    1.000000000000000   0.0000000000000000
         ks_49                      0.0001759998490000000    1.000000000000000   0.0000000000000000
          ks_5                      159.4602600000000    1.000000000000000   0.0000000000000000
         ks_50                      3.934189986322000    1.000000000000000   0.0000000000000000
         ks_51                      4.238594210000000e-05    1.000000000000000   0.0000000000000000
         ks_52                      0.003361166460000000    1.000000000000000   0.0000000000000000
         ks_53                      5.113382213801000    1.000000000000000   0.0000000000000000
         ks_54                      0.01859447667800000    1.000000000000000   0.0000000000000000
         ks_55                      9.142653569605001    1.000000000000000   0.0000000000000000
         ks_56                      73.14703265797000    1.000000000000000   0.0000000000000000
         ks_57                      4.915564074609000    1.000000000000000   0.0000000000000000
         ks_58                      0.3200655149670000    1.000000000000000   0.0000000000000000
         ks_59                      0.06316686607800000    1.000000000000000   0.0000000000000000
          ks_6                      244.6660100000000    1.000000000000000   0.0000000000000000
         ks_60                      4.624210879745000    1.000000000000000   0.0000000000000000
         ks_61                      0.02934090027700000    1.000000000000000   0.0000000000000000
         ks_62                      0.1994326612830000    1.000000000000000   0.0000000000000000
         ks_63                      10.94344956915000    1.000000000000000   0.0000000000000000
         ks_64                      0.0005699999980000000    1.000000000000000   0.0000000000000000
         ks_65                      0.001449999780000000    1.000000000000000   0.0000000000000000
         ks_66                      5.727972027096000    1.000000000000000   0.0000000000000000
         ks_67                      11.95921482075000    1.000000000000000   0.0000000000000000
         ks_68                      0.006673867340000000    1.000000000000000   0.0000000000000000
         ks_69                      0.7601942915950000    1.000000000000000   0.0000000000000000
          ks_7                      9.880000000000000e-06    1.000000000000000   0.0000000000000000
         ks_70                      3.890266927483000    1.000000000000000   0.0000000000000000
         ks_71                      9.670000000000001e-06    1.000000000000000   0.0000000000000000
         ks_72                      8.921122440000000e-05    1.000000000000000   0.0000000000000000
         ks_73                      0.0001010100130000000    1.000000000000000   0.0000000000000000
         ks_74                      9.330000000000000e-05    1.000000000000000   0.0000000000000000
         ks_75                      1.138536350000000e-05    1.000000000000000   0.0000000000000000
         ks_76                      0.0001466771370000000    1.000000000000000   0.0000000000000000
         ks_77                      0.0001020000000000000    1.000000000000000   0.0000000000000000
         ks_78                      1.463304580000000e-05    1.000000000000000   0.0000000000000000
         ks_79                      9.609999999999999e-06    1.000000000000000   0.0000000000000000
          ks_8                      9.690000000000000e-06    1.000000000000000   0.0000000000000000
         ks_80                      189.0823330000000    1.000000000000000   0.0000000000000000
         ks_81                      8.460000000000000e-05    1.000000000000000   0.0000000000000000
         ks_82                      500.0000000000000    1.000000000000000   0.0000000000000000
         ks_83                      6.815638929266000    1.000000000000000   0.0000000000000000
         ks_84                      8.429992770000000e-05    1.000000000000000   0.0000000000000000
         ks_85                      1.250000010000000e-05    1.000000000000000   0.0000000000000000
         ks_86                      0.0001310000000000000    1.000000000000000   0.0000000000000000
         ks_87                      500.0000000000000    1.000000000000000   0.0000000000000000
         ks_88                      26.81600000000000    1.000000000000000   0.0000000000000000
         ks_89                      7.759899990000000e-05    1.000000000000000   0.0000000000000000
          ks_9                      8.153220932540000    1.000000000000000   0.0000000000000000
         ks_90                      4.645155789000000    1.000000000000000   0.0000000000000000
         ks_91                      14.91734591073000    1.000000000000000   0.0000000000000000
         ks_92                      0.0001140000000000000    1.000000000000000   0.0000000000000000
         ks_93                      1.855233110000000    1.000000000000000   0.0000000000000000
         ks_94                      9.590000000000000e-06    1.000000000000000   0.0000000000000000
         ks_95                      9.990000009999999e-05    1.000000000000000   0.0000000000000000
         ks_96                      0.0001730000000000000    1.000000000000000   0.0000000000000000
         ks_97                      2.990194210000000e-05    1.000000000000000   0.0000000000000000
         ks_98                      0.0001090000000000000    1.000000000000000   0.0000000000000000
         ks_99                      0.0001060000000000000    1.000000000000000   0.0000000000000000
    lak_cond_1                      1.000000000000000    1.000000000000000   0.0000000000000000
   lak_cond_12                      1.029473147000000    1.000000000000000   0.0000000000000000
    lak_cond_2                      1.000000000000000    1.000000000000000   0.0000000000000000
         pet_1                      9.500000000000001e-05    1.000000000000000   0.0000000000000000
 pond_recharge                      22000.00000000000    1.000000000000000   0.0000000000000000
       sfr_k_1                      0.06029037058039000    1.000000000000000   0.0000000000000000
      sfr_k_10                      0.1130014248483810    1.000000000000000   0.0000000000000000
      sfr_k_11                      0.2169915995524340    1.000000000000000   0.0000000000000000
      sfr_k_12                      0.8864988330241910    1.000000000000000   0.0000000000000000
      sfr_k_13                      0.09961343494930300    1.000000000000000   0.0000000000000000
      sfr_k_14                      0.1960806589251300    1.000000000000000   0.0000000000000000
      sfr_k_15                      0.1290942110314650    1.000000000000000   0.0000000000000000
      sfr_k_16                      0.2684874510165890    1.000000000000000   0.0000000000000000
      sfr_k_17                      0.1082541340578470    1.000000000000000   0.0000000000000000
      sfr_k_18                      0.1413877266423330    1.000000000000000   0.0000000000000000
      sfr_k_19                      0.1035204362921390    1.000000000000000   0.0000000000000000
       sfr_k_2                      0.1812767829081300    1.000000000000000   0.0000000000000000
      sfr_k_20                      0.1039295944987110    1.000000000000000   0.0000000000000000
      sfr_k_21                      0.1761500000000000    1.000000000000000   0.0000000000000000
      sfr_k_22                      0.1249896717033080    1.000000000000000   0.0000000000000000
       sfr_k_3                      0.09360203627241000    1.000000000000000   0.0000000000000000
       sfr_k_4                      0.03048547435347000    1.000000000000000   0.0000000000000000
       sfr_k_5                      0.2055391214933500    1.000000000000000   0.0000000000000000
       sfr_k_6                      0.5865771864454200    1.000000000000000   0.0000000000000000
       sfr_k_7                      0.2543205142992700    1.000000000000000   0.0000000000000000
       sfr_k_8                      0.3022333729940100    1.000000000000000   0.0000000000000000
       sfr_k_9                      0.1775709658984400    1.000000000000000   0.0000000000000000
     spill_447                      185.0000000000000    1.000000000000000   0.0000000000000000
     spill_449                      147.0000000000000    1.000000000000000   0.0000000000000000
     spill_688                      8.230000000000000    1.000000000000000   0.0000000000000000
     surfk_1_1                      0.0002239818905813000    1.000000000000000   0.0000000000000000
    surfk_1_10                      0.0002530000011328600    1.000000000000000   0.0000000000000000
    surfk_1_11                      0.0002510000003440600    1.000000000000000   0.0000000000000000
    surfk_1_12                      0.0002509999999997700    1.000000000000000   0.0000000000000000
    surfk_1_13                      0.0002510000000644000    1.000000000000000   0.0000000000000000
    surfk_1_14                      0.0002510000000000000    1.000000000000000   0.0000000000000000
    surfk_1_15                      0.0002310000000210100    1.000000000000000   0.0000000000000000
    surfk_1_16                      0.0002280047966233700    1.000000000000000   0.0000000000000000
    surfk_1_17                      0.0002510000000000000    1.000000000000000   0.0000000000000000
    surfk_1_18                      0.0002643391279786400    1.000000000000000   0.0000000000000000
    surfk_1_19                      0.0002510000000000000    1.000000000000000   0.0000000000000000
     surfk_1_2                      0.0002249979471088000    1.000000000000000   0.0000000000000000
    surfk_1_21                      0.0002489868907063400    1.000000000000000   0.0000000000000000
     surfk_1_3                      0.0002320000000000000    1.000000000000000   0.0000000000000000
     surfk_1_4                      0.0003460100769156000    1.000000000000000   0.0000000000000000
     surfk_1_5                      0.0003329160871107000    1.000000000000000   0.0000000000000000
     surfk_1_6                      0.0002309999974195000    1.000000000000000   0.0000000000000000
     surfk_1_8                      0.0002490000000000000    1.000000000000000   0.0000000000000000
     surfk_1_9                      0.0002120108845968000    1.000000000000000   0.0000000000000000
     surfk_2_1                      0.0003173004220426000    1.000000000000000   0.0000000000000000
    surfk_2_10                      0.0002470000280889900    1.000000000000000   0.0000000000000000
    surfk_2_11                      0.0002309972653971400    1.000000000000000   0.0000000000000000
    surfk_2_12                      0.0002080003817454300    1.000000000000000   0.0000000000000000
    surfk_2_14                      0.0001450000000000000    1.000000000000000   0.0000000000000000
    surfk_2_15                      0.0001630000000000000    1.000000000000000   0.0000000000000000
    surfk_2_16                      0.0001529999991098900    1.000000000000000   0.0000000000000000
    surfk_2_17                      0.0001579999999733500    1.000000000000000   0.0000000000000000
    surfk_2_18                      0.0001720799635501000    1.000000000000000   0.0000000000000000
    surfk_2_19                      0.0001580000000002900    1.000000000000000   0.0000000000000000
     surfk_2_2                      9.259999981078000e-05    1.000000000000000   0.0000000000000000
    surfk_2_20                      0.0005659999998560700    1.000000000000000   0.0000000000000000
    surfk_2_21                      0.0001579999999033100    1.000000000000000   0.0000000000000000
    surfk_2_22                      0.0001519999997457600    1.000000000000000   0.0000000000000000
     surfk_2_3                      9.980000000000000e-05    1.000000000000000   0.0000000000000000
     surfk_2_4                      0.0002210046701302000    1.000000000000000   0.0000000000000000
     surfk_2_5                      0.0002624315190986000    1.000000000000000   0.0000000000000000
     surfk_2_6                      0.0001290189583446000    1.000000000000000   0.0000000000000000
     surfk_2_7                      0.0002410000000743000    1.000000000000000   0.0000000000000000
     surfk_2_8                      0.0002420000002913000    1.000000000000000   0.0000000000000000
     surfk_2_9                      0.0002159948444729000    1.000000000000000   0.0000000000000000
     surfk_3_1                      3.010000000000000e-08    1.000000000000000   0.0000000000000000
    surfk_3_10                      3.100000000000000e-08    1.000000000000000   0.0000000000000000
    surfk_3_11                      3.100000000000000e-08    1.000000000000000   0.0000000000000000
    surfk_3_12                      3.100000000000000e-08    1.000000000000000   0.0000000000000000
    surfk_3_13                      3.100000000000000e-08    1.000000000000000   0.0000000000000000
    surfk_3_14                      3.150000000000000e-08    1.000000000000000   0.0000000000000000
    surfk_3_15                      3.079999998508700e-08    1.000000000000000   0.0000000000000000
    surfk_3_16                      1.040000007799400e-07    1.000000000000000   0.0000000000000000
    surfk_3_17                      3.180430415815100e-08    1.000000000000000   0.0000000000000000
    surfk_3_18                      2.990000000366100e-08    1.000000000000000   0.0000000000000000
    surfk_3_19                      3.100000000000000e-08    1.000000000000000   0.0000000000000000
     surfk_3_2                      3.080000000000000e-08    1.000000000000000   0.0000000000000000
    surfk_3_20                      1.110000000000000e-07    1.000000000000000   0.0000000000000000
    surfk_3_21                      3.100000000000000e-08    1.000000000000000   0.0000000000000000
    surfk_3_22                      2.479999997733700e-08    1.000000000000000   0.0000000000000000
     surfk_3_3                      3.080000000000000e-08    1.000000000000000   0.0000000000000000
     surfk_3_4                      3.080000000000000e-08    1.000000000000000   0.0000000000000000
     surfk_3_5                      3.100000001300000e-08    1.000000000000000   0.0000000000000000
     surfk_3_6                      9.980000007449000e-08    1.000000000000000   0.0000000000000000
     surfk_3_7                      3.080000000000000e-08    1.000000000000000   0.0000000000000000
     surfk_3_8                      3.100000000000000e-08    1.000000000000000   0.0000000000000000
     surfk_3_9                      3.100000000714000e-08    1.000000000000000   0.0000000000000000
   vka_ratio_1                      0.3422348240250513    1.000000000000000   0.0000000000000000
   vka_ratio_2                      0.1017645691071253    1.000000000000000   0.0000000000000000
   vka_ratio_3                      0.04947867835479120    1.000000000000000   0.0000000000000000
       vks_1_1                      0.0002510000000000000    1.000000000000000   0.0000000000000000
      vks_1_10                      0.0002510000000000000    1.000000000000000   0.0000000000000000
      vks_1_11                      0.0002510000000000000    1.000000000000000   0.0000000000000000
      vks_1_12                      0.0002510000000000000    1.000000000000000   0.0000000000000000
      vks_1_13                      0.0002510000000000000    1.000000000000000   0.0000000000000000
      vks_1_14                      0.0002510000000000000    1.000000000000000   0.0000000000000000
      vks_1_15                      0.0002510000000000000    1.000000000000000   0.0000000000000000
      vks_1_16                      0.0002510000000000000    1.000000000000000   0.0000000000000000
      vks_1_17                      0.0002510000000000000    1.000000000000000   0.0000000000000000
      vks_1_18                      0.0002510000000000000    1.000000000000000   0.0000000000000000
      vks_1_19                      0.0002510000000000000    1.000000000000000   0.0000000000000000
       vks_1_2                      0.0002510000000000000    1.000000000000000   0.0000000000000000
      vks_1_21                      0.0002510000000000000    1.000000000000000   0.0000000000000000
       vks_1_3                      0.0002510000000000000    1.000000000000000   0.0000000000000000
       vks_1_4                      0.0003980000000000000    1.000000000000000   0.0000000000000000
       vks_1_5                      0.0003980000000000000    1.000000000000000   0.0000000000000000
       vks_1_6                      0.0002510000000000000    1.000000000000000   0.0000000000000000
       vks_1_8                      0.0002510000000000000    1.000000000000000   0.0000000000000000
       vks_1_9                      0.0002510000000000000    1.000000000000000   0.0000000000000000
       vks_2_1                      0.0002510000000000000    1.000000000000000   0.0000000000000000
      vks_2_10                      0.0002510000000000000    1.000000000000000   0.0000000000000000
      vks_2_11                      0.0002510000000000000    1.000000000000000   0.0000000000000000
      vks_2_12                      0.0002510000000000000    1.000000000000000   0.0000000000000000
      vks_2_14                      0.0001580000000000000    1.000000000000000   0.0000000000000000
      vks_2_15                      0.0001580000000000000    1.000000000000000   0.0000000000000000
      vks_2_16                      0.0001580000000000000    1.000000000000000   0.0000000000000000
      vks_2_17                      0.0001580000000000000    1.000000000000000   0.0000000000000000
      vks_2_18                      0.0001580000000000000    1.000000000000000   0.0000000000000000
      vks_2_19                      0.0001580000000000000    1.000000000000000   0.0000000000000000
       vks_2_2                      0.0001000000000000000    1.000000000000000   0.0000000000000000
      vks_2_20                      0.0006310000000000001    1.000000000000000   0.0000000000000000
      vks_2_21                      0.0001580000000000000    1.000000000000000   0.0000000000000000
      vks_2_22                      0.0001580000000000000    1.000000000000000   0.0000000000000000
       vks_2_3                      0.0001000000000000000    1.000000000000000   0.0000000000000000
       vks_2_4                      0.0002510000000000000    1.000000000000000   0.0000000000000000
       vks_2_5                      0.0002510000000000000    1.000000000000000   0.0000000000000000
       vks_2_6                      0.0001580000000000000    1.000000000000000   0.0000000000000000
       vks_2_7                      0.0002510000000000000    1.000000000000000   0.0000000000000000
       vks_2_8                      0.0002510000000000000    1.000000000000000   0.0000000000000000
       vks_2_9                      0.0002510000000000000    1.000000000000000   0.0000000000000000
       vks_3_1                      3.020000000000000e-08    1.000000000000000   0.0000000000000000
      vks_3_10                      3.090000000000000e-08    1.000000000000000   0.0000000000000000
      vks_3_11                      3.090000000000000e-08    1.000000000000000   0.0000000000000000
      vks_3_12                      3.090000000000000e-08    1.000000000000000   0.0000000000000000
      vks_3_13                      3.090000000000000e-08    1.000000000000000   0.0000000000000000
      vks_3_14                      3.090000000000000e-08    1.000000000000000   0.0000000000000000
      vks_3_15                      3.090000000000000e-08    1.000000000000000   0.0000000000000000
      vks_3_16                      1.000000000000000e-07    1.000000000000000   0.0000000000000000
      vks_3_17                      3.090000000000000e-08    1.000000000000000   0.0000000000000000
      vks_3_18                      3.090000000000000e-08    1.000000000000000   0.0000000000000000
      vks_3_19                      3.090000000000000e-08    1.000000000000000   0.0000000000000000
       vks_3_2                      3.090000000000000e-08    1.000000000000000   0.0000000000000000
      vks_3_20                      1.150000000000000e-07    1.000000000000000   0.0000000000000000
      vks_3_21                      3.090000000000000e-08    1.000000000000000   0.0000000000000000
      vks_3_22                      3.090000000000000e-08    1.000000000000000   0.0000000000000000
       vks_3_3                      3.090000000000000e-08    1.000000000000000   0.0000000000000000
       vks_3_4                      3.090000000000000e-08    1.000000000000000   0.0000000000000000
       vks_3_5                      3.090000000000000e-08    1.000000000000000   0.0000000000000000
       vks_3_6                      1.000000000000000e-07    1.000000000000000   0.0000000000000000
       vks_3_7                      3.090000000000000e-08    1.000000000000000   0.0000000000000000
       vks_3_8                      3.090000000000000e-08    1.000000000000000   0.0000000000000000
       vks_3_9                      3.090000000000000e-08    1.000000000000000   0.0000000000000000
