single point
        finf_1                      0.4830353000000000    1.000000000000000   0.0000000000000000
       finf_10                      0.4725046550000000    1.000000000000000   0.0000000000000000
       finf_11                      0.4725046520000000    1.000000000000000   0.0000000000000000
       finf_12                      0.4725046520000000    1.000000000000000   0.0000000000000000
       finf_13                      0.4725046250000000    1.000000000000000   0.0000000000000000
       finf_14                      0.4830353020000000    1.000000000000000   0.0000000000000000
       finf_15                      0.4830353000000000    1.000000000000000   0.0000000000000000
       finf_16                      0.4830353000000000    1.000000000000000   0.0000000000000000
       finf_17                      0.4830352960000000    1.000000000000000   0.0000000000000000
       finf_18                      0.4830353000000000    1.000000000000000   0.0000000000000000
       finf_19                      0.4830353020000000    1.000000000000000   0.0000000000000000
        finf_2                      0.4830352990000000    1.000000000000000   0.0000000000000000
       finf_20                      0.5284619410000000    1.000000000000000   0.0000000000000000
       finf_21                      0.4830353010000000    1.000000000000000   0.0000000000000000
       finf_22                      0.4830353040000000    1.000000000000000   0.0000000000000000
        finf_3                      0.4830353050000000    1.000000000000000   0.0000000000000000
        finf_4                      0.4105800060000000    1.000000000000000   0.0000000000000000
        finf_5                      0.4105800060000000    1.000000000000000   0.0000000000000000
        finf_6                      0.4830352990000000    1.000000000000000   0.0000000000000000
        finf_7                      0.4725046530000000    1.000000000000000   0.0000000000000000
        finf_8                      0.4725046500000000    1.000000000000000   0.0000000000000000
        finf_9                      0.4725046480000000    1.000000000000000   0.0000000000000000
          ks_1                      2.193911404690000    1.000000000000000   0.0000000000000000
         ks_10                      1.875558475499000    1.000000000000000   0.0000000000000000
        ks_100                      0.0002954641620000000    1.000000000000000   0.0000000000000000
        ks_101                      0.0008078622476000000    1.000000000000000   0.0000000000000000
        ks_102                      9.284247446999999e-05    1.000000000000000   0.0000000000000000
        ks_103                      0.0004615484623000000    1.000000000000000   0.0000000000000000
        ks_104                      1.016116533000000e-05    1.000000000000000   0.0000000000000000
        ks_105                      1.030928813000000e-05    1.000000000000000   0.0000000000000000
        ks_106                      0.0001549777135000000    1.000000000000000   0.0000000000000000
        ks_107                      0.0003279506549000000    1.000000000000000   0.0000000000000000
        ks_108                      4.448668578582200    1.000000000000000   0.0000000000000000
        ks_109                      7.493251982321000    1.000000000000000   0.0000000000000000
         ks_11                      0.4672371646520000    1.000000000000000   0.0000000000000000
        ks_110                      3.657867724436900    1.000000000000000   0.0000000000000000
        ks_111                      7.796437149030200    1.000000000000000   0.0000000000000000
        ks_112                      3.987122603025100    1.000000000000000   0.0000000000000000
        ks_113                      0.04971001165260000    1.000000000000000   0.0000000000000000
        ks_114                      8.417826596576299    1.000000000000000   0.0000000000000000
        ks_115                      6.997404114571500    1.000000000000000   0.0000000000000000
        ks_116                      0.3914894812766000    1.000000000000000   0.0000000000000000
        ks_117                      14.06536974843000    1.000000000000000   0.0000000000000000
        ks_118                      1.937394136894100    1.000000000000000   0.0000000000000000
        ks_119                      10.67215437929800    1.000000000000000   0.0000000000000000
         ks_12                      9.282335973665999    1.000000000000000   0.0000000000000000
        ks_120                      0.1027493143084000    1.000000000000000   0.0000000000000000
        ks_121                      2.246287017168500    1.000000000000000   0.0000000000000000
        ks_122                      45.77940512862200    1.000000000000000   0.0000000000000000
        ks_123                      7.798210113726900    1.000000000000000   0.0000000000000000
        ks_124                      2.117250205009500    1.000000000000000   0.0000000000000000
        ks_125                      37.10454534276300    1.000000000000000   0.0000000000000000
        ks_126                      500.0000000000000    1.000000000000000   0.0000000000000000
        ks_127                      0.8754044785391000    1.000000000000000   0.0000000000000000
        ks_128                      5.735162316248100    1.000000000000000   0.0000000000000000
        ks_129                      4.927353631547700    1.000000000000000   0.0000000000000000
         ks_13                      1.307037878291000    1.000000000000000   0.0000000000000000
        ks_130                      3.940397507943800    1.000000000000000   0.0000000000000000
        ks_131                      0.0002126198112000000    1.000000000000000   0.0000000000000000
        ks_132                      0.0002199690536000000    1.000000000000000   0.0000000000000000
        ks_133                      0.0002147795801000000    1.000000000000000   0.0000000000000000
        ks_134                      0.02713111238810000    1.000000000000000   0.0000000000000000
        ks_135                      0.0001687841216000000    1.000000000000000   0.0000000000000000
        ks_136                      0.0003217971196000000    1.000000000000000   0.0000000000000000
        ks_137                      0.007826511611000000    1.000000000000000   0.0000000000000000
        ks_138                      6.774890603600300    1.000000000000000   0.0000000000000000
        ks_139                      0.0002602788363000000    1.000000000000000   0.0000000000000000
         ks_14                      4.321260508233000    1.000000000000000   0.0000000000000000
        ks_140                      15.75438703164800    1.000000000000000   0.0000000000000000
        ks_141                      0.0002168030268000000    1.000000000000000   0.0000000000000000
        ks_142                      0.0002126904000000000    1.000000000000000   0.0000000000000000
        ks_143                      0.002373487261000000    1.000000000000000   0.0000000000000000
        ks_144                      1.067845581548600    1.000000000000000   0.0000000000000000
        ks_145                      30.48496478452600    1.000000000000000   0.0000000000000000
        ks_146                      5.868232771277600    1.000000000000000   0.0000000000000000
        ks_147                      2.335571319110400    1.000000000000000   0.0000000000000000
        ks_148                      6.127274048781300    1.000000000000000   0.0000000000000000
        ks_149                      0.0002977623336000000    1.000000000000000   0.0000000000000000
         ks_15                      0.9977173808749999    1.000000000000000   0.0000000000000000
        ks_150                      7.597190854901300    1.000000000000000   0.0000000000000000
        ks_151                      6.227236966079100    1.000000000000000   0.0000000000000000
        ks_152                      0.1318258480405000    1.000000000000000   0.0000000000000000
        ks_153                      55.00781348270100    1.000000000000000   0.0000000000000000
        ks_154                      29.58580996041700    1.000000000000000   0.0000000000000000
        ks_155                      0.0002286814716000000    1.000000000000000   0.0000000000000000
        ks_156                      0.1868221416114000    1.000000000000000   0.0000000000000000
        ks_157                      0.1655393429626000    1.000000000000000   0.0000000000000000
        ks_158                      0.6385321194682000    1.000000000000000   0.0000000000000000
        ks_159                      0.02631865677440000    1.000000000000000   0.0000000000000000
         ks_16                      275.9577890000000    1.000000000000000   0.0000000000000000
        ks_160                      1.143361583749900    1.000000000000000   0.0000000000000000
        ks_161                      500.0000000000000    1.000000000000000   0.0000000000000000
        ks_162                      0.1948123219529000    1.000000000000000   0.0000000000000000
        ks_163                      0.06861117141470000    1.000000000000000   0.0000000000000000
        ks_164                      0.05788722962580000    1.000000000000000   0.0000000000000000
        ks_165                      7.702786468900200    1.000000000000000   0.0000000000000000
        ks_166                      0.01561582393330000    1.000000000000000   0.0000000000000000
        ks_167                      0.02092718133590000    1.000000000000000   0.0000000000000000
        ks_168                      0.05411224736950000    1.000000000000000   0.0000000000000000
        ks_169                      0.0002978831562000000    1.000000000000000   0.0000000000000000
         ks_17                      1.751276045954000    1.000000000000000   0.0000000000000000
        ks_170                      0.002599360856000000    1.000000000000000   0.0000000000000000
        ks_171                      0.4205049253697000    1.000000000000000   0.0000000000000000
        ks_172                      0.02031174089630000    1.000000000000000   0.0000000000000000
        ks_173                      0.01245725365290000    1.000000000000000   0.0000000000000000
        ks_174                      6.058227862836700    1.000000000000000   0.0000000000000000
        ks_175                      0.1289315039711000    1.000000000000000   0.0000000000000000
        ks_176                      0.002185891982000000    1.000000000000000   0.0000000000000000
        ks_177                      1.153872889865100    1.000000000000000   0.0000000000000000
        ks_178                      0.0002127316666000000    1.000000000000000   0.0000000000000000
        ks_179                      0.3617152881844000    1.000000000000000   0.0000000000000000
         ks_18                      2.417147053282000    1.000000000000000   0.0000000000000000
        ks_180                      2.146658479000000e-05    1.000000000000000   0.0000000000000000
        ks_181                      0.01395495028520000    1.000000000000000   0.0000000000000000
        ks_182                      5.231800734577600    1.000000000000000   0.0000000000000000
        ks_183                      0.9937207381717000    1.000000000000000   0.0000000000000000
        ks_184                      0.0004463635584000000    1.000000000000000   0.0000000000000000
        ks_185                      0.0001015414948000000    1.000000000000000   0.0000000000000000
        ks_186                      0.0001045523362000000    1.000000000000000   0.0000000000000000
        ks_187                      0.0001150430041000000    1.000000000000000   0.0000000000000000
        ks_188                      0.0003962410164000000    1.000000000000000   0.0000000000000000
        ks_189                      0.0001242517094000000    1.000000000000000   0.0000000000000000
         ks_19                      45.99171856248000    1.000000000000000   0.0000000000000000
        ks_190                      1.010823019000000e-05    1.000000000000000   0.0000000000000000
        ks_191                      0.0001065762255000000    1.000000000000000   0.0000000000000000
        ks_192                      0.0001517753664000000    1.000000000000000   0.0000000000000000
        ks_193                      0.001728657843000000    1.000000000000000   0.0000000000000000
        ks_194                      1.003412663000000e-05    1.000000000000000   0.0000000000000000
        ks_195                      0.0007617147838000000    1.000000000000000   0.0000000000000000
        ks_196                      1.006588448000000e-05    1.000000000000000   0.0000000000000000
        ks_197                      8.781487887000001e-05    1.000000000000000   0.0000000000000000
        ks_198                      0.0002365421931000000    1.000000000000000   0.0000000000000000
        ks_199                      1.140179956000000e-05    1.000000000000000   0.0000000000000000
          ks_2                      0.01637378456000000    1.000000000000000   0.0000000000000000
         ks_20                      1.181368010990000    1.000000000000000   0.0000000000000000
        ks_200                      1.012940378000000e-05    1.000000000000000   0.0000000000000000
        ks_201                      1.003412678000000e-05    1.000000000000000   0.0000000000000000
        ks_202                      0.0001113588869000000    1.000000000000000   0.0000000000000000
        ks_203                      0.0001210037136000000    1.000000000000000   0.0000000000000000
        ks_204                      0.0001101065973000000    1.000000000000000   0.0000000000000000
        ks_205                      0.0001121449791000000    1.000000000000000   0.0000000000000000
        ks_206                      1.009764344000000e-05    1.000000000000000   0.0000000000000000
        ks_207                      0.0001237984523000000    1.000000000000000   0.0000000000000000
        ks_208                      1.423425065000000e-05    1.000000000000000   0.0000000000000000
        ks_209                      0.0003482498542000000    1.000000000000000   0.0000000000000000
         ks_21                      0.9427493107910000    1.000000000000000   0.0000000000000000
        ks_210                      0.0001088282100000000    1.000000000000000   0.0000000000000000
        ks_211                      9.320145831000000e-05    1.000000000000000   0.0000000000000000
        ks_212                      6.309748454000000e-05    1.000000000000000   0.0000000000000000
        ks_213                      0.0001058939824000000    1.000000000000000   0.0000000000000000
        ks_214                      0.0001048796013000000    1.000000000000000   0.0000000000000000
        ks_215                      0.0001039787163000000    1.000000000000000   0.0000000000000000
        ks_216                      0.0001056864981000000    1.000000000000000   0.0000000000000000
        ks_217                      3.920788606000000e-05    1.000000000000000   0.0000000000000000
        ks_218                      5.556545280000000e-05    1.000000000000000   0.0000000000000000
        ks_219                      0.0001120900755000000    1.000000000000000   0.0000000000000000
         ks_22                      0.6871196030270000    1.000000000000000   0.0000000000000000
        ks_220                      9.903599868000000e-05    1.000000000000000   0.0000000000000000
        ks_221                      0.0001609914416000000    1.000000000000000   0.0000000000000000
        ks_222                      0.0001110525806000000    1.000000000000000   0.0000000000000000
        ks_223                      0.0001257600779000000    1.000000000000000   0.0000000000000000
        ks_224                      0.0001065442315000000    1.000000000000000   0.0000000000000000
        ks_225                      1.026704712000000e-05    1.000000000000000   0.0000000000000000
        ks_226                      0.0001108363404000000    1.000000000000000   0.0000000000000000
        ks_227                      9.179406836000000e-05    1.000000000000000   0.0000000000000000
        ks_228                      5.532666110000000e-05    1.000000000000000   0.0000000000000000
        ks_229                      0.0005142841627000000    1.000000000000000   0.0000000000000000
         ks_23                      478.5852610000000    1.000000000000000   0.0000000000000000
        ks_230                      9.851391760999999e-06    1.000000000000000   0.0000000000000000
        ks_231                      8.189320625000000e-05    1.000000000000000   0.0000000000000000
        ks_232                      0.0003805717472000000    1.000000000000000   0.0000000000000000
        ks_233                      6.086706864000000e-05    1.000000000000000   0.0000000000000000
         ks_24                      0.05041403880100000    1.000000000000000   0.0000000000000000
         ks_25                      0.08025178129900000    1.000000000000000   0.0000000000000000
         ks_26                      5000.000000000000    1.000000000000000   0.0000000000000000
         ks_27                      0.1414206341010000    1.000000000000000   0.0000000000000000
         ks_28                      0.3059013059590000    1.000000000000000   0.0000000000000000
         ks_29                      2.597807913668000    1.000000000000000   0.0000000000000000
          ks_3                      0.7662536296100000    1.000000000000000   0.0000000000000000
         ks_30                      1.017175300000000e-05    1.000000000000000   0.0000000000000000
         ks_31                      2.692137200352000    1.000000000000000   0.0000000000000000
         ks_32                      0.0002003657910000000    1.000000000000000   0.0000000000000000
         ks_33                      0.1014829795650000    1.000000000000000   0.0000000000000000
         ks_34                      50.86457758573000    1.000000000000000   0.0000000000000000
         ks_35                      0.0001921459640000000    1.000000000000000   0.0000000000000000
         ks_36                      0.0006689786490000000    1.000000000000000   0.0000000000000000
         ks_37                      0.0002664250170000000    1.000000000000000   0.0000000000000000
         ks_38                      0.04788609150800000    1.000000000000000   0.0000000000000000
         ks_39                      0.0002132411550000000    1.000000000000000   0.0000000000000000
          ks_4                      71.36565772260001    1.000000000000000   0.0000000000000000
         ks_40                      1.402584672112000    1.000000000000000   0.0000000000000000
         ks_41                      1.170442731391000    1.000000000000000   0.0000000000000000
         ks_42                      2.356870484516000    1.000000000000000   0.0000000000000000
         ks_43                      0.08630393803100000    1.000000000000000   0.0000000000000000
         ks_44                      0.3173675502490000    1.000000000000000   0.0000000000000000
         ks_45                      0.2296747925420000    1.000000000000000   0.0000000000000000
         ks_46                      0.07731797236700000    1.000000000000000   0.0000000000000000
         ks_47                      5.817716282775000    1.000000000000000   0.0000000000000000
         ks_48                      9.986269978212000    1.000000000000000   0.0000000000000000
         ks_49                      0.0001881570180000000    1.000000000000000   0.0000000000000000
          ks_5                      203.4016400000000    1.000000000000000   0.0000000000000000
         ks_50                      4.091790904997000    1.000000000000000   0.0000000000000000
         ks_51                      5.051889180000000e-05    1.000000000000000   0.0000000000000000
         ks_52                      0.003391420240000000    1.000000000000000   0.0000000000000000
         ks_53                      5.113650128849000    1.000000000000000   0.0000000000000000
         ks_54                      0.01817406475400000    1.000000000000000   0.0000000000000000
         ks_55                      6.552413224546000    1.000000000000000   0.0000000000000000
         ks_56                      73.81165846333001    1.000000000000000   0.0000000000000000
         ks_57                      4.703733058700000    1.000000000000000   0.0000000000000000
         ks_58                      0.3197771428280000    1.000000000000000   0.0000000000000000
         ks_59                      0.09005538991600000    1.000000000000000   0.0000000000000000
          ks_6                      419.2393600000000    1.000000000000000   0.0000000000000000
         ks_60                      4.550904191725000    1.000000000000000   0.0000000000000000
         ks_61                      0.02922361538100000    1.000000000000000   0.0000000000000000
         ks_62                      0.3204926333980000    1.000000000000000   0.0000000000000000
         ks_63                      11.31777156907000    1.000000000000000   0.0000000000000000
         ks_64                      0.0006565806220000000    1.000000000000000   0.0000000000000000
         ks_65                      0.001687441980000000    1.000000000000000   0.0000000000000000
         ks_66                      5.720542609722000    1.000000000000000   0.0000000000000000
         ks_67                      12.34009987178000    1.000000000000000   0.0000000000000000
         ks_68                      0.01168642650300000    1.000000000000000   0.0000000000000000
         ks_69                      0.7550474768320000    1.000000000000000   0.0000000000000000
          ks_7                      1.035898200000000e-05    1.000000000000000   0.0000000000000000
         ks_70                      3.899978787557000    1.000000000000000   0.0000000000000000
         ks_71                      1.015057810000000e-05    1.000000000000000   0.0000000000000000
         ks_72                      0.0001308610520000000    1.000000000000000   0.0000000000000000
         ks_73                      0.0001275014840000000    1.000000000000000   0.0000000000000000
         ks_74                      9.879254570000000e-05    1.000000000000000   0.0000000000000000
         ks_75                      1.253315240000000e-05    1.000000000000000   0.0000000000000000
         ks_76                      0.0002212768560000000    1.000000000000000   0.0000000000000000
         ks_77                      0.0001102459950000000    1.000000000000000   0.0000000000000000
         ks_78                      1.518549350000000e-05    1.000000000000000   0.0000000000000000
         ks_79                      1.008705700000000e-05    1.000000000000000   0.0000000000000000
          ks_8                      1.017175300000000e-05    1.000000000000000   0.0000000000000000
         ks_80                      372.4649640000000    1.000000000000000   0.0000000000000000
         ks_81                      9.134729200000000e-05    1.000000000000000   0.0000000000000000
         ks_82                      500.0000000000000    1.000000000000000   0.0000000000000000
         ks_83                      6.790848434522000    1.000000000000000   0.0000000000000000
         ks_84                      9.026970310000000e-05    1.000000000000000   0.0000000000000000
         ks_85                      1.444866010000000e-05    1.000000000000000   0.0000000000000000
         ks_86                      0.0001418541480000000    1.000000000000000   0.0000000000000000
         ks_87                      500.0000000000000    1.000000000000000   0.0000000000000000
         ks_88                      155.7258640000000    1.000000000000000   0.0000000000000000
         ks_89                      9.387823270000000e-05    1.000000000000000   0.0000000000000000
          ks_9                      5.988213114540000    1.000000000000000   0.0000000000000000
         ks_90                      4.646766088808000    1.000000000000000   0.0000000000000000
         ks_91                      14.88560907483000    1.000000000000000   0.0000000000000000
         ks_92                      0.0001209459170000000    1.000000000000000   0.0000000000000000
         ks_93                      40.30222479704000    1.000000000000000   0.0000000000000000
         ks_94                      1.006588430000000e-05    1.000000000000000   0.0000000000000000
         ks_95                      0.0001240620310000000    1.000000000000000   0.0000000000000000
         ks_96                      0.0001837051560000000    1.000000000000000   0.0000000000000000
         ks_97                      3.076532360000000e-05    1.000000000000000   0.0000000000000000
         ks_98                      0.0001354471600000000    1.000000000000000   0.0000000000000000
         ks_99                      0.0001123240560000000    1.000000000000000   0.0000000000000000
    lak_cond_1                      1.000000000000000    1.000000000000000   0.0000000000000000
   lak_cond_12                      1.028220059832796    1.000000000000000   0.0000000000000000
    lak_cond_2                      1.000000000000000    1.000000000000000   0.0000000000000000
         pet_1                      9.500000000000001e-05    1.000000000000000   0.0000000000000000
 pond_recharge                      36545.02908788739    1.000000000000000   0.0000000000000000
       sfr_k_1                      0.04535964054100000    1.000000000000000   0.0000000000000000
      sfr_k_10                      0.1145283019588700    1.000000000000000   0.0000000000000000
      sfr_k_11                      0.2276199953353460    1.000000000000000   0.0000000000000000
      sfr_k_12                      1.348493516426051    1.000000000000000   0.0000000000000000
      sfr_k_13                      0.09992173964316700    1.000000000000000   0.0000000000000000
      sfr_k_14                      0.1740883539721640    1.000000000000000   0.0000000000000000
      sfr_k_15                      0.1221070745761360    1.000000000000000   0.0000000000000000
      sfr_k_16                      0.3160063076397150    1.000000000000000   0.0000000000000000
      sfr_k_17                      0.1262054313879450    1.000000000000000   0.0000000000000000
      sfr_k_18                      0.1556152445848190    1.000000000000000   0.0000000000000000
      sfr_k_19                      0.1073567111014020    1.000000000000000   0.0000000000000000
       sfr_k_2                      0.1113033498827700    1.000000000000000   0.0000000000000000
      sfr_k_20                      0.1046519992788320    1.000000000000000   0.0000000000000000
      sfr_k_21                      0.1326102407259430    1.000000000000000   0.0000000000000000
      sfr_k_22                      0.1242126243011490    1.000000000000000   0.0000000000000000
       sfr_k_3                      0.09253991988743999    1.000000000000000   0.0000000000000000
       sfr_k_4                      0.02719890904308000    1.000000000000000   0.0000000000000000
       sfr_k_5                      0.2087636196714200    1.000000000000000   0.0000000000000000
       sfr_k_6                      0.6042203558945500    1.000000000000000   0.0000000000000000
       sfr_k_7                      0.2546287877821000    1.000000000000000   0.0000000000000000
       sfr_k_8                      0.3012967952581500    1.000000000000000   0.0000000000000000
       sfr_k_9                      0.1761860103681500    1.000000000000000   0.0000000000000000
     spill_447                      185.0000000000000    1.000000000000000   0.0000000000000000
     spill_449                      147.0000000000000    1.000000000000000   0.0000000000000000
     spill_688                      8.230000000000000    1.000000000000000   0.0000000000000000
     surfk_1_1                      0.0002797132667094000    1.000000000000000   0.0000000000000000
    surfk_1_10                      0.0002797696501538100    1.000000000000000   0.0000000000000000
    surfk_1_11                      0.0002674997079229300    1.000000000000000   0.0000000000000000
    surfk_1_12                      0.0002683071567533600    1.000000000000000   0.0000000000000000
    surfk_1_13                      0.0002696818280514000    1.000000000000000   0.0000000000000000
    surfk_1_14                      0.0002678447069438500    1.000000000000000   0.0000000000000000
    surfk_1_15                      0.0002479685649343100    1.000000000000000   0.0000000000000000
    surfk_1_16                      0.0002965632075393200    1.000000000000000   0.0000000000000000
    surfk_1_17                      0.0002688646502367200    1.000000000000000   0.0000000000000000
    surfk_1_18                      0.0003862070291299600    1.000000000000000   0.0000000000000000
    surfk_1_19                      0.0002668399198945200    1.000000000000000   0.0000000000000000
     surfk_1_2                      0.0002787014243472000    1.000000000000000   0.0000000000000000
    surfk_1_21                      0.0003208150603427800    1.000000000000000   0.0000000000000000
     surfk_1_3                      0.0002555161261357000    1.000000000000000   0.0000000000000000
     surfk_1_4                      0.0004597026787605000    1.000000000000000   0.0000000000000000
     surfk_1_5                      0.0004206480429290000    1.000000000000000   0.0000000000000000
     surfk_1_6                      0.0002543157646758000    1.000000000000000   0.0000000000000000
     surfk_1_8                      0.0002658278755918000    1.000000000000000   0.0000000000000000
     surfk_1_9                      0.0002664591959042000    1.000000000000000   0.0000000000000000
     surfk_2_1                      0.0005245035512378000    1.000000000000000   0.0000000000000000
    surfk_2_10                      0.0002710288996142100    1.000000000000000   0.0000000000000000
    surfk_2_11                      0.0002490035046374000    1.000000000000000   0.0000000000000000
    surfk_2_12                      0.0002270594294776500    1.000000000000000   0.0000000000000000
    surfk_2_14                      0.0001541160539221000    1.000000000000000   0.0000000000000000
    surfk_2_15                      0.0001776248248515700    1.000000000000000   0.0000000000000000
    surfk_2_16                      0.0001620637527492400    1.000000000000000   0.0000000000000000
    surfk_2_17                      0.0001736724607743000    1.000000000000000   0.0000000000000000
    surfk_2_18                      0.0002200561882291200    1.000000000000000   0.0000000000000000
    surfk_2_19                      0.0001674354565867400    1.000000000000000   0.0000000000000000
     surfk_2_2                      0.0001140960169811000    1.000000000000000   0.0000000000000000
    surfk_2_20                      0.0008255175421433500    1.000000000000000   0.0000000000000000
    surfk_2_21                      0.0002038199241050100    1.000000000000000   0.0000000000000000
    surfk_2_22                      0.0001620994234440400    1.000000000000000   0.0000000000000000
     surfk_2_3                      0.0001059702641672000    1.000000000000000   0.0000000000000000
     surfk_2_4                      0.0002841324619817000    1.000000000000000   0.0000000000000000
     surfk_2_5                      0.0003301055157329000    1.000000000000000   0.0000000000000000
     surfk_2_6                      0.0001652633283817000    1.000000000000000   0.0000000000000000
     surfk_2_7                      0.0003165486818457000    1.000000000000000   0.0000000000000000
     surfk_2_8                      0.0003277774939494000    1.000000000000000   0.0000000000000000
     surfk_2_9                      0.0002791225797663000    1.000000000000000   0.0000000000000000
     surfk_3_1                      3.096141088138000e-08    1.000000000000000   0.0000000000000000
    surfk_3_10                      3.174089587075700e-08    1.000000000000000   0.0000000000000000
    surfk_3_11                      3.132364944695800e-08    1.000000000000000   0.0000000000000000
    surfk_3_12                      3.303203192029000e-08    1.000000000000000   0.0000000000000000
    surfk_3_13                      3.119504655551800e-08    1.000000000000000   0.0000000000000000
    surfk_3_14                      3.207011496079700e-08    1.000000000000000   0.0000000000000000
    surfk_3_15                      3.269079587311500e-08    1.000000000000000   0.0000000000000000
    surfk_3_16                      1.129437840619500e-07    1.000000000000000   0.0000000000000000
    surfk_3_17                      3.319253799277600e-08    1.000000000000000   0.0000000000000000
    surfk_3_18                      3.043662282874400e-08    1.000000000000000   0.0000000000000000
    surfk_3_19                      3.119504656820400e-08    1.000000000000000   0.0000000000000000
     surfk_3_2                      3.251123717809000e-08    1.000000000000000   0.0000000000000000
    surfk_3_20                      1.128360262420200e-07    1.000000000000000   0.0000000000000000
    surfk_3_21                      3.175969471661800e-08    1.000000000000000   0.0000000000000000
    surfk_3_22                      2.530069124883000e-08    1.000000000000000   0.0000000000000000
     surfk_3_3                      3.099361809268000e-08    1.000000000000000   0.0000000000000000
     surfk_3_4                      3.099361804385000e-08    1.000000000000000   0.0000000000000000
     surfk_3_5                      3.168805044493000e-08    1.000000000000000   0.0000000000000000
     surfk_3_6                      1.021692376736000e-07    1.000000000000000   0.0000000000000000
     surfk_3_7                      3.099361809517000e-08    1.000000000000000   0.0000000000000000
     surfk_3_8                      3.119504635236000e-08    1.000000000000000   0.0000000000000000
     surfk_3_9                      3.162221729747000e-08    1.000000000000000   0.0000000000000000
   vka_ratio_1                      0.03842815480520450    1.000000000000000   0.0000000000000000
   vka_ratio_2                      0.1134636411255986    1.000000000000000   0.0000000000000000
   vka_ratio_3                      0.0006521293975024050    1.000000000000000   0.0000000000000000
       vks_1_1                      0.0002510000000000000    1.000000000000000   0.0000000000000000
      vks_1_10                      0.0002510000000000000    1.000000000000000   0.0000000000000000
      vks_1_11                      0.0002510000000000000    1.000000000000000   0.0000000000000000
      vks_1_12                      0.0002510000000000000    1.000000000000000   0.0000000000000000
      vks_1_13                      0.0002510000000000000    1.000000000000000   0.0000000000000000
      vks_1_14                      0.0002510000000000000    1.000000000000000   0.0000000000000000
      vks_1_15                      0.0002510000000000000    1.000000000000000   0.0000000000000000
      vks_1_16                      0.0002510000000000000    1.000000000000000   0.0000000000000000
      vks_1_17                      0.0002510000000000000    1.000000000000000   0.0000000000000000
      vks_1_18                      0.0002510000000000000    1.000000000000000   0.0000000000000000
      vks_1_19                      0.0002510000000000000    1.000000000000000   0.0000000000000000
       vks_1_2                      0.0002510000000000000    1.000000000000000   0.0000000000000000
      vks_1_21                      0.0002510000000000000    1.000000000000000   0.0000000000000000
       vks_1_3                      0.0002510000000000000    1.000000000000000   0.0000000000000000
       vks_1_4                      0.0003980000000000000    1.000000000000000   0.0000000000000000
       vks_1_5                      0.0003980000000000000    1.000000000000000   0.0000000000000000
       vks_1_6                      0.0002510000000000000    1.000000000000000   0.0000000000000000
       vks_1_8                      0.0002510000000000000    1.000000000000000   0.0000000000000000
       vks_1_9                      0.0002510000000000000    1.000000000000000   0.0000000000000000
       vks_2_1                      0.0002510000000000000    1.000000000000000   0.0000000000000000
      vks_2_10                      0.0002510000000000000    1.000000000000000   0.0000000000000000
      vks_2_11                      0.0002510000000000000    1.000000000000000   0.0000000000000000
      vks_2_12                      0.0002510000000000000    1.000000000000000   0.0000000000000000
      vks_2_14                      0.0001580000000000000    1.000000000000000   0.0000000000000000
      vks_2_15                      0.0001580000000000000    1.000000000000000   0.0000000000000000
      vks_2_16                      0.0001580000000000000    1.000000000000000   0.0000000000000000
      vks_2_17                      0.0001580000000000000    1.000000000000000   0.0000000000000000
      vks_2_18                      0.0001580000000000000    1.000000000000000   0.0000000000000000
      vks_2_19                      0.0001580000000000000    1.000000000000000   0.0000000000000000
       vks_2_2                      0.0001000000000000000    1.000000000000000   0.0000000000000000
      vks_2_20                      0.0006310000000000001    1.000000000000000   0.0000000000000000
      vks_2_21                      0.0001580000000000000    1.000000000000000   0.0000000000000000
      vks_2_22                      0.0001580000000000000    1.000000000000000   0.0000000000000000
       vks_2_3                      0.0001000000000000000    1.000000000000000   0.0000000000000000
       vks_2_4                      0.0002510000000000000    1.000000000000000   0.0000000000000000
       vks_2_5                      0.0002510000000000000    1.000000000000000   0.0000000000000000
       vks_2_6                      0.0001580000000000000    1.000000000000000   0.0000000000000000
       vks_2_7                      0.0002510000000000000    1.000000000000000   0.0000000000000000
       vks_2_8                      0.0002510000000000000    1.000000000000000   0.0000000000000000
       vks_2_9                      0.0002510000000000000    1.000000000000000   0.0000000000000000
       vks_3_1                      3.020000000000000e-08    1.000000000000000   0.0000000000000000
      vks_3_10                      3.090000000000000e-08    1.000000000000000   0.0000000000000000
      vks_3_11                      3.090000000000000e-08    1.000000000000000   0.0000000000000000
      vks_3_12                      3.090000000000000e-08    1.000000000000000   0.0000000000000000
      vks_3_13                      3.090000000000000e-08    1.000000000000000   0.0000000000000000
      vks_3_14                      3.090000000000000e-08    1.000000000000000   0.0000000000000000
      vks_3_15                      3.090000000000000e-08    1.000000000000000   0.0000000000000000
      vks_3_16                      1.000000000000000e-07    1.000000000000000   0.0000000000000000
      vks_3_17                      3.090000000000000e-08    1.000000000000000   0.0000000000000000
      vks_3_18                      3.090000000000000e-08    1.000000000000000   0.0000000000000000
      vks_3_19                      3.090000000000000e-08    1.000000000000000   0.0000000000000000
       vks_3_2                      3.090000000000000e-08    1.000000000000000   0.0000000000000000
      vks_3_20                      1.150000000000000e-07    1.000000000000000   0.0000000000000000
      vks_3_21                      3.090000000000000e-08    1.000000000000000   0.0000000000000000
      vks_3_22                      3.090000000000000e-08    1.000000000000000   0.0000000000000000
       vks_3_3                      3.090000000000000e-08    1.000000000000000   0.0000000000000000
       vks_3_4                      3.090000000000000e-08    1.000000000000000   0.0000000000000000
       vks_3_5                      3.090000000000000e-08    1.000000000000000   0.0000000000000000
       vks_3_6                      1.000000000000000e-07    1.000000000000000   0.0000000000000000
       vks_3_7                      3.090000000000000e-08    1.000000000000000   0.0000000000000000
       vks_3_8                      3.090000000000000e-08    1.000000000000000   0.0000000000000000
       vks_3_9                      3.090000000000000e-08    1.000000000000000   0.0000000000000000
