1
1
0.100000009
0.100000009
0.092000008
0.100000024
0.100000009
0.100000024
0.099999987
0.100000024
0.100000016
0.100000016
0.100000009
0.100000009
0.100000001
0.098876417
0.099999987
0.100000009
0.100000009
0.100000009
0.099999994
0.100000024
0.100000016
0.099664442
5.825136662
5.975308418
6
6
5.968503952
6
0
5.959731579
6
5.802469254
6
5.9069767
6
2.051948071
6
2.050632954
6
6
5.975903511
5.94594574
2
6
6
2
5.840000153
2
5.967999935
2.029411793
0.0002
6
0.0002
0.018378187
0.981821775
0.0002
0.0002
0.0002
6
0.0002
6
1
6
5.990196705
6
0.038653851
6
6
5.968505383
0.0002
6
0.0002
1
6
0.021701079
1.031915545
6
1
0.268847704
1
5.583333492
0.165332079
1
6
0.0002
1
6
0.182009071
0.023656521
0.988237619
6
0.0001
0.0001
0.0001
0.0001
0.0001
0.0001
0.0001
0.0001
0.0001
0.0001
6
0.0001
6
6
0.0001
0.0001
0.0001
5.856115341
5.782608509
0.0001
5.809523582
5.620438099
0.0001
0.0001
0.0001
0.0001
0.0001
0.0001
0.0001
0.0001
0.0001
0.0001
0.0001
0.0001
0.0001
0.0001
0.0001
0.0001
6
6
6
6
6
6
5.894736767
5.724137783
2.133333445
6
2
5.85185194
6
2.1860466
5.840000153
5.945205688
2.117647171
5.974999905
6
2.065573692
5.880597115
6
2
0.0002
0.0002
0.0002
0.029605886
0.0002
0.0002
0.002
5.970238209
0.0002
4.500050068
0.0002
0.0002
0.002
1
6
6
6
6
0.0002
5.923077106
6
6
6
6
0.0002
0.068533339
0.996310651
0.454654515
0.057880774
0.112888888
0.986543834
0.251350015
0.066973351
0.051899992
1
0.015348487
0.051629998
0.98537755
0.0002
0.002
1
0.019064154
0.019266436
6
0.125174999
0.004419465
1
0.0002
0.984618425
0.0002
1.004896164
6
1
0.0001
0.0001
0.0001
0.0001
0.0001
0.0001
0.0001
0.0001
0.0001
0.0001
0.0001
0.0001
0.0001
0.0001
0.0001
0.0001
0.0001
0.0001
0.0001
0.0001
0.0001
0.0001
0.0001
0.0001
0.0001
0.0001
0.0001
0.0001
0.0001
0.0001
0.0001
0.0001
0.0001
0.0001
0.0001
0.0001
0.0001
0.0001
0.0001
0.0001
0.0001
0.0001
0.0001
0.0001
0.0001
0.0001
0.0001
0.0001
0.0001
9.95E-05
0.1
0.1
0.1
0.079999991
0.0004
0.0004
0.0004
0.0004
0.0004
0.009999998
0.009999999
0.0004
0.0004
0.0004
0.0004
0.0004
0.0004
0.004000001
0.004
0.0004
0.0004
0.0004
0.029999997
0.0002
0.0002
0.0002
0.0002
0.019999996
0.019999996
0.0002
0.0002
0.0002
0.0002
0.0002
0.0002
0.0002
0.0002
0.003
0.003
0.0002
0.0002
0.0002
0.0002
0.001
3.00E-08
3.00E-08
3.00E-08
3.00E-08
3.00E-08
1.00E-07
1.00E-07
3.00E-08
3.00E-08
3.00E-08
3.00E-08
3.00E-08
3.00E-08
3.00E-08
3.00E-08
0.0003
0.0003
3.00E-08
3.00E-08
3.00E-08
3.00E-08
0.079999991
0.0004
0.0004
0.0004
0.0004
0.0004
0.009999998
0.009999999
0.0004
0.0004
0.0004
0.0004
0.0004
0.0004
0.004000001
0.004
0.0004
0.0004
0.0004
0.029999997
0.0002
0.0002
0.0002
0.0002
0.019999996
0.019999996
0.0002
0.0002
0.0002
0.0002
0.0002
0.0002
0.0002
0.0002
0.003
0.003
0.0002
0.0002
0.0002
0.0002
0.001
3.00E-08
3.00E-08
3.00E-08
3.00E-08
3.00E-08
1.00E-07
1.00E-07
3.00E-08
3.00E-08
3.00E-08
3.00E-08
3.00E-08
3.00E-08
3.00E-08
3.00E-08
0.0003
0.0003
3.00E-08
3.00E-08
3.00E-08
3.00E-08
0.533499998
0.555499996
0.550000005
0.439999998
0.439999998
0.495000001
0.55
0.550000001
0.549999997
0.549999997
0.55
0.549999998
0.550000006
0.549999999
0.550000011
0.550000011
0.550000011
0.550000011
0.550000002
0.550000001
0.550000001
0.549999999
9.50E-05
188.06
157.19