95.835
256.182
53.041
37.047
1.246
23.988
49.677
120.810
44.265
38.786
31.715
27.797
14.669
290.632
47.005
55.074
10.099
49.691
43.938
25.268
24.248
21.062
20.715
20.664
20.733
20.278
21.967
18.726
25.584
49.811
72.915
51.806
47.167
51.234
9.357
22.866
126.311
132.653
65.180
61.968
80.200
49.169
44.999
52.901
91.989
99.564
215.278
52.950
53.076
87.276
64.672
84.550
62.147
80.499
51.408
55.028
48.158
51.493
51.814
52.647
58.288
56.627
355.378
146.989
280.098
150.447
150.765
148.743
148.743
515.218
249.841
279.021
238.481
237.368
259.404
233.600
231.144
230.205
251.950
230.146
219.942
219.162
220.371
208.338
214.858
202.223
201.243
201.151
196.647
196.775
194.482
195.133
182.292
173.029
171.383
158.177
160.925
163.856
195.208
167.040
167.093
179.365
182.856
183.232
177.013
180.013
175.958
177.527
177.939
177.488
177.803
181.262
177.042
249.499
243.214
239.529
230.473
230.284
292.453
254.039
252.677
246.553
285.544
237.692
235.264
221.797
219.322
246.820
208.654
228.919
216.883
240.845
240.352
212.310
223.263
239.806
216.445
218.470
216.903
235.794
241.331
243.293
220.267
220.055
253.619
253.766
214.652
217.734
228.905
230.661
189.641
186.908
190.467
190.467
190.467
190.467
217.214
217.214
217.214
320.046
221.635
213.463
213.959
232.565
219.345
288.849
274.321
288.702
288.410
427670.000
765660.000
760830.000
1449100.000
1695400.000
2267000.000
67907.000
392620.000
2952800.000
3096200.000
192060.000
3480600.000
3492300.000
208620.000
254230.000
453400.000
4008200.000
4847600.000
4923400.000
394970.000
81059.800
375036.300
349587.700
499680.780
560987.040
559681.620
-30850.000
11064.000
581817.220
570858.220
-2335.700
572029.220
583729.220
-529865.200
-524325.700
-483672.400
102229.920
722209.420
725038.020
8783.000
66144.426
