single point
        finf_1                      0.4830353000000000    1.000000000000000   0.0000000000000000
       finf_10                      0.4725046550000000    1.000000000000000   0.0000000000000000
       finf_11                      0.4725046520000000    1.000000000000000   0.0000000000000000
       finf_12                      0.4725046520000000    1.000000000000000   0.0000000000000000
       finf_13                      0.4725046250000000    1.000000000000000   0.0000000000000000
       finf_14                      0.4830353020000000    1.000000000000000   0.0000000000000000
       finf_15                      0.4830353000000000    1.000000000000000   0.0000000000000000
       finf_16                      0.4830353000000000    1.000000000000000   0.0000000000000000
       finf_17                      0.4830352960000000    1.000000000000000   0.0000000000000000
       finf_18                      0.4830353000000000    1.000000000000000   0.0000000000000000
       finf_19                      0.4830353020000000    1.000000000000000   0.0000000000000000
        finf_2                      0.4830352990000000    1.000000000000000   0.0000000000000000
       finf_20                      0.5284619410000000    1.000000000000000   0.0000000000000000
       finf_21                      0.4830353010000000    1.000000000000000   0.0000000000000000
       finf_22                      0.4830353040000000    1.000000000000000   0.0000000000000000
        finf_3                      0.4830353050000000    1.000000000000000   0.0000000000000000
        finf_4                      0.4105800060000000    1.000000000000000   0.0000000000000000
        finf_5                      0.4105800060000000    1.000000000000000   0.0000000000000000
        finf_6                      0.4830352990000000    1.000000000000000   0.0000000000000000
        finf_7                      0.4725046530000000    1.000000000000000   0.0000000000000000
        finf_8                      0.4725046500000000    1.000000000000000   0.0000000000000000
        finf_9                      0.4725046480000000    1.000000000000000   0.0000000000000000
          ks_1                      18.19201987790000    1.000000000000000   0.0000000000000000
         ks_10                      1.836930881627000    1.000000000000000   0.0000000000000000
        ks_100                      0.0004539478717000000    1.000000000000000   0.0000000000000000
        ks_101                      0.0006924330010000000    1.000000000000000   0.0000000000000000
        ks_102                      7.586294743000000e-05    1.000000000000000   0.0000000000000000
        ks_103                      0.0003412876611000000    1.000000000000000   0.0000000000000000
        ks_104                      9.680000000000000e-06    1.000000000000000   0.0000000000000000
        ks_105                      9.780000014000001e-06    1.000000000000000   0.0000000000000000
        ks_106                      0.0001450010000000000    1.000000000000000   0.0000000000000000
        ks_107                      0.0002525390538000000    1.000000000000000   0.0000000000000000
        ks_108                      4.429655221028500    1.000000000000000   0.0000000000000000
        ks_109                      7.361184723246900    1.000000000000000   0.0000000000000000
         ks_11                      0.6729024537590000    1.000000000000000   0.0000000000000000
        ks_110                      3.575959844946700    1.000000000000000   0.0000000000000000
        ks_111                      8.365720529336899    1.000000000000000   0.0000000000000000
        ks_112                      2.023924900086600    1.000000000000000   0.0000000000000000
        ks_113                      0.06341974111120000    1.000000000000000   0.0000000000000000
        ks_114                      9.995988757561600    1.000000000000000   0.0000000000000000
        ks_115                      6.852663216864800    1.000000000000000   0.0000000000000000
        ks_116                      0.3878556940767000    1.000000000000000   0.0000000000000000
        ks_117                      13.88708021391200    1.000000000000000   0.0000000000000000
        ks_118                      1.990370048232100    1.000000000000000   0.0000000000000000
        ks_119                      10.70294348174900    1.000000000000000   0.0000000000000000
         ks_12                      9.269048293860999    1.000000000000000   0.0000000000000000
        ks_120                      0.1099749832777000    1.000000000000000   0.0000000000000000
        ks_121                      2.353587908444700    1.000000000000000   0.0000000000000000
        ks_122                      44.85047415322900    1.000000000000000   0.0000000000000000
        ks_123                      8.014984383820000    1.000000000000000   0.0000000000000000
        ks_124                      2.123296582241600    1.000000000000000   0.0000000000000000
        ks_125                      33.64442302285500    1.000000000000000   0.0000000000000000
        ks_126                      378.6203626000000    1.000000000000000   0.0000000000000000
        ks_127                      1.086564000526400    1.000000000000000   0.0000000000000000
        ks_128                      5.382937303362100    1.000000000000000   0.0000000000000000
        ks_129                      6.384158660647400    1.000000000000000   0.0000000000000000
         ks_13                      0.7669857391579999    1.000000000000000   0.0000000000000000
        ks_130                      1.404950774598400    1.000000000000000   0.0000000000000000
        ks_131                      0.0002010100000000000    1.000000000000000   0.0000000000000000
        ks_132                      0.0001989960001000000    1.000000000000000   0.0000000000000000
        ks_133                      0.0002007800000000000    1.000000000000000   0.0000000000000000
        ks_134                      0.02720134979510000    1.000000000000000   0.0000000000000000
        ks_135                      0.0001585250000000000    1.000000000000000   0.0000000000000000
        ks_136                      0.0003738716008000000    1.000000000000000   0.0000000000000000
        ks_137                      0.003858745910000000    1.000000000000000   0.0000000000000000
        ks_138                      6.740162666073300    1.000000000000000   0.0000000000000000
        ks_139                      0.0002285830000000000    1.000000000000000   0.0000000000000000
         ks_14                      4.284575410607000    1.000000000000000   0.0000000000000000
        ks_140                      14.55208780251600    1.000000000000000   0.0000000000000000
        ks_141                      0.0001982550000000000    1.000000000000000   0.0000000000000000
        ks_142                      0.0001996620000000000    1.000000000000000   0.0000000000000000
        ks_143                      0.001389254000000000    1.000000000000000   0.0000000000000000
        ks_144                      1.066498759033600    1.000000000000000   0.0000000000000000
        ks_145                      29.29762592823100    1.000000000000000   0.0000000000000000
        ks_146                      5.899853775453600    1.000000000000000   0.0000000000000000
        ks_147                      2.249156085140900    1.000000000000000   0.0000000000000000
        ks_148                      6.135383761221500    1.000000000000000   0.0000000000000000
        ks_149                      0.0002656990000000000    1.000000000000000   0.0000000000000000
         ks_15                      1.330264742333000    1.000000000000000   0.0000000000000000
        ks_150                      7.630136323895000    1.000000000000000   0.0000000000000000
        ks_151                      6.242377192906600    1.000000000000000   0.0000000000000000
        ks_152                      0.1255611814425000    1.000000000000000   0.0000000000000000
        ks_153                      48.56184826343000    1.000000000000000   0.0000000000000000
        ks_154                      58.95649258701600    1.000000000000000   0.0000000000000000
        ks_155                      0.0001750343343000000    1.000000000000000   0.0000000000000000
        ks_156                      0.2009156280505000    1.000000000000000   0.0000000000000000
        ks_157                      0.1720654090484000    1.000000000000000   0.0000000000000000
        ks_158                      0.6372472470746000    1.000000000000000   0.0000000000000000
        ks_159                      0.02637388268540000    1.000000000000000   0.0000000000000000
         ks_16                      155.6530100000000    1.000000000000000   0.0000000000000000
        ks_160                      1.121715909161300    1.000000000000000   0.0000000000000000
        ks_161                      500.0000000000000    1.000000000000000   0.0000000000000000
        ks_162                      0.1953484090597000    1.000000000000000   0.0000000000000000
        ks_163                      0.06981043343560001    1.000000000000000   0.0000000000000000
        ks_164                      0.05635743729700000    1.000000000000000   0.0000000000000000
        ks_165                      7.599866627000000    1.000000000000000   0.0000000000000000
        ks_166                      0.01561205198080000    1.000000000000000   0.0000000000000000
        ks_167                      0.02537541631770000    1.000000000000000   0.0000000000000000
        ks_168                      0.04348762704110000    1.000000000000000   0.0000000000000000
        ks_169                      0.0002298280220000000    1.000000000000000   0.0000000000000000
         ks_17                      1.805655868135000    1.000000000000000   0.0000000000000000
        ks_170                      0.001511799988000000    1.000000000000000   0.0000000000000000
        ks_171                      0.6599256263887000    1.000000000000000   0.0000000000000000
        ks_172                      0.02033765249510000    1.000000000000000   0.0000000000000000
        ks_173                      0.01108876178270000    1.000000000000000   0.0000000000000000
        ks_174                      6.055532626000000    1.000000000000000   0.0000000000000000
        ks_175                      0.1293499547025000    1.000000000000000   0.0000000000000000
        ks_176                      0.002733410118000000    1.000000000000000   0.0000000000000000
        ks_177                      1.156359400813300    1.000000000000000   0.0000000000000000
        ks_178                      0.0002002370000000000    1.000000000000000   0.0000000000000000
        ks_179                      0.2729793727690000    1.000000000000000   0.0000000000000000
         ks_18                      2.399218504254000    1.000000000000000   0.0000000000000000
        ks_180                      1.860000000000000e-05    1.000000000000000   0.0000000000000000
        ks_181                      0.01232586387680000    1.000000000000000   0.0000000000000000
        ks_182                      5.241527535141300    1.000000000000000   0.0000000000000000
        ks_183                      0.9962278069989000    1.000000000000000   0.0000000000000000
        ks_184                      0.0003338852799000000    1.000000000000000   0.0000000000000000
        ks_185                      9.540000000000000e-05    1.000000000000000   0.0000000000000000
        ks_186                      9.810000000000000e-05    1.000000000000000   0.0000000000000000
        ks_187                      0.0002085058975000000    1.000000000000000   0.0000000000000000
        ks_188                      0.0003528430123000000    1.000000000000000   0.0000000000000000
        ks_189                      0.0001146782013000000    1.000000000000000   0.0000000000000000
         ks_19                      45.95407435127000    1.000000000000000   0.0000000000000000
        ks_190                      9.629999999999999e-06    1.000000000000000   0.0000000000000000
        ks_191                      0.0001008020000000000    1.000000000000000   0.0000000000000000
        ks_192                      0.0001215430000000000    1.000000000000000   0.0000000000000000
        ks_193                      0.001483414860000000    1.000000000000000   0.0000000000000000
        ks_194                      9.560000000000000e-06    1.000000000000000   0.0000000000000000
        ks_195                      0.0006734530000000000    1.000000000000000   0.0000000000000000
        ks_196                      9.590000000000000e-06    1.000000000000000   0.0000000000000000
        ks_197                      8.180210006000000e-05    1.000000000000000   0.0000000000000000
        ks_198                      0.0001742563995000000    1.000000000000000   0.0000000000000000
        ks_199                      1.080000000000000e-05    1.000000000000000   0.0000000000000000
          ks_2                      0.02496046175000000    1.000000000000000   0.0000000000000000
         ks_20                      3.269210799196000    1.000000000000000   0.0000000000000000
        ks_200                      9.650000000000001e-06    1.000000000000000   0.0000000000000000
        ks_201                      9.560000000000000e-06    1.000000000000000   0.0000000000000000
        ks_202                      0.0001013180000000000    1.000000000000000   0.0000000000000000
        ks_203                      0.0001136310000000000    1.000000000000000   0.0000000000000000
        ks_204                      9.950000000000001e-05    1.000000000000000   0.0000000000000000
        ks_205                      0.0001034739999000000    1.000000000000000   0.0000000000000000
        ks_206                      9.619999999999999e-06    1.000000000000000   0.0000000000000000
        ks_207                      0.0001016799963000000    1.000000000000000   0.0000000000000000
        ks_208                      1.299999846000000e-05    1.000000000000000   0.0000000000000000
        ks_209                      0.0002676636203000000    1.000000000000000   0.0000000000000000
         ks_21                      1.008358788553000    1.000000000000000   0.0000000000000000
        ks_210                      8.670000000000001e-05    1.000000000000000   0.0000000000000000
        ks_211                      8.800000000000000e-05    1.000000000000000   0.0000000000000000
        ks_212                      7.446276251000000e-05    1.000000000000000   0.0000000000000000
        ks_213                      9.550000000000000e-05    1.000000000000000   0.0000000000000000
        ks_214                      9.910000000000000e-05    1.000000000000000   0.0000000000000000
        ks_215                      9.800000000000000e-05    1.000000000000000   0.0000000000000000
        ks_216                      9.986703971000000e-05    1.000000000000000   0.0000000000000000
        ks_217                      3.114595250000000e-05    1.000000000000000   0.0000000000000000
        ks_218                      5.160000000000000e-05    1.000000000000000   0.0000000000000000
        ks_219                      0.0001037070000000000    1.000000000000000   0.0000000000000000
         ks_22                      0.4912248361800000    1.000000000000000   0.0000000000000000
        ks_220                      9.210000000000000e-05    1.000000000000000   0.0000000000000000
        ks_221                      0.0001247830000000000    1.000000000000000   0.0000000000000000
        ks_222                      0.0001050810000000000    1.000000000000000   0.0000000000000000
        ks_223                      0.0001010774362000000    1.000000000000000   0.0000000000000000
        ks_224                      9.969189552000000e-05    1.000000000000000   0.0000000000000000
        ks_225                      9.779999997000000e-06    1.000000000000000   0.0000000000000000
        ks_226                      0.0001023295226000000    1.000000000000000   0.0000000000000000
        ks_227                      8.650000000000000e-05    1.000000000000000   0.0000000000000000
        ks_228                      6.246319957000000e-05    1.000000000000000   0.0000000000000000
        ks_229                      0.0003959984505000000    1.000000000000000   0.0000000000000000
         ks_23                      427.6580400000000    1.000000000000000   0.0000000000000000
        ks_230                      6.331582469000000e-06    1.000000000000000   0.0000000000000000
        ks_231                      3.204791561000000e-05    1.000000000000000   0.0000000000000000
        ks_232                      0.0003536530000000000    1.000000000000000   0.0000000000000000
        ks_233                      5.711493757000000e-05    1.000000000000000   0.0000000000000000
         ks_24                      0.04984865881100000    1.000000000000000   0.0000000000000000
         ks_25                      0.09273313840100000    1.000000000000000   0.0000000000000000
         ks_26                      5000.000000000000    1.000000000000000   0.0000000000000000
         ks_27                      0.2056497411350000    1.000000000000000   0.0000000000000000
         ks_28                      0.3534918749040000    1.000000000000000   0.0000000000000000
         ks_29                      2.972294826965000    1.000000000000000   0.0000000000000000
          ks_3                      0.7829926793500001    1.000000000000000   0.0000000000000000
         ks_30                      9.690000000000000e-06    1.000000000000000   0.0000000000000000
         ks_31                      2.722216667136000    1.000000000000000   0.0000000000000000
         ks_32                      0.0001892891000000000    1.000000000000000   0.0000000000000000
         ks_33                      0.1025400476530000    1.000000000000000   0.0000000000000000
         ks_34                      51.84717188580000    1.000000000000000   0.0000000000000000
         ks_35                      0.0001811704080000000    1.000000000000000   0.0000000000000000
         ks_36                      0.0004840318270000000    1.000000000000000   0.0000000000000000
         ks_37                      0.0002071933690000000    1.000000000000000   0.0000000000000000
         ks_38                      0.01899862586800000    1.000000000000000   0.0000000000000000
         ks_39                      0.0001953660000000000    1.000000000000000   0.0000000000000000
          ks_4                      124.2592100000000    1.000000000000000   0.0000000000000000
         ks_40                      1.142924188994000    1.000000000000000   0.0000000000000000
         ks_41                      1.183715473389000    1.000000000000000   0.0000000000000000
         ks_42                      2.382479656841000    1.000000000000000   0.0000000000000000
         ks_43                      0.08003737355100000    1.000000000000000   0.0000000000000000
         ks_44                      0.6594618126090001    1.000000000000000   0.0000000000000000
         ks_45                      0.03045983883400000    1.000000000000000   0.0000000000000000
         ks_46                      0.1799974608070000    1.000000000000000   0.0000000000000000
         ks_47                      5.651516455149000    1.000000000000000   0.0000000000000000
         ks_48                      9.940250769704001    1.000000000000000   0.0000000000000000
         ks_49                      0.0001756837400000000    1.000000000000000   0.0000000000000000
          ks_5                      244.8650400000000    1.000000000000000   0.0000000000000000
         ks_50                      3.933565964084000    1.000000000000000   0.0000000000000000
         ks_51                      4.101501690000000e-05    1.000000000000000   0.0000000000000000
         ks_52                      0.003351840520000000    1.000000000000000   0.0000000000000000
         ks_53                      5.113386201798000    1.000000000000000   0.0000000000000000
         ks_54                      0.01855259935800000    1.000000000000000   0.0000000000000000
         ks_55                      4.330869507989000    1.000000000000000   0.0000000000000000
         ks_56                      74.17999791518000    1.000000000000000   0.0000000000000000
         ks_57                      5.035522475557000    1.000000000000000   0.0000000000000000
         ks_58                      0.3203401339920000    1.000000000000000   0.0000000000000000
         ks_59                      0.07691129194900000    1.000000000000000   0.0000000000000000
          ks_6                      210.4624700000000    1.000000000000000   0.0000000000000000
         ks_60                      4.623849654837000    1.000000000000000   0.0000000000000000
         ks_61                      0.02947026414600000    1.000000000000000   0.0000000000000000
         ks_62                      0.1944764399060000    1.000000000000000   0.0000000000000000
         ks_63                      10.93931959069000    1.000000000000000   0.0000000000000000
         ks_64                      0.0005697410000000000    1.000000000000000   0.0000000000000000
         ks_65                      0.001372210780000000    1.000000000000000   0.0000000000000000
         ks_66                      5.727971903661000    1.000000000000000   0.0000000000000000
         ks_67                      12.28881719928000    1.000000000000000   0.0000000000000000
         ks_68                      0.006401010760000000    1.000000000000000   0.0000000000000000
         ks_69                      0.7539838856910001    1.000000000000000   0.0000000000000000
          ks_7                      9.880000000000000e-06    1.000000000000000   0.0000000000000000
         ks_70                      3.883324382558000    1.000000000000000   0.0000000000000000
         ks_71                      9.670000000000001e-06    1.000000000000000   0.0000000000000000
         ks_72                      0.0001027891760000000    1.000000000000000   0.0000000000000000
         ks_73                      0.0001021956920000000    1.000000000000000   0.0000000000000000
         ks_74                      8.909205080000000e-05    1.000000000000000   0.0000000000000000
         ks_75                      9.623011950000000e-06    1.000000000000000   0.0000000000000000
         ks_76                      0.0001461017470000000    1.000000000000000   0.0000000000000000
         ks_77                      0.0001021420000000000    1.000000000000000   0.0000000000000000
         ks_78                      1.410011300000000e-05    1.000000000000000   0.0000000000000000
         ks_79                      9.609999999999999e-06    1.000000000000000   0.0000000000000000
          ks_8                      9.690000000000000e-06    1.000000000000000   0.0000000000000000
         ks_80                      210.8057580000000    1.000000000000000   0.0000000000000000
         ks_81                      8.460000000000000e-05    1.000000000000000   0.0000000000000000
         ks_82                      500.0000000000000    1.000000000000000   0.0000000000000000
         ks_83                      6.796501020905000    1.000000000000000   0.0000000000000000
         ks_84                      8.424669240000000e-05    1.000000000000000   0.0000000000000000
         ks_85                      1.250000000000000e-05    1.000000000000000   0.0000000000000000
         ks_86                      0.0001314940000000000    1.000000000000000   0.0000000000000000
         ks_87                      500.0000000000000    1.000000000000000   0.0000000000000000
         ks_88                      26.81600000000000    1.000000000000000   0.0000000000000000
         ks_89                      7.760000000000000e-05    1.000000000000000   0.0000000000000000
          ks_9                      1.973374979810000    1.000000000000000   0.0000000000000000
         ks_90                      4.645155789004000    1.000000000000000   0.0000000000000000
         ks_91                      14.98360000000000    1.000000000000000   0.0000000000000000
         ks_92                      0.0001139230000000000    1.000000000000000   0.0000000000000000
         ks_93                      0.1772334170100000    1.000000000000000   0.0000000000000000
         ks_94                      9.590000000000000e-06    1.000000000000000   0.0000000000000000
         ks_95                      9.990000000000000e-05    1.000000000000000   0.0000000000000000
         ks_96                      0.0001728000000000000    1.000000000000000   0.0000000000000000
         ks_97                      2.990017380000000e-05    1.000000000000000   0.0000000000000000
         ks_98                      0.0001085480000000000    1.000000000000000   0.0000000000000000
         ks_99                      0.0001064360000000000    1.000000000000000   0.0000000000000000
    lak_cond_1                      1.000000000000000    1.000000000000000   0.0000000000000000
   lak_cond_12                      1.029473147000000    1.000000000000000   0.0000000000000000
    lak_cond_2                      1.000000000000000    1.000000000000000   0.0000000000000000
         pet_1                      9.500000000000001e-05    1.000000000000000   0.0000000000000000
 pond_recharge                      22026.20000000000    1.000000000000000   0.0000000000000000
       sfr_k_1                      0.1378781013426700    1.000000000000000   0.0000000000000000
      sfr_k_10                      0.1105577482005960    1.000000000000000   0.0000000000000000
      sfr_k_11                      0.2113628655672380    1.000000000000000   0.0000000000000000
      sfr_k_12                      0.8849770000000000    1.000000000000000   0.0000000000000000
      sfr_k_13                      0.09961342768964200    1.000000000000000   0.0000000000000000
      sfr_k_14                      0.1755304004697540    1.000000000000000   0.0000000000000000
      sfr_k_15                      0.1241239360649760    1.000000000000000   0.0000000000000000
      sfr_k_16                      0.2962118396981760    1.000000000000000   0.0000000000000000
      sfr_k_17                      0.1140245915951700    1.000000000000000   0.0000000000000000
      sfr_k_18                      0.1292345175364110    1.000000000000000   0.0000000000000000
      sfr_k_19                      0.1035204362323310    1.000000000000000   0.0000000000000000
       sfr_k_2                      0.1237741869908500    1.000000000000000   0.0000000000000000
      sfr_k_20                      0.1039295944443620    1.000000000000000   0.0000000000000000
      sfr_k_21                      0.1586790153666580    1.000000000000000   0.0000000000000000
      sfr_k_22                      0.05214689156606800    1.000000000000000   0.0000000000000000
       sfr_k_3                      0.1650859346650100    1.000000000000000   0.0000000000000000
       sfr_k_4                      0.01004830154099000    1.000000000000000   0.0000000000000000
       sfr_k_5                      0.1933415518214500    1.000000000000000   0.0000000000000000
       sfr_k_6                      0.7102033985778200    1.000000000000000   0.0000000000000000
       sfr_k_7                      0.2550597967114000    1.000000000000000   0.0000000000000000
       sfr_k_8                      0.3040079778403000    1.000000000000000   0.0000000000000000
       sfr_k_9                      0.1827754829218200    1.000000000000000   0.0000000000000000
     spill_447                      185.0599976000000    1.000000000000000   0.0000000000000000
     spill_449                      146.6000061000000    1.000000000000000   0.0000000000000000
     spill_688                      8.230000000000000    1.000000000000000   0.0000000000000000
     surfk_1_1                      0.0002245978431024000    1.000000000000000   0.0000000000000000
    surfk_1_10                      0.0002531290022609200    1.000000000000000   0.0000000000000000
    surfk_1_11                      0.0002508901088649900    1.000000000000000   0.0000000000000000
    surfk_1_12                      0.0002508229999981900    1.000000000000000   0.0000000000000000
    surfk_1_13                      0.0002508890009133900    1.000000000000000   0.0000000000000000
    surfk_1_14                      0.0002508040000000000    1.000000000000000   0.0000000000000000
    surfk_1_15                      0.0002310289989767200    1.000000000000000   0.0000000000000000
    surfk_1_16                      0.0002275421656972500    1.000000000000000   0.0000000000000000
    surfk_1_17                      0.0002509190000000000    1.000000000000000   0.0000000000000000
    surfk_1_18                      0.0002896023770549300    1.000000000000000   0.0000000000000000
    surfk_1_19                      0.0002508610000000000    1.000000000000000   0.0000000000000000
     surfk_1_2                      0.0002251367581070000    1.000000000000000   0.0000000000000000
    surfk_1_21                      0.0002488300017482800    1.000000000000000   0.0000000000000000
     surfk_1_3                      0.0002320440000000000    1.000000000000000   0.0000000000000000
     surfk_1_4                      0.0003478670427752000    1.000000000000000   0.0000000000000000
     surfk_1_5                      0.0003456438268916000    1.000000000000000   0.0000000000000000
     surfk_1_6                      0.0002305080000184000    1.000000000000000   0.0000000000000000
     surfk_1_8                      0.0002494660000000000    1.000000000000000   0.0000000000000000
     surfk_1_9                      0.0002145660031883000    1.000000000000000   0.0000000000000000
     surfk_2_1                      0.0005175021461384000    1.000000000000000   0.0000000000000000
    surfk_2_10                      0.0002465870217713100    1.000000000000000   0.0000000000000000
    surfk_2_11                      0.0002311680656144000    1.000000000000000   0.0000000000000000
    surfk_2_12                      0.0002084525558733400    1.000000000000000   0.0000000000000000
    surfk_2_14                      0.0001449230000000000    1.000000000000000   0.0000000000000000
    surfk_2_15                      0.0001631199971077700    1.000000000000000   0.0000000000000000
    surfk_2_16                      0.0001525572056816000    1.000000000000000   0.0000000000000000
    surfk_2_17                      0.0001583069997995800    1.000000000000000   0.0000000000000000
    surfk_2_18                      0.0001531554405356900    1.000000000000000   0.0000000000000000
    surfk_2_19                      0.0001583190000000000    1.000000000000000   0.0000000000000000
     surfk_2_2                      9.259999865029000e-05    1.000000000000000   0.0000000000000000
    surfk_2_20                      0.0005661050000125100    1.000000000000000   0.0000000000000000
    surfk_2_21                      0.0001583650000209300    1.000000000000000   0.0000000000000000
    surfk_2_22                      0.0001518740025008300    1.000000000000000   0.0000000000000000
     surfk_2_3                      9.980000000000000e-05    1.000000000000000   0.0000000000000000
     surfk_2_4                      0.0002209315473651000    1.000000000000000   0.0000000000000000
     surfk_2_5                      0.0003190799527900000    1.000000000000000   0.0000000000000000
     surfk_2_6                      0.0001327239736868000    1.000000000000000   0.0000000000000000
     surfk_2_7                      0.0002413750000000000    1.000000000000000   0.0000000000000000
     surfk_2_8                      0.0002407467741911000    1.000000000000000   0.0000000000000000
     surfk_2_9                      0.0002151642949018000    1.000000000000000   0.0000000000000000
     surfk_3_1                      3.010000000000000e-08    1.000000000000000   0.0000000000000000
    surfk_3_10                      3.100000000000000e-08    1.000000000000000   0.0000000000000000
    surfk_3_11                      3.100000000000000e-08    1.000000000000000   0.0000000000000000
    surfk_3_12                      3.100000000000000e-08    1.000000000000000   0.0000000000000000
    surfk_3_13                      3.100000000000000e-08    1.000000000000000   0.0000000000000000
    surfk_3_14                      3.150000000000000e-08    1.000000000000000   0.0000000000000000
    surfk_3_15                      3.080000000000000e-08    1.000000000000000   0.0000000000000000
    surfk_3_16                      1.040000000000000e-07    1.000000000000000   0.0000000000000000
    surfk_3_17                      3.180874193462200e-08    1.000000000000000   0.0000000000000000
    surfk_3_18                      2.990000000000000e-08    1.000000000000000   0.0000000000000000
    surfk_3_19                      3.100000000000000e-08    1.000000000000000   0.0000000000000000
     surfk_3_2                      3.080000000000000e-08    1.000000000000000   0.0000000000000000
    surfk_3_20                      1.110000000000000e-07    1.000000000000000   0.0000000000000000
    surfk_3_21                      3.100000000000000e-08    1.000000000000000   0.0000000000000000
    surfk_3_22                      2.480000000000000e-08    1.000000000000000   0.0000000000000000
     surfk_3_3                      3.080000000000000e-08    1.000000000000000   0.0000000000000000
     surfk_3_4                      3.080000000000000e-08    1.000000000000000   0.0000000000000000
     surfk_3_5                      3.100000000000000e-08    1.000000000000000   0.0000000000000000
     surfk_3_6                      9.979999999999999e-08    1.000000000000000   0.0000000000000000
     surfk_3_7                      3.080000000000000e-08    1.000000000000000   0.0000000000000000
     surfk_3_8                      3.100000000000000e-08    1.000000000000000   0.0000000000000000
     surfk_3_9                      3.100000000000000e-08    1.000000000000000   0.0000000000000000
   vka_ratio_1                      0.06008965733555566    1.000000000000000   0.0000000000000000
   vka_ratio_2                      0.1024911681869072    1.000000000000000   0.0000000000000000
   vka_ratio_3                      0.05216005754460049    1.000000000000000   0.0000000000000000
       vks_1_1                      0.0002511890000000000    1.000000000000000   0.0000000000000000
      vks_1_10                      0.0002511890000000000    1.000000000000000   0.0000000000000000
      vks_1_11                      0.0002511890000000000    1.000000000000000   0.0000000000000000
      vks_1_12                      0.0002511890000000000    1.000000000000000   0.0000000000000000
      vks_1_13                      0.0002511890000000000    1.000000000000000   0.0000000000000000
      vks_1_14                      0.0002511890000000000    1.000000000000000   0.0000000000000000
      vks_1_15                      0.0002511890000000000    1.000000000000000   0.0000000000000000
      vks_1_16                      0.0002511890000000000    1.000000000000000   0.0000000000000000
      vks_1_17                      0.0002511890000000000    1.000000000000000   0.0000000000000000
      vks_1_18                      0.0002511890000000000    1.000000000000000   0.0000000000000000
      vks_1_19                      0.0002511890000000000    1.000000000000000   0.0000000000000000
       vks_1_2                      0.0002511890000000000    1.000000000000000   0.0000000000000000
      vks_1_21                      0.0002511890000000000    1.000000000000000   0.0000000000000000
       vks_1_3                      0.0002511890000000000    1.000000000000000   0.0000000000000000
       vks_1_4                      0.0003981070000000000    1.000000000000000   0.0000000000000000
       vks_1_5                      0.0003981070000000000    1.000000000000000   0.0000000000000000
       vks_1_6                      0.0002511890000000000    1.000000000000000   0.0000000000000000
       vks_1_8                      0.0002511890000000000    1.000000000000000   0.0000000000000000
       vks_1_9                      0.0002511890000000000    1.000000000000000   0.0000000000000000
       vks_2_1                      0.0002511890000000000    1.000000000000000   0.0000000000000000
      vks_2_10                      0.0002511890000000000    1.000000000000000   0.0000000000000000
      vks_2_11                      0.0002511890000000000    1.000000000000000   0.0000000000000000
      vks_2_12                      0.0002511890000000000    1.000000000000000   0.0000000000000000
      vks_2_14                      0.0001584890000000000    1.000000000000000   0.0000000000000000
      vks_2_15                      0.0001584890000000000    1.000000000000000   0.0000000000000000
      vks_2_16                      0.0001584890000000000    1.000000000000000   0.0000000000000000
      vks_2_17                      0.0001584890000000000    1.000000000000000   0.0000000000000000
      vks_2_18                      0.0001584890000000000    1.000000000000000   0.0000000000000000
      vks_2_19                      0.0001584890000000000    1.000000000000000   0.0000000000000000
       vks_2_2                      0.0001000000000000000    1.000000000000000   0.0000000000000000
      vks_2_20                      0.0006309570000000000    1.000000000000000   0.0000000000000000
      vks_2_21                      0.0001584890000000000    1.000000000000000   0.0000000000000000
      vks_2_22                      0.0001584890000000000    1.000000000000000   0.0000000000000000
       vks_2_3                      0.0001000000000000000    1.000000000000000   0.0000000000000000
       vks_2_4                      0.0002511890000000000    1.000000000000000   0.0000000000000000
       vks_2_5                      0.0002511890000000000    1.000000000000000   0.0000000000000000
       vks_2_6                      0.0001584890000000000    1.000000000000000   0.0000000000000000
       vks_2_7                      0.0002511890000000000    1.000000000000000   0.0000000000000000
       vks_2_8                      0.0002511890000000000    1.000000000000000   0.0000000000000000
       vks_2_9                      0.0002511890000000000    1.000000000000000   0.0000000000000000
       vks_3_1                      3.020000000000000e-08    1.000000000000000   0.0000000000000000
      vks_3_10                      3.090000000000000e-08    1.000000000000000   0.0000000000000000
      vks_3_11                      3.090000000000000e-08    1.000000000000000   0.0000000000000000
      vks_3_12                      3.090000000000000e-08    1.000000000000000   0.0000000000000000
      vks_3_13                      3.090000000000000e-08    1.000000000000000   0.0000000000000000
      vks_3_14                      3.090000000000000e-08    1.000000000000000   0.0000000000000000
      vks_3_15                      3.090000000000000e-08    1.000000000000000   0.0000000000000000
      vks_3_16                      1.000000000000000e-07    1.000000000000000   0.0000000000000000
      vks_3_17                      3.090000000000000e-08    1.000000000000000   0.0000000000000000
      vks_3_18                      3.090000000000000e-08    1.000000000000000   0.0000000000000000
      vks_3_19                      3.090000000000000e-08    1.000000000000000   0.0000000000000000
       vks_3_2                      3.090000000000000e-08    1.000000000000000   0.0000000000000000
      vks_3_20                      1.150000000000000e-07    1.000000000000000   0.0000000000000000
      vks_3_21                      3.090000000000000e-08    1.000000000000000   0.0000000000000000
      vks_3_22                      3.090000000000000e-08    1.000000000000000   0.0000000000000000
       vks_3_3                      3.090000000000000e-08    1.000000000000000   0.0000000000000000
       vks_3_4                      3.090000000000000e-08    1.000000000000000   0.0000000000000000
       vks_3_5                      3.090000000000000e-08    1.000000000000000   0.0000000000000000
       vks_3_6                      1.000000000000000e-07    1.000000000000000   0.0000000000000000
       vks_3_7                      3.090000000000000e-08    1.000000000000000   0.0000000000000000
       vks_3_8                      3.090000000000000e-08    1.000000000000000   0.0000000000000000
       vks_3_9                      3.090000000000000e-08    1.000000000000000   0.0000000000000000
