single point
        finf_1                      0.4830353000000000    1.000000000000000   0.0000000000000000
       finf_10                      0.4725046550000000    1.000000000000000   0.0000000000000000
       finf_11                      0.4725046520000000    1.000000000000000   0.0000000000000000
       finf_12                      0.4725046520000000    1.000000000000000   0.0000000000000000
       finf_13                      0.4725046250000000    1.000000000000000   0.0000000000000000
       finf_14                      0.4830353020000000    1.000000000000000   0.0000000000000000
       finf_15                      0.4830353000000000    1.000000000000000   0.0000000000000000
       finf_16                      0.4830353000000000    1.000000000000000   0.0000000000000000
       finf_17                      0.4830352960000000    1.000000000000000   0.0000000000000000
       finf_18                      0.4830353000000000    1.000000000000000   0.0000000000000000
       finf_19                      0.4830353020000000    1.000000000000000   0.0000000000000000
        finf_2                      0.4830352990000000    1.000000000000000   0.0000000000000000
       finf_20                      0.5284619410000000    1.000000000000000   0.0000000000000000
       finf_21                      0.4830353010000000    1.000000000000000   0.0000000000000000
       finf_22                      0.4830353040000000    1.000000000000000   0.0000000000000000
        finf_3                      0.4830353050000000    1.000000000000000   0.0000000000000000
        finf_4                      0.4105800060000000    1.000000000000000   0.0000000000000000
        finf_5                      0.4105800060000000    1.000000000000000   0.0000000000000000
        finf_6                      0.4830352990000000    1.000000000000000   0.0000000000000000
        finf_7                      0.4725046530000000    1.000000000000000   0.0000000000000000
        finf_8                      0.4725046500000000    1.000000000000000   0.0000000000000000
        finf_9                      0.4725046480000000    1.000000000000000   0.0000000000000000
          ks_1                      0.8451361914200000    1.000000000000000   0.0000000000000000
         ks_10                      1.764245780274000    1.000000000000000   0.0000000000000000
        ks_100                      1.001719049000000e-05    1.000000000000000   0.0000000000000000
        ks_101                      0.0008424883859000000    1.000000000000000   0.0000000000000000
        ks_102                      7.929575973000000e-05    1.000000000000000   0.0000000000000000
        ks_103                      0.0004322264529000000    1.000000000000000   0.0000000000000000
        ks_104                      9.997750031999999e-06    1.000000000000000   0.0000000000000000
        ks_105                      1.009957373000000e-05    1.000000000000000   0.0000000000000000
        ks_106                      0.0001450757967000000    1.000000000000000   0.0000000000000000
        ks_107                      0.0003110996948000000    1.000000000000000   0.0000000000000000
        ks_108                      4.452001064605500    1.000000000000000   0.0000000000000000
        ks_109                      7.174523170207500    1.000000000000000   0.0000000000000000
         ks_11                      0.3066156227550000    1.000000000000000   0.0000000000000000
        ks_110                      3.898891206533300    1.000000000000000   0.0000000000000000
        ks_111                      4.820391701725700    1.000000000000000   0.0000000000000000
        ks_112                      3.194160791326800    1.000000000000000   0.0000000000000000
        ks_113                      0.1010684511530000    1.000000000000000   0.0000000000000000
        ks_114                      8.244884407365300    1.000000000000000   0.0000000000000000
        ks_115                      6.437490614642400    1.000000000000000   0.0000000000000000
        ks_116                      0.4043008072658000    1.000000000000000   0.0000000000000000
        ks_117                      13.86998331041700    1.000000000000000   0.0000000000000000
        ks_118                      2.032901439017600    1.000000000000000   0.0000000000000000
        ks_119                      10.45179629035400    1.000000000000000   0.0000000000000000
         ks_12                      8.947750853293000    1.000000000000000   0.0000000000000000
        ks_120                      0.1583337722386000    1.000000000000000   0.0000000000000000
        ks_121                      2.156897035060700    1.000000000000000   0.0000000000000000
        ks_122                      39.64361033980000    1.000000000000000   0.0000000000000000
        ks_123                      11.13357867437300    1.000000000000000   0.0000000000000000
        ks_124                      2.007148453055600    1.000000000000000   0.0000000000000000
        ks_125                      445.6110104000000    1.000000000000000   0.0000000000000000
        ks_126                      491.2918153000000    1.000000000000000   0.0000000000000000
        ks_127                      1.897869421275000    1.000000000000000   0.0000000000000000
        ks_128                      3.443080742540700    1.000000000000000   0.0000000000000000
        ks_129                      6.002703014553400    1.000000000000000   0.0000000000000000
         ks_13                      1.687182385580000    1.000000000000000   0.0000000000000000
        ks_130                      13.21850264219700    1.000000000000000   0.0000000000000000
        ks_131                      0.0002011314289000000    1.000000000000000   0.0000000000000000
        ks_132                      0.0001991340311000000    1.000000000000000   0.0000000000000000
        ks_133                      0.0002009104928000000    1.000000000000000   0.0000000000000000
        ks_134                      0.02629355545500000    1.000000000000000   0.0000000000000000
        ks_135                      0.0001586390000000000    1.000000000000000   0.0000000000000000
        ks_136                      0.0002896062399000000    1.000000000000000   0.0000000000000000
        ks_137                      0.004153099611000000    1.000000000000000   0.0000000000000000
        ks_138                      6.435653034250000    1.000000000000000   0.0000000000000000
        ks_139                      0.0002287960000000000    1.000000000000000   0.0000000000000000
         ks_14                      4.529136527658000    1.000000000000000   0.0000000000000000
        ks_140                      14.44086725594300    1.000000000000000   0.0000000000000000
        ks_141                      0.0001977620000000000    1.000000000000000   0.0000000000000000
        ks_142                      0.0001998280000000000    1.000000000000000   0.0000000000000000
        ks_143                      0.001729667988000000    1.000000000000000   0.0000000000000000
        ks_144                      1.009166091814100    1.000000000000000   0.0000000000000000
        ks_145                      29.39085488940000    1.000000000000000   0.0000000000000000
        ks_146                      5.728655926052200    1.000000000000000   0.0000000000000000
        ks_147                      4.046653011313100    1.000000000000000   0.0000000000000000
        ks_148                      5.966479218781500    1.000000000000000   0.0000000000000000
        ks_149                      0.0002639509209000000    1.000000000000000   0.0000000000000000
         ks_15                      2.712340509738000    1.000000000000000   0.0000000000000000
        ks_150                      7.235304954571300    1.000000000000000   0.0000000000000000
        ks_151                      6.007299152992400    1.000000000000000   0.0000000000000000
        ks_152                      0.09900944921530000    1.000000000000000   0.0000000000000000
        ks_153                      38.47633430720400    1.000000000000000   0.0000000000000000
        ks_154                      56.23356706143000    1.000000000000000   0.0000000000000000
        ks_155                      0.0001947070918000000    1.000000000000000   0.0000000000000000
        ks_156                      0.1854303531170000    1.000000000000000   0.0000000000000000
        ks_157                      0.1970387470681000    1.000000000000000   0.0000000000000000
        ks_158                      0.6268454227472000    1.000000000000000   0.0000000000000000
        ks_159                      0.02677101295130000    1.000000000000000   0.0000000000000000
         ks_16                      490.6905340000000    1.000000000000000   0.0000000000000000
        ks_160                      1.053690428721800    1.000000000000000   0.0000000000000000
        ks_161                      364.1306820000000    1.000000000000000   0.0000000000000000
        ks_162                      0.1866052574014000    1.000000000000000   0.0000000000000000
        ks_163                      0.06869933105290001    1.000000000000000   0.0000000000000000
        ks_164                      0.05450204791950000    1.000000000000000   0.0000000000000000
        ks_165                      6.266546793009100    1.000000000000000   0.0000000000000000
        ks_166                      0.01565319720930000    1.000000000000000   0.0000000000000000
        ks_167                      0.03744246885180000    1.000000000000000   0.0000000000000000
        ks_168                      0.1171950399847000    1.000000000000000   0.0000000000000000
        ks_169                      0.0002626081696000000    1.000000000000000   0.0000000000000000
         ks_17                      1.668249416765000    1.000000000000000   0.0000000000000000
        ks_170                      0.002014831306000000    1.000000000000000   0.0000000000000000
        ks_171                      1.178933019204500    1.000000000000000   0.0000000000000000
        ks_172                      0.01965263632440000    1.000000000000000   0.0000000000000000
        ks_173                      0.008017487608000000    1.000000000000000   0.0000000000000000
        ks_174                      5.844898107137700    1.000000000000000   0.0000000000000000
        ks_175                      0.1251789367703000    1.000000000000000   0.0000000000000000
        ks_176                      0.004491959315000000    1.000000000000000   0.0000000000000000
        ks_177                      1.108704899870700    1.000000000000000   0.0000000000000000
        ks_178                      0.0002003489454000000    1.000000000000000   0.0000000000000000
        ks_179                      1.953523628916900    1.000000000000000   0.0000000000000000
         ks_18                      2.534239579806000    1.000000000000000   0.0000000000000000
        ks_180                      1.940007637000000e-05    1.000000000000000   0.0000000000000000
        ks_181                      0.02907767979860000    1.000000000000000   0.0000000000000000
        ks_182                      4.859566182333700    1.000000000000000   0.0000000000000000
        ks_183                      0.9626262027566000    1.000000000000000   0.0000000000000000
        ks_184                      0.0004040143977000000    1.000000000000000   0.0000000000000000
        ks_185                      9.550096852000000e-05    1.000000000000000   0.0000000000000000
        ks_186                      9.820142904000000e-05    1.000000000000000   0.0000000000000000
        ks_187                      0.0001092986100000000    1.000000000000000   0.0000000000000000
        ks_188                      0.0003907984790000000    1.000000000000000   0.0000000000000000
        ks_189                      0.0001147944261000000    1.000000000000000   0.0000000000000000
         ks_19                      44.71434405333000    1.000000000000000   0.0000000000000000
        ks_190                      9.993717903999999e-06    1.000000000000000   0.0000000000000000
        ks_191                      0.0001008575003000000    1.000000000000000   0.0000000000000000
        ks_192                      0.0001286378744000000    1.000000000000000   0.0000000000000000
        ks_193                      0.0002047186313000000    1.000000000000000   0.0000000000000000
        ks_194                      9.993717857000000e-06    1.000000000000000   0.0000000000000000
        ks_195                      0.0007741573460000000    1.000000000000000   0.0000000000000000
        ks_196                      9.993747574999999e-06    1.000000000000000   0.0000000000000000
        ks_197                      0.0001310414273000000    1.000000000000000   0.0000000000000000
        ks_198                      0.0001691970534000000    1.000000000000000   0.0000000000000000
        ks_199                      1.120004992000000e-05    1.000000000000000   0.0000000000000000
          ks_2                      0.02990829569000000    1.000000000000000   0.0000000000000000
         ks_20                      0.3760003268020000    1.000000000000000   0.0000000000000000
        ks_200                      1.019941682000000e-05    1.000000000000000   0.0000000000000000
        ks_201                      9.993717861999999e-06    1.000000000000000   0.0000000000000000
        ks_202                      0.0001014285114000000    1.000000000000000   0.0000000000000000
        ks_203                      0.0001136924654000000    1.000000000000000   0.0000000000000000
        ks_204                      9.870043123000001e-05    1.000000000000000   0.0000000000000000
        ks_205                      0.0001036168354000000    1.000000000000000   0.0000000000000000
        ks_206                      9.994233887000001e-06    1.000000000000000   0.0000000000000000
        ks_207                      0.0001017612892000000    1.000000000000000   0.0000000000000000
        ks_208                      1.379850980000000e-05    1.000000000000000   0.0000000000000000
        ks_209                      0.0002943726855000000    1.000000000000000   0.0000000000000000
         ks_21                      0.6822030765560000    1.000000000000000   0.0000000000000000
        ks_210                      8.670107375000000e-05    1.000000000000000   0.0000000000000000
        ks_211                      8.810129522000001e-05    1.000000000000000   0.0000000000000000
        ks_212                      0.0001025382413000000    1.000000000000000   0.0000000000000000
        ks_213                      9.560000000000001e-05    1.000000000000000   0.0000000000000000
        ks_214                      9.910122731999999e-05    1.000000000000000   0.0000000000000000
        ks_215                      9.810121493000000e-05    1.000000000000000   0.0000000000000000
        ks_216                      0.0001002531922000000    1.000000000000000   0.0000000000000000
        ks_217                      9.419899511000000e-05    1.000000000000000   0.0000000000000000
        ks_218                      5.170075523000000e-05    1.000000000000000   0.0000000000000000
        ks_219                      0.0001038083617000000    1.000000000000000   0.0000000000000000
         ks_22                      0.4627782289740000    1.000000000000000   0.0000000000000000
        ks_220                      9.220114449000000e-05    1.000000000000000   0.0000000000000000
        ks_221                      0.0001335489445000000    1.000000000000000   0.0000000000000000
        ks_222                      0.0001087550000000000    1.000000000000000   0.0000000000000000
        ks_223                      0.0001155278438000000    1.000000000000000   0.0000000000000000
        ks_224                      9.979999999000000e-05    1.000000000000000   0.0000000000000000
        ks_225                      1.010001641000000e-05    1.000000000000000   0.0000000000000000
        ks_226                      0.0001053215810000000    1.000000000000000   0.0000000000000000
        ks_227                      8.659783748000001e-05    1.000000000000000   0.0000000000000000
        ks_228                      8.748465006000000e-05    1.000000000000000   0.0000000000000000
        ks_229                      0.0004248924368000000    1.000000000000000   0.0000000000000000
         ks_23                      255.5003590000000    1.000000000000000   0.0000000000000000
        ks_230                      1.040688546000000e-05    1.000000000000000   0.0000000000000000
        ks_231                      3.370000000000000e-05    1.000000000000000   0.0000000000000000
        ks_232                      0.0003541810000000000    1.000000000000000   0.0000000000000000
        ks_233                      6.059141470000000e-05    1.000000000000000   0.0000000000000000
         ks_24                      0.04905054951100000    1.000000000000000   0.0000000000000000
         ks_25                      0.08693966454400000    1.000000000000000   0.0000000000000000
         ks_26                      5000.000000000000    1.000000000000000   0.0000000000000000
         ks_27                      0.7319881447630000    1.000000000000000   0.0000000000000000
         ks_28                      0.3934286753510000    1.000000000000000   0.0000000000000000
         ks_29                      3.235624539372000    1.000000000000000   0.0000000000000000
          ks_3                      0.7176683620600000    1.000000000000000   0.0000000000000000
         ks_30                      1.000078250000000e-05    1.000000000000000   0.0000000000000000
         ks_31                      2.632011238193000    1.000000000000000   0.0000000000000000
         ks_32                      0.0001996514730000000    1.000000000000000   0.0000000000000000
         ks_33                      0.09869252117800000    1.000000000000000   0.0000000000000000
         ks_34                      50.20482887824000    1.000000000000000   0.0000000000000000
         ks_35                      0.0001954950120000000    1.000000000000000   0.0000000000000000
         ks_36                      0.0006001739170000000    1.000000000000000   0.0000000000000000
         ks_37                      0.0002245507960000000    1.000000000000000   0.0000000000000000
         ks_38                      0.2208722845500000    1.000000000000000   0.0000000000000000
         ks_39                      0.0001957214240000000    1.000000000000000   0.0000000000000000
          ks_4                      9.470918695610001    1.000000000000000   0.0000000000000000
         ks_40                      0.6519796566240000    1.000000000000000   0.0000000000000000
         ks_41                      1.142819850221000    1.000000000000000   0.0000000000000000
         ks_42                      2.263227372152000    1.000000000000000   0.0000000000000000
         ks_43                      0.2689731393620000    1.000000000000000   0.0000000000000000
         ks_44                      0.5002944007720000    1.000000000000000   0.0000000000000000
         ks_45                      0.01599747597800000    1.000000000000000   0.0000000000000000
         ks_46                      1.524360426098000    1.000000000000000   0.0000000000000000
         ks_47                      5.614262125438000    1.000000000000000   0.0000000000000000
         ks_48                      9.050505753255001    1.000000000000000   0.0000000000000000
         ks_49                      0.0002066610850000000    1.000000000000000   0.0000000000000000
          ks_5                      48.63041804110000    1.000000000000000   0.0000000000000000
         ks_50                      2.934329149928000    1.000000000000000   0.0000000000000000
         ks_51                      4.581799780000000e-05    1.000000000000000   0.0000000000000000
         ks_52                      0.003442365680000000    1.000000000000000   0.0000000000000000
         ks_53                      4.936713623571000    1.000000000000000   0.0000000000000000
         ks_54                      0.01775187410400000    1.000000000000000   0.0000000000000000
         ks_55                      19.80652558626000    1.000000000000000   0.0000000000000000
         ks_56                      72.73602536260000    1.000000000000000   0.0000000000000000
         ks_57                      5.459671450844000    1.000000000000000   0.0000000000000000
         ks_58                      0.3098765519980000    1.000000000000000   0.0000000000000000
         ks_59                      0.006817857660000000    1.000000000000000   0.0000000000000000
          ks_6                      221.5252700000000    1.000000000000000   0.0000000000000000
         ks_60                      5.019603341555000    1.000000000000000   0.0000000000000000
         ks_61                      0.02854014039800000    1.000000000000000   0.0000000000000000
         ks_62                      0.2775898168520000    1.000000000000000   0.0000000000000000
         ks_63                      10.56852364313000    1.000000000000000   0.0000000000000000
         ks_64                      0.0006139354160000000    1.000000000000000   0.0000000000000000
         ks_65                      0.001873787630000000    1.000000000000000   0.0000000000000000
         ks_66                      5.527088196561000    1.000000000000000   0.0000000000000000
         ks_67                      8.918034403410999    1.000000000000000   0.0000000000000000
         ks_68                      0.009229558660000000    1.000000000000000   0.0000000000000000
         ks_69                      0.7379622527420000    1.000000000000000   0.0000000000000000
          ks_7                      1.019936800000000e-05    1.000000000000000   0.0000000000000000
         ks_70                      3.769923274518000    1.000000000000000   0.0000000000000000
         ks_71                      9.994334970000000e-06    1.000000000000000   0.0000000000000000
         ks_72                      8.831335550000000e-05    1.000000000000000   0.0000000000000000
         ks_73                      0.0001127220050000000    1.000000000000000   0.0000000000000000
         ks_74                      9.320140250000000e-05    1.000000000000000   0.0000000000000000
         ks_75                      1.399626090000000e-05    1.000000000000000   0.0000000000000000
         ks_76                      0.0001919760000000000    1.000000000000000   0.0000000000000000
         ks_77                      0.0001022022610000000    1.000000000000000   0.0000000000000000
         ks_78                      1.619486190000000e-05    1.000000000000000   0.0000000000000000
         ks_79                      9.997431429999999e-06    1.000000000000000   0.0000000000000000
          ks_8                      1.000012400000000e-05    1.000000000000000   0.0000000000000000
         ks_80                      259.5238850000000    1.000000000000000   0.0000000000000000
         ks_81                      9.010111590000000e-05    1.000000000000000   0.0000000000000000
         ks_82                      98.01700000000000    1.000000000000000   0.0000000000000000
         ks_83                      6.563400660826000    1.000000000000000   0.0000000000000000
         ks_84                      9.019460630000000e-05    1.000000000000000   0.0000000000000000
         ks_85                      1.290015980000000e-05    1.000000000000000   0.0000000000000000
         ks_86                      0.0001315609390000000    1.000000000000000   0.0000000000000000
         ks_87                      499.9680000000000    1.000000000000000   0.0000000000000000
         ks_88                      21.88360000000000    1.000000000000000   0.0000000000000000
         ks_89                      7.980117350000000e-05    1.000000000000000   0.0000000000000000
          ks_9                      8.232705132990001    1.000000000000000   0.0000000000000000
         ks_90                      4.483956037236000    1.000000000000000   0.0000000000000000
         ks_91                      14.46689556288000    1.000000000000000   0.0000000000000000
         ks_92                      0.0001139824120000000    1.000000000000000   0.0000000000000000
         ks_93                      0.04195617156500000    1.000000000000000   0.0000000000000000
         ks_94                      3.040171150000000e-05    1.000000000000000   0.0000000000000000
         ks_95                      0.0001000000000000000    1.000000000000000   0.0000000000000000
         ks_96                      0.0001728971410000000    1.000000000000000   0.0000000000000000
         ks_97                      5.517924860000000e-05    1.000000000000000   0.0000000000000000
         ks_98                      0.0001145066930000000    1.000000000000000   0.0000000000000000
         ks_99                      0.0001064963190000000    1.000000000000000   0.0000000000000000
    lak_cond_1                      1.000000000000000    1.000000000000000   0.0000000000000000
   lak_cond_12                      0.9944701300000000    1.000000000000000   0.0000000000000000
    lak_cond_2                      1.000000000000000    1.000000000000000   0.0000000000000000
         pet_1                      9.500000000000001e-05    1.000000000000000   0.0000000000000000
 pond_recharge                      14285.82154995755    1.000000000000000   0.0000000000000000
       sfr_k_1                      0.1177329858668100    1.000000000000000   0.0000000000000000
      sfr_k_10                      0.1008733741253300    1.000000000000000   0.0000000000000000
      sfr_k_11                      0.09999379073551500    1.000000000000000   0.0000000000000000
      sfr_k_12                      0.1424215770449440    1.000000000000000   0.0000000000000000
      sfr_k_13                      0.1000066536952900    1.000000000000000   0.0000000000000000
      sfr_k_14                      0.1005954260032850    1.000000000000000   0.0000000000000000
      sfr_k_15                      0.1001583902103250    1.000000000000000   0.0000000000000000
      sfr_k_16                      0.1052721069271700    1.000000000000000   0.0000000000000000
      sfr_k_17                      0.1004432784579320    1.000000000000000   0.0000000000000000
      sfr_k_18                      0.1529340000000000    1.000000000000000   0.0000000000000000
      sfr_k_19                      0.1000495393898920    1.000000000000000   0.0000000000000000
       sfr_k_2                      0.09971196038469000    1.000000000000000   0.0000000000000000
      sfr_k_20                      0.1002029511324680    1.000000000000000   0.0000000000000000
      sfr_k_21                      0.1000567394396820    1.000000000000000   0.0000000000000000
      sfr_k_22                      0.1073542407683770    1.000000000000000   0.0000000000000000
       sfr_k_3                      0.09413081920374999    1.000000000000000   0.0000000000000000
       sfr_k_4                      0.09766765735134000    1.000000000000000   0.0000000000000000
       sfr_k_5                      0.1119666805424400    1.000000000000000   0.0000000000000000
       sfr_k_6                      0.1011269948278000    1.000000000000000   0.0000000000000000
       sfr_k_7                      0.1009149906892600    1.000000000000000   0.0000000000000000
       sfr_k_8                      0.1018353049433600    1.000000000000000   0.0000000000000000
       sfr_k_9                      0.1047508358435000    1.000000000000000   0.0000000000000000
     spill_447                      185.0599976000000    1.000000000000000   0.0000000000000000
     spill_449                      146.6000061000000    1.000000000000000   0.0000000000000000
     spill_688                      8.230125455516564    1.000000000000000   0.0000000000000000
     surfk_1_1                      0.0002502063603854000    1.000000000000000   0.0000000000000000
    surfk_1_10                      0.0002512523253764700    1.000000000000000   0.0000000000000000
    surfk_1_11                      0.0002511087188310500    1.000000000000000   0.0000000000000000
    surfk_1_12                      0.0002510004213091400    1.000000000000000   0.0000000000000000
    surfk_1_13                      0.0002510966679495700    1.000000000000000   0.0000000000000000
    surfk_1_14                      0.0002510600000000000    1.000000000000000   0.0000000000000000
    surfk_1_15                      0.0002501248071796400    1.000000000000000   0.0000000000000000
    surfk_1_16                      0.0002499449534278300    1.000000000000000   0.0000000000000000
    surfk_1_17                      0.0002511242918341300    1.000000000000000   0.0000000000000000
    surfk_1_18                      0.0002502951815235100    1.000000000000000   0.0000000000000000
    surfk_1_19                      0.0002511170000000000    1.000000000000000   0.0000000000000000
     surfk_1_2                      0.0002500741494506000    1.000000000000000   0.0000000000000000
    surfk_1_21                      0.0002509730267809400    1.000000000000000   0.0000000000000000
     surfk_1_3                      0.0002511082620593000    1.000000000000000   0.0000000000000000
     surfk_1_4                      0.0003964711506939000    1.000000000000000   0.0000000000000000
     surfk_1_5                      0.0003953946799690000    1.000000000000000   0.0000000000000000
     surfk_1_6                      0.0002499919999844000    1.000000000000000   0.0000000000000000
     surfk_1_8                      0.0002497190000000000    1.000000000000000   0.0000000000000000
     surfk_1_9                      0.0002500444965184000    1.000000000000000   0.0000000000000000
     surfk_2_1                      0.0002511074295618000    1.000000000000000   0.0000000000000000
    surfk_2_10                      0.0002511430778402200    1.000000000000000   0.0000000000000000
    surfk_2_11                      0.0002510530791503800    1.000000000000000   0.0000000000000000
    surfk_2_12                      0.0002500765456781900    1.000000000000000   0.0000000000000000
    surfk_2_14                      0.0001584129600497500    1.000000000000000   0.0000000000000000
    surfk_2_15                      0.0001629310000000000    1.000000000000000   0.0000000000000000
    surfk_2_16                      0.0001584140255252600    1.000000000000000   0.0000000000000000
    surfk_2_17                      0.0001584220000000000    1.000000000000000   0.0000000000000000
    surfk_2_18                      0.0001565670669634800    1.000000000000000   0.0000000000000000
    surfk_2_19                      0.0001584039544381300    1.000000000000000   0.0000000000000000
     surfk_2_2                      9.959240858059001e-05    1.000000000000000   0.0000000000000000
    surfk_2_20                      0.0006302021382124500    1.000000000000000   0.0000000000000000
    surfk_2_21                      0.0001584145657994400    1.000000000000000   0.0000000000000000
    surfk_2_22                      0.0001584839627455900    1.000000000000000   0.0000000000000000
     surfk_2_3                      9.990000000000000e-05    1.000000000000000   0.0000000000000000
     surfk_2_4                      0.0002499859546032000    1.000000000000000   0.0000000000000000
     surfk_2_5                      0.0002520963730059000    1.000000000000000   0.0000000000000000
     surfk_2_6                      0.0001577026299292000    1.000000000000000   0.0000000000000000
     surfk_2_7                      0.0002511056866984000    1.000000000000000   0.0000000000000000
     surfk_2_8                      0.0002511158191905000    1.000000000000000   0.0000000000000000
     surfk_2_9                      0.0002499241692619000    1.000000000000000   0.0000000000000000
     surfk_3_1                      3.000000000000000e-08    1.000000000000000   0.0000000000000000
    surfk_3_10                      3.090038268662800e-08    1.000000000000000   0.0000000000000000
    surfk_3_11                      3.090045438800800e-08    1.000000000000000   0.0000000000000000
    surfk_3_12                      3.090000000000000e-08    1.000000000000000   0.0000000000000000
    surfk_3_13                      3.090038268623500e-08    1.000000000000000   0.0000000000000000
    surfk_3_14                      3.180039306003300e-08    1.000000000000000   0.0000000000000000
    surfk_3_15                      3.070000000000000e-08    1.000000000000000   0.0000000000000000
    surfk_3_16                      9.990146466582100e-08    1.000000000000000   0.0000000000000000
    surfk_3_17                      3.090038268655500e-08    1.000000000000000   0.0000000000000000
    surfk_3_18                      3.090045327834100e-08    1.000000000000000   0.0000000000000000
    surfk_3_19                      3.090000000000000e-08    1.000000000000000   0.0000000000000000
     surfk_3_2                      3.070000000000000e-08    1.000000000000000   0.0000000000000000
    surfk_3_20                      1.150016910876900e-07    1.000000000000000   0.0000000000000000
    surfk_3_21                      3.090045673886500e-08    1.000000000000000   0.0000000000000000
    surfk_3_22                      3.080037411720800e-08    1.000000000000000   0.0000000000000000
     surfk_3_3                      3.070000000000000e-08    1.000000000000000   0.0000000000000000
     surfk_3_4                      3.070000000000000e-08    1.000000000000000   0.0000000000000000
     surfk_3_5                      3.090045541721000e-08    1.000000000000000   0.0000000000000000
     surfk_3_6                      9.978831014809001e-08    1.000000000000000   0.0000000000000000
     surfk_3_7                      3.070000000000000e-08    1.000000000000000   0.0000000000000000
     surfk_3_8                      3.090038268607000e-08    1.000000000000000   0.0000000000000000
     surfk_3_9                      3.090038268640000e-08    1.000000000000000   0.0000000000000000
   vka_ratio_1                      0.09919868165183171    1.000000000000000   0.0000000000000000
   vka_ratio_2                      0.1007699985563162    1.000000000000000   0.0000000000000000
   vka_ratio_3                      0.09998843826426436    1.000000000000000   0.0000000000000000
       vks_1_1                      0.0002511890000000000    1.000000000000000   0.0000000000000000
      vks_1_10                      0.0002511890000000000    1.000000000000000   0.0000000000000000
      vks_1_11                      0.0002511890000000000    1.000000000000000   0.0000000000000000
      vks_1_12                      0.0002511890000000000    1.000000000000000   0.0000000000000000
      vks_1_13                      0.0002511890000000000    1.000000000000000   0.0000000000000000
      vks_1_14                      0.0002511890000000000    1.000000000000000   0.0000000000000000
      vks_1_15                      0.0002511890000000000    1.000000000000000   0.0000000000000000
      vks_1_16                      0.0002511890000000000    1.000000000000000   0.0000000000000000
      vks_1_17                      0.0002511890000000000    1.000000000000000   0.0000000000000000
      vks_1_18                      0.0002511890000000000    1.000000000000000   0.0000000000000000
      vks_1_19                      0.0002511890000000000    1.000000000000000   0.0000000000000000
       vks_1_2                      0.0002511890000000000    1.000000000000000   0.0000000000000000
      vks_1_21                      0.0002511890000000000    1.000000000000000   0.0000000000000000
       vks_1_3                      0.0002511890000000000    1.000000000000000   0.0000000000000000
       vks_1_4                      0.0003981070000000000    1.000000000000000   0.0000000000000000
       vks_1_5                      0.0003981070000000000    1.000000000000000   0.0000000000000000
       vks_1_6                      0.0002511890000000000    1.000000000000000   0.0000000000000000
       vks_1_8                      0.0002511890000000000    1.000000000000000   0.0000000000000000
       vks_1_9                      0.0002511890000000000    1.000000000000000   0.0000000000000000
       vks_2_1                      0.0002511890000000000    1.000000000000000   0.0000000000000000
      vks_2_10                      0.0002511890000000000    1.000000000000000   0.0000000000000000
      vks_2_11                      0.0002511890000000000    1.000000000000000   0.0000000000000000
      vks_2_12                      0.0002511890000000000    1.000000000000000   0.0000000000000000
      vks_2_14                      0.0001584890000000000    1.000000000000000   0.0000000000000000
      vks_2_15                      0.0001584890000000000    1.000000000000000   0.0000000000000000
      vks_2_16                      0.0001584890000000000    1.000000000000000   0.0000000000000000
      vks_2_17                      0.0001584890000000000    1.000000000000000   0.0000000000000000
      vks_2_18                      0.0001584890000000000    1.000000000000000   0.0000000000000000
      vks_2_19                      0.0001584890000000000    1.000000000000000   0.0000000000000000
       vks_2_2                      0.0001000000000000000    1.000000000000000   0.0000000000000000
      vks_2_20                      0.0006309570000000000    1.000000000000000   0.0000000000000000
      vks_2_21                      0.0001584890000000000    1.000000000000000   0.0000000000000000
      vks_2_22                      0.0001584890000000000    1.000000000000000   0.0000000000000000
       vks_2_3                      0.0001000000000000000    1.000000000000000   0.0000000000000000
       vks_2_4                      0.0002511890000000000    1.000000000000000   0.0000000000000000
       vks_2_5                      0.0002511890000000000    1.000000000000000   0.0000000000000000
       vks_2_6                      0.0001584890000000000    1.000000000000000   0.0000000000000000
       vks_2_7                      0.0002511890000000000    1.000000000000000   0.0000000000000000
       vks_2_8                      0.0002511890000000000    1.000000000000000   0.0000000000000000
       vks_2_9                      0.0002511890000000000    1.000000000000000   0.0000000000000000
       vks_3_1                      3.020000000000000e-08    1.000000000000000   0.0000000000000000
      vks_3_10                      3.090000000000000e-08    1.000000000000000   0.0000000000000000
      vks_3_11                      3.090000000000000e-08    1.000000000000000   0.0000000000000000
      vks_3_12                      3.090000000000000e-08    1.000000000000000   0.0000000000000000
      vks_3_13                      3.090000000000000e-08    1.000000000000000   0.0000000000000000
      vks_3_14                      3.090000000000000e-08    1.000000000000000   0.0000000000000000
      vks_3_15                      3.090000000000000e-08    1.000000000000000   0.0000000000000000
      vks_3_16                      1.000000000000000e-07    1.000000000000000   0.0000000000000000
      vks_3_17                      3.090000000000000e-08    1.000000000000000   0.0000000000000000
      vks_3_18                      3.090000000000000e-08    1.000000000000000   0.0000000000000000
      vks_3_19                      3.090000000000000e-08    1.000000000000000   0.0000000000000000
       vks_3_2                      3.090000000000000e-08    1.000000000000000   0.0000000000000000
      vks_3_20                      1.150000000000000e-07    1.000000000000000   0.0000000000000000
      vks_3_21                      3.090000000000000e-08    1.000000000000000   0.0000000000000000
      vks_3_22                      3.090000000000000e-08    1.000000000000000   0.0000000000000000
       vks_3_3                      3.090000000000000e-08    1.000000000000000   0.0000000000000000
       vks_3_4                      3.090000000000000e-08    1.000000000000000   0.0000000000000000
       vks_3_5                      3.090000000000000e-08    1.000000000000000   0.0000000000000000
       vks_3_6                      1.000000000000000e-07    1.000000000000000   0.0000000000000000
       vks_3_7                      3.090000000000000e-08    1.000000000000000   0.0000000000000000
       vks_3_8                      3.090000000000000e-08    1.000000000000000   0.0000000000000000
       vks_3_9                      3.090000000000000e-08    1.000000000000000   0.0000000000000000
