single point
        finf_1                      0.4830353000000000    1.000000000000000   0.0000000000000000
       finf_10                      0.4725046550000000    1.000000000000000   0.0000000000000000
       finf_11                      0.4725046520000000    1.000000000000000   0.0000000000000000
       finf_12                      0.4725046520000000    1.000000000000000   0.0000000000000000
       finf_13                      0.4725046250000000    1.000000000000000   0.0000000000000000
       finf_14                      0.4830353020000000    1.000000000000000   0.0000000000000000
       finf_15                      0.4830353000000000    1.000000000000000   0.0000000000000000
       finf_16                      0.4830353000000000    1.000000000000000   0.0000000000000000
       finf_17                      0.4830352960000000    1.000000000000000   0.0000000000000000
       finf_18                      0.4830353000000000    1.000000000000000   0.0000000000000000
       finf_19                      0.4830353020000000    1.000000000000000   0.0000000000000000
        finf_2                      0.4830352990000000    1.000000000000000   0.0000000000000000
       finf_20                      0.5284619410000000    1.000000000000000   0.0000000000000000
       finf_21                      0.4830353010000000    1.000000000000000   0.0000000000000000
       finf_22                      0.4830353040000000    1.000000000000000   0.0000000000000000
        finf_3                      0.4830353050000000    1.000000000000000   0.0000000000000000
        finf_4                      0.4105800060000000    1.000000000000000   0.0000000000000000
        finf_5                      0.4105800060000000    1.000000000000000   0.0000000000000000
        finf_6                      0.4830352990000000    1.000000000000000   0.0000000000000000
        finf_7                      0.4725046530000000    1.000000000000000   0.0000000000000000
        finf_8                      0.4725046500000000    1.000000000000000   0.0000000000000000
        finf_9                      0.4725046480000000    1.000000000000000   0.0000000000000000
          ks_1                      0.8451360000000000    1.000000000000000   0.0000000000000000
         ks_10                      1.764250000000000    1.000000000000000   0.0000000000000000
        ks_100                      1.001720000000000e-05    1.000000000000000   0.0000000000000000
        ks_101                      0.0008424880000000000    1.000000000000000   0.0000000000000000
        ks_102                      7.929579999999999e-05    1.000000000000000   0.0000000000000000
        ks_103                      0.0004322260000000000    1.000000000000000   0.0000000000000000
        ks_104                      9.997749999999999e-06    1.000000000000000   0.0000000000000000
        ks_105                      1.009960000000000e-05    1.000000000000000   0.0000000000000000
        ks_106                      0.0001450760000000000    1.000000000000000   0.0000000000000000
        ks_107                      0.0003111000000000000    1.000000000000000   0.0000000000000000
        ks_108                      4.452000000000000    1.000000000000000   0.0000000000000000
        ks_109                      7.174520000000000    1.000000000000000   0.0000000000000000
         ks_11                      0.3066160000000000    1.000000000000000   0.0000000000000000
        ks_110                      3.898890000000000    1.000000000000000   0.0000000000000000
        ks_111                      4.366602307712400    1.000000000000000   0.0000000000000000
        ks_112                      3.194160000000000    1.000000000000000   0.0000000000000000
        ks_113                      0.1010680000000000    1.000000000000000   0.0000000000000000
        ks_114                      8.244880000000000    1.000000000000000   0.0000000000000000
        ks_115                      6.437490000000000    1.000000000000000   0.0000000000000000
        ks_116                      0.4043010000000000    1.000000000000000   0.0000000000000000
        ks_117                      13.87000000000000    1.000000000000000   0.0000000000000000
        ks_118                      2.032900000000000    1.000000000000000   0.0000000000000000
        ks_119                      10.45180000000000    1.000000000000000   0.0000000000000000
         ks_12                      8.947749999999999    1.000000000000000   0.0000000000000000
        ks_120                      0.1583340000000000    1.000000000000000   0.0000000000000000
        ks_121                      2.156900000000000    1.000000000000000   0.0000000000000000
        ks_122                      39.64360000000000    1.000000000000000   0.0000000000000000
        ks_123                      4.845608831599100    1.000000000000000   0.0000000000000000
        ks_124                      2.007150000000000    1.000000000000000   0.0000000000000000
        ks_125                      445.6110000000000    1.000000000000000   0.0000000000000000
        ks_126                      491.2920000000000    1.000000000000000   0.0000000000000000
        ks_127                      1.897870000000000    1.000000000000000   0.0000000000000000
        ks_128                      3.443080000000000    1.000000000000000   0.0000000000000000
        ks_129                      6.002700000000000    1.000000000000000   0.0000000000000000
         ks_13                      1.687180000000000    1.000000000000000   0.0000000000000000
        ks_130                      13.21850000000000    1.000000000000000   0.0000000000000000
        ks_131                      0.0002011310000000000    1.000000000000000   0.0000000000000000
        ks_132                      0.0001991340000000000    1.000000000000000   0.0000000000000000
        ks_133                      0.0002009103502000000    1.000000000000000   0.0000000000000000
        ks_134                      0.02627723438980000    1.000000000000000   0.0000000000000000
        ks_135                      0.0001586390000000000    1.000000000000000   0.0000000000000000
        ks_136                      0.0002896060000000000    1.000000000000000   0.0000000000000000
        ks_137                      0.004153100000000000    1.000000000000000   0.0000000000000000
        ks_138                      6.435650000000000    1.000000000000000   0.0000000000000000
        ks_139                      0.0002287960000000000    1.000000000000000   0.0000000000000000
         ks_14                      4.529140000000000    1.000000000000000   0.0000000000000000
        ks_140                      14.44090000000000    1.000000000000000   0.0000000000000000
        ks_141                      0.0001977620000000000    1.000000000000000   0.0000000000000000
        ks_142                      0.0001998280000000000    1.000000000000000   0.0000000000000000
        ks_143                      0.001729670000000000    1.000000000000000   0.0000000000000000
        ks_144                      1.009170000000000    1.000000000000000   0.0000000000000000
        ks_145                      29.39090000000000    1.000000000000000   0.0000000000000000
        ks_146                      5.728660000000000    1.000000000000000   0.0000000000000000
        ks_147                      4.046650000000000    1.000000000000000   0.0000000000000000
        ks_148                      6.055573966150200    1.000000000000000   0.0000000000000000
        ks_149                      0.0002639510000000000    1.000000000000000   0.0000000000000000
         ks_15                      2.712340000000000    1.000000000000000   0.0000000000000000
        ks_150                      7.235300000000000    1.000000000000000   0.0000000000000000
        ks_151                      6.007300000000000    1.000000000000000   0.0000000000000000
        ks_152                      0.09900940000000000    1.000000000000000   0.0000000000000000
        ks_153                      38.47630000000000    1.000000000000000   0.0000000000000000
        ks_154                      8.711403813957300    1.000000000000000   0.0000000000000000
        ks_155                      0.0001947070000000000    1.000000000000000   0.0000000000000000
        ks_156                      0.1854300000000000    1.000000000000000   0.0000000000000000
        ks_157                      0.1970390000000000    1.000000000000000   0.0000000000000000
        ks_158                      0.6268450000000000    1.000000000000000   0.0000000000000000
        ks_159                      0.02677100000000000    1.000000000000000   0.0000000000000000
         ks_16                      490.6910000000000    1.000000000000000   0.0000000000000000
        ks_160                      1.053690000000000    1.000000000000000   0.0000000000000000
        ks_161                      364.1310000000000    1.000000000000000   0.0000000000000000
        ks_162                      0.1866050000000000    1.000000000000000   0.0000000000000000
        ks_163                      0.06869930000000000    1.000000000000000   0.0000000000000000
        ks_164                      0.05450200000000000    1.000000000000000   0.0000000000000000
        ks_165                      6.266550000000000    1.000000000000000   0.0000000000000000
        ks_166                      0.01565320000000000    1.000000000000000   0.0000000000000000
        ks_167                      0.03744250000000000    1.000000000000000   0.0000000000000000
        ks_168                      0.1171950000000000    1.000000000000000   0.0000000000000000
        ks_169                      0.0002626080000000000    1.000000000000000   0.0000000000000000
         ks_17                      1.668250000000000    1.000000000000000   0.0000000000000000
        ks_170                      0.002014830000000000    1.000000000000000   0.0000000000000000
        ks_171                      1.178930000000000    1.000000000000000   0.0000000000000000
        ks_172                      0.01965260000000000    1.000000000000000   0.0000000000000000
        ks_173                      0.008017490000000000    1.000000000000000   0.0000000000000000
        ks_174                      5.844900000000000    1.000000000000000   0.0000000000000000
        ks_175                      0.1251298031482000    1.000000000000000   0.0000000000000000
        ks_176                      0.004491960000000000    1.000000000000000   0.0000000000000000
        ks_177                      1.108700000000000    1.000000000000000   0.0000000000000000
        ks_178                      0.0002003490000000000    1.000000000000000   0.0000000000000000
        ks_179                      1.953520000000000    1.000000000000000   0.0000000000000000
         ks_18                      2.534240000000000    1.000000000000000   0.0000000000000000
        ks_180                      1.940010000000000e-05    1.000000000000000   0.0000000000000000
        ks_181                      0.02907770000000000    1.000000000000000   0.0000000000000000
        ks_182                      4.859570000000000    1.000000000000000   0.0000000000000000
        ks_183                      0.9626260000000000    1.000000000000000   0.0000000000000000
        ks_184                      0.0004040140000000000    1.000000000000000   0.0000000000000000
        ks_185                      9.550100000000001e-05    1.000000000000000   0.0000000000000000
        ks_186                      9.808620654000000e-05    1.000000000000000   0.0000000000000000
        ks_187                      0.0001092990000000000    1.000000000000000   0.0000000000000000
        ks_188                      0.0003907980000000000    1.000000000000000   0.0000000000000000
        ks_189                      0.0001147940000000000    1.000000000000000   0.0000000000000000
         ks_19                      44.71430000000000    1.000000000000000   0.0000000000000000
        ks_190                      1.438621258000000e-06    1.000000000000000   0.0000000000000000
        ks_191                      0.0001008580000000000    1.000000000000000   0.0000000000000000
        ks_192                      0.0001286380000000000    1.000000000000000   0.0000000000000000
        ks_193                      0.0002047190000000000    1.000000000000000   0.0000000000000000
        ks_194                      9.993720000000000e-06    1.000000000000000   0.0000000000000000
        ks_195                      0.0007741570000000000    1.000000000000000   0.0000000000000000
        ks_196                      9.993750000000001e-06    1.000000000000000   0.0000000000000000
        ks_197                      0.0001310410000000000    1.000000000000000   0.0000000000000000
        ks_198                      0.0001691970000000000    1.000000000000000   0.0000000000000000
        ks_199                      1.120000000000000e-05    1.000000000000000   0.0000000000000000
          ks_2                      0.02990830000000000    1.000000000000000   0.0000000000000000
         ks_20                      0.3760000000000000    1.000000000000000   0.0000000000000000
        ks_200                      1.019940000000000e-05    1.000000000000000   0.0000000000000000
        ks_201                      9.993720000000000e-06    1.000000000000000   0.0000000000000000
        ks_202                      0.0001014290000000000    1.000000000000000   0.0000000000000000
        ks_203                      0.0001136920000000000    1.000000000000000   0.0000000000000000
        ks_204                      9.870040000000000e-05    1.000000000000000   0.0000000000000000
        ks_205                      0.0001036170000000000    1.000000000000000   0.0000000000000000
        ks_206                      2.213743705000000e-06    1.000000000000000   0.0000000000000000
        ks_207                      0.0001017610000000000    1.000000000000000   0.0000000000000000
        ks_208                      1.323917732000000e-05    1.000000000000000   0.0000000000000000
        ks_209                      0.0002943730000000000    1.000000000000000   0.0000000000000000
         ks_21                      0.1242420468100000    1.000000000000000   0.0000000000000000
        ks_210                      8.670110000000000e-05    1.000000000000000   0.0000000000000000
        ks_211                      8.802336614000000e-05    1.000000000000000   0.0000000000000000
        ks_212                      0.0001025380000000000    1.000000000000000   0.0000000000000000
        ks_213                      9.560000000000001e-05    1.000000000000000   0.0000000000000000
        ks_214                      9.910120000000000e-05    1.000000000000000   0.0000000000000000
        ks_215                      9.792147021999999e-05    1.000000000000000   0.0000000000000000
        ks_216                      0.0001002530000000000    1.000000000000000   0.0000000000000000
        ks_217                      9.419900000000000e-05    1.000000000000000   0.0000000000000000
        ks_218                      5.170080000000000e-05    1.000000000000000   0.0000000000000000
        ks_219                      0.0001038080000000000    1.000000000000000   0.0000000000000000
         ks_22                      0.4627780000000000    1.000000000000000   0.0000000000000000
        ks_220                      9.220110000000000e-05    1.000000000000000   0.0000000000000000
        ks_221                      0.0001335490000000000    1.000000000000000   0.0000000000000000
        ks_222                      0.0001087550000000000    1.000000000000000   0.0000000000000000
        ks_223                      0.0001155280000000000    1.000000000000000   0.0000000000000000
        ks_224                      9.980000000000000e-05    1.000000000000000   0.0000000000000000
        ks_225                      1.010000000000000e-05    1.000000000000000   0.0000000000000000
        ks_226                      0.0001053220000000000    1.000000000000000   0.0000000000000000
        ks_227                      8.659780000000000e-05    1.000000000000000   0.0000000000000000
        ks_228                      8.748470000000000e-05    1.000000000000000   0.0000000000000000
        ks_229                      0.0004248920000000000    1.000000000000000   0.0000000000000000
         ks_23                      255.5000000000000    1.000000000000000   0.0000000000000000
        ks_230                      1.040690000000000e-05    1.000000000000000   0.0000000000000000
        ks_231                      3.370000000000000e-05    1.000000000000000   0.0000000000000000
        ks_232                      0.0003541810000000000    1.000000000000000   0.0000000000000000
        ks_233                      6.059140000000000e-05    1.000000000000000   0.0000000000000000
         ks_24                      0.04905050000000000    1.000000000000000   0.0000000000000000
         ks_25                      0.08693969999999999    1.000000000000000   0.0000000000000000
         ks_26                      5000.000000000000    1.000000000000000   0.0000000000000000
         ks_27                      0.7319880000000000    1.000000000000000   0.0000000000000000
         ks_28                      0.3934290000000000    1.000000000000000   0.0000000000000000
         ks_29                      3.235620000000000    1.000000000000000   0.0000000000000000
          ks_3                      0.7176680000000000    1.000000000000000   0.0000000000000000
         ks_30                      1.000080000000000e-05    1.000000000000000   0.0000000000000000
         ks_31                      1.040092999570000    1.000000000000000   0.0000000000000000
         ks_32                      0.0001996510000000000    1.000000000000000   0.0000000000000000
         ks_33                      0.09869250000000000    1.000000000000000   0.0000000000000000
         ks_34                      50.20480000000000    1.000000000000000   0.0000000000000000
         ks_35                      0.0001954950000000000    1.000000000000000   0.0000000000000000
         ks_36                      0.0006001740000000000    1.000000000000000   0.0000000000000000
         ks_37                      0.0002245510000000000    1.000000000000000   0.0000000000000000
         ks_38                      0.03700121677300000    1.000000000000000   0.0000000000000000
         ks_39                      0.0001957210000000000    1.000000000000000   0.0000000000000000
          ks_4                      9.470920000000000    1.000000000000000   0.0000000000000000
         ks_40                      0.1073241475290000    1.000000000000000   0.0000000000000000
         ks_41                      0.4561735902250000    1.000000000000000   0.0000000000000000
         ks_42                      0.9642126006130000    1.000000000000000   0.0000000000000000
         ks_43                      0.2689730000000000    1.000000000000000   0.0000000000000000
         ks_44                      0.5002940000000000    1.000000000000000   0.0000000000000000
         ks_45                      0.01599750000000000    1.000000000000000   0.0000000000000000
         ks_46                      1.524360000000000    1.000000000000000   0.0000000000000000
         ks_47                      5.614260000000000    1.000000000000000   0.0000000000000000
         ks_48                      9.050509999999999    1.000000000000000   0.0000000000000000
         ks_49                      0.0002063725920000000    1.000000000000000   0.0000000000000000
          ks_5                      48.63040000000000    1.000000000000000   0.0000000000000000
         ks_50                      2.934330000000000    1.000000000000000   0.0000000000000000
         ks_51                      4.676007090000000e-05    1.000000000000000   0.0000000000000000
         ks_52                      0.003442370000000000    1.000000000000000   0.0000000000000000
         ks_53                      4.936710000000000    1.000000000000000   0.0000000000000000
         ks_54                      0.01775190000000000    1.000000000000000   0.0000000000000000
         ks_55                      19.80650000000000    1.000000000000000   0.0000000000000000
         ks_56                      72.73600000000000    1.000000000000000   0.0000000000000000
         ks_57                      5.459670000000000    1.000000000000000   0.0000000000000000
         ks_58                      0.3098770000000000    1.000000000000000   0.0000000000000000
         ks_59                      0.006817860000000000    1.000000000000000   0.0000000000000000
          ks_6                      221.5250000000000    1.000000000000000   0.0000000000000000
         ks_60                      5.019600000000000    1.000000000000000   0.0000000000000000
         ks_61                      0.02854010000000000    1.000000000000000   0.0000000000000000
         ks_62                      0.2775900000000000    1.000000000000000   0.0000000000000000
         ks_63                      10.56850000000000    1.000000000000000   0.0000000000000000
         ks_64                      0.0006139350000000000    1.000000000000000   0.0000000000000000
         ks_65                      0.001826662380000000    1.000000000000000   0.0000000000000000
         ks_66                      5.527090000000000    1.000000000000000   0.0000000000000000
         ks_67                      8.918030000000000    1.000000000000000   0.0000000000000000
         ks_68                      0.009229560000000000    1.000000000000000   0.0000000000000000
         ks_69                      0.7379620000000000    1.000000000000000   0.0000000000000000
          ks_7                      1.019940000000000e-05    1.000000000000000   0.0000000000000000
         ks_70                      3.769920000000000    1.000000000000000   0.0000000000000000
         ks_71                      9.994330000000001e-06    1.000000000000000   0.0000000000000000
         ks_72                      8.831339999999999e-05    1.000000000000000   0.0000000000000000
         ks_73                      0.0001127220000000000    1.000000000000000   0.0000000000000000
         ks_74                      9.320140000000001e-05    1.000000000000000   0.0000000000000000
         ks_75                      1.399630000000000e-05    1.000000000000000   0.0000000000000000
         ks_76                      0.0001919760000000000    1.000000000000000   0.0000000000000000
         ks_77                      0.0001022020000000000    1.000000000000000   0.0000000000000000
         ks_78                      1.619490000000000e-05    1.000000000000000   0.0000000000000000
         ks_79                      9.997430000000001e-06    1.000000000000000   0.0000000000000000
          ks_8                      1.000010000000000e-05    1.000000000000000   0.0000000000000000
         ks_80                      259.5240000000000    1.000000000000000   0.0000000000000000
         ks_81                      9.010110000000000e-05    1.000000000000000   0.0000000000000000
         ks_82                      98.01700000000000    1.000000000000000   0.0000000000000000
         ks_83                      6.563400000000000    1.000000000000000   0.0000000000000000
         ks_84                      9.019460000000000e-05    1.000000000000000   0.0000000000000000
         ks_85                      1.290020000000000e-05    1.000000000000000   0.0000000000000000
         ks_86                      0.0001315610000000000    1.000000000000000   0.0000000000000000
         ks_87                      499.9680000000000    1.000000000000000   0.0000000000000000
         ks_88                      15.09792042131000    1.000000000000000   0.0000000000000000
         ks_89                      7.980120000000000e-05    1.000000000000000   0.0000000000000000
          ks_9                      8.232710000000001    1.000000000000000   0.0000000000000000
         ks_90                      4.483960000000000    1.000000000000000   0.0000000000000000
         ks_91                      14.46690000000000    1.000000000000000   0.0000000000000000
         ks_92                      0.0001139820000000000    1.000000000000000   0.0000000000000000
         ks_93                      0.04195620000000000    1.000000000000000   0.0000000000000000
         ks_94                      3.040170000000000e-05    1.000000000000000   0.0000000000000000
         ks_95                      0.0001000000000000000    1.000000000000000   0.0000000000000000
         ks_96                      0.0001728970000000000    1.000000000000000   0.0000000000000000
         ks_97                      5.517920000000000e-05    1.000000000000000   0.0000000000000000
         ks_98                      0.0001145070000000000    1.000000000000000   0.0000000000000000
         ks_99                      0.0001064960000000000    1.000000000000000   0.0000000000000000
    lak_cond_1                      1.000000000000000    1.000000000000000   0.0000000000000000
   lak_cond_12                      0.9944700000000000    1.000000000000000   0.0000000000000000
    lak_cond_2                      1.000000000000000    1.000000000000000   0.0000000000000000
         pet_1                      9.500000000000001e-05    1.000000000000000   0.0000000000000000
 pond_recharge                      14285.80000000000    1.000000000000000   0.0000000000000000
       sfr_k_1                      0.1177330000000000    1.000000000000000   0.0000000000000000
      sfr_k_10                      0.1008730000000000    1.000000000000000   0.0000000000000000
      sfr_k_11                      0.09999379999999999    1.000000000000000   0.0000000000000000
      sfr_k_12                      0.1424220000000000    1.000000000000000   0.0000000000000000
      sfr_k_13                      0.1000070000000000    1.000000000000000   0.0000000000000000
      sfr_k_14                      0.1005950000000000    1.000000000000000   0.0000000000000000
      sfr_k_15                      0.1001580000000000    1.000000000000000   0.0000000000000000
      sfr_k_16                      0.1052720000000000    1.000000000000000   0.0000000000000000
      sfr_k_17                      0.01617131061532700    1.000000000000000   0.0000000000000000
      sfr_k_18                      0.1529340000000000    1.000000000000000   0.0000000000000000
      sfr_k_19                      0.1000500000000000    1.000000000000000   0.0000000000000000
       sfr_k_2                      0.09971200000000000    1.000000000000000   0.0000000000000000
      sfr_k_20                      0.1002030000000000    1.000000000000000   0.0000000000000000
      sfr_k_21                      0.1000570000000000    1.000000000000000   0.0000000000000000
      sfr_k_22                      0.01676679408616400    1.000000000000000   0.0000000000000000
       sfr_k_3                      0.09413080000000000    1.000000000000000   0.0000000000000000
       sfr_k_4                      0.09766770000000000    1.000000000000000   0.0000000000000000
       sfr_k_5                      0.1119670000000000    1.000000000000000   0.0000000000000000
       sfr_k_6                      0.1011270000000000    1.000000000000000   0.0000000000000000
       sfr_k_7                      0.1009150000000000    1.000000000000000   0.0000000000000000
       sfr_k_8                      0.1018350000000000    1.000000000000000   0.0000000000000000
       sfr_k_9                      0.1047510000000000    1.000000000000000   0.0000000000000000
     spill_447                      185.0599976000000    1.000000000000000   0.0000000000000000
     spill_449                      146.6000061000000    1.000000000000000   0.0000000000000000
     spill_688                      8.230130000000001    1.000000000000000   0.0000000000000000
     surfk_1_1                      0.0002502060000000000    1.000000000000000   0.0000000000000000
    surfk_1_10                      0.0002512520000000000    1.000000000000000   0.0000000000000000
    surfk_1_11                      0.0002511090000000000    1.000000000000000   0.0000000000000000
    surfk_1_12                      0.0002510000000000000    1.000000000000000   0.0000000000000000
    surfk_1_13                      0.0002510970000000000    1.000000000000000   0.0000000000000000
    surfk_1_14                      0.0002510600000000000    1.000000000000000   0.0000000000000000
    surfk_1_15                      0.0002501250000000000    1.000000000000000   0.0000000000000000
    surfk_1_16                      0.0002499450000000000    1.000000000000000   0.0000000000000000
    surfk_1_17                      0.0002511240000000000    1.000000000000000   0.0000000000000000
    surfk_1_18                      0.0002502950000000000    1.000000000000000   0.0000000000000000
    surfk_1_19                      0.0002511170000000000    1.000000000000000   0.0000000000000000
     surfk_1_2                      0.0002500740000000000    1.000000000000000   0.0000000000000000
    surfk_1_21                      0.0002509730000000000    1.000000000000000   0.0000000000000000
     surfk_1_3                      0.0002511080000000000    1.000000000000000   0.0000000000000000
     surfk_1_4                      0.0003964710000000000    1.000000000000000   0.0000000000000000
     surfk_1_5                      0.0003953950000000000    1.000000000000000   0.0000000000000000
     surfk_1_6                      0.0002499920000000000    1.000000000000000   0.0000000000000000
     surfk_1_8                      0.0002497190000000000    1.000000000000000   0.0000000000000000
     surfk_1_9                      0.0002500440000000000    1.000000000000000   0.0000000000000000
     surfk_2_1                      0.0002511070000000000    1.000000000000000   0.0000000000000000
    surfk_2_10                      0.0002511430000000000    1.000000000000000   0.0000000000000000
    surfk_2_11                      0.0002510530000000000    1.000000000000000   0.0000000000000000
    surfk_2_12                      0.0002500770000000000    1.000000000000000   0.0000000000000000
    surfk_2_14                      0.0001584130000000000    1.000000000000000   0.0000000000000000
    surfk_2_15                      0.0001629310000000000    1.000000000000000   0.0000000000000000
    surfk_2_16                      0.0001584140000000000    1.000000000000000   0.0000000000000000
    surfk_2_17                      0.0001584220000000000    1.000000000000000   0.0000000000000000
    surfk_2_18                      0.0001565670000000000    1.000000000000000   0.0000000000000000
    surfk_2_19                      0.0001584040000000000    1.000000000000000   0.0000000000000000
     surfk_2_2                      9.959240000000001e-05    1.000000000000000   0.0000000000000000
    surfk_2_20                      0.0006302020000000000    1.000000000000000   0.0000000000000000
    surfk_2_21                      0.0001584150000000000    1.000000000000000   0.0000000000000000
    surfk_2_22                      0.0001584840000000000    1.000000000000000   0.0000000000000000
     surfk_2_3                      9.990000000000000e-05    1.000000000000000   0.0000000000000000
     surfk_2_4                      0.0002499860000000000    1.000000000000000   0.0000000000000000
     surfk_2_5                      0.0002520960000000000    1.000000000000000   0.0000000000000000
     surfk_2_6                      0.0001577030000000000    1.000000000000000   0.0000000000000000
     surfk_2_7                      0.0002511060000000000    1.000000000000000   0.0000000000000000
     surfk_2_8                      0.0002511160000000000    1.000000000000000   0.0000000000000000
     surfk_2_9                      0.0002499240000000000    1.000000000000000   0.0000000000000000
     surfk_3_1                      3.000000000000000e-08    1.000000000000000   0.0000000000000000
    surfk_3_10                      3.090040000000000e-08    1.000000000000000   0.0000000000000000
    surfk_3_11                      3.090050000000000e-08    1.000000000000000   0.0000000000000000
    surfk_3_12                      3.090000000000000e-08    1.000000000000000   0.0000000000000000
    surfk_3_13                      3.090040000000000e-08    1.000000000000000   0.0000000000000000
    surfk_3_14                      3.180040000000000e-08    1.000000000000000   0.0000000000000000
    surfk_3_15                      3.070000000000000e-08    1.000000000000000   0.0000000000000000
    surfk_3_16                      9.990150000000000e-08    1.000000000000000   0.0000000000000000
    surfk_3_17                      3.090040000000000e-08    1.000000000000000   0.0000000000000000
    surfk_3_18                      3.090050000000000e-08    1.000000000000000   0.0000000000000000
    surfk_3_19                      3.090000000000000e-08    1.000000000000000   0.0000000000000000
     surfk_3_2                      3.070000000000000e-08    1.000000000000000   0.0000000000000000
    surfk_3_20                      1.150020000000000e-07    1.000000000000000   0.0000000000000000
    surfk_3_21                      3.090050000000000e-08    1.000000000000000   0.0000000000000000
    surfk_3_22                      3.080040468807800e-08    1.000000000000000   0.0000000000000000
     surfk_3_3                      3.070000000000000e-08    1.000000000000000   0.0000000000000000
     surfk_3_4                      3.070000000000000e-08    1.000000000000000   0.0000000000000000
     surfk_3_5                      3.090050000000000e-08    1.000000000000000   0.0000000000000000
     surfk_3_6                      9.978830000000000e-08    1.000000000000000   0.0000000000000000
     surfk_3_7                      3.070000000000000e-08    1.000000000000000   0.0000000000000000
     surfk_3_8                      3.090040000000000e-08    1.000000000000000   0.0000000000000000
     surfk_3_9                      3.090040000000000e-08    1.000000000000000   0.0000000000000000
   vka_ratio_1                      0.09919870000000000    1.000000000000000   0.0000000000000000
   vka_ratio_2                      0.1011134149767555    1.000000000000000   0.0000000000000000
   vka_ratio_3                      0.09998840000000001    1.000000000000000   0.0000000000000000
       vks_1_1                      0.0002511890000000000    1.000000000000000   0.0000000000000000
      vks_1_10                      0.0002511890000000000    1.000000000000000   0.0000000000000000
      vks_1_11                      0.0002511890000000000    1.000000000000000   0.0000000000000000
      vks_1_12                      0.0002511890000000000    1.000000000000000   0.0000000000000000
      vks_1_13                      0.0002511890000000000    1.000000000000000   0.0000000000000000
      vks_1_14                      0.0002511890000000000    1.000000000000000   0.0000000000000000
      vks_1_15                      0.0002511890000000000    1.000000000000000   0.0000000000000000
      vks_1_16                      0.0002511890000000000    1.000000000000000   0.0000000000000000
      vks_1_17                      0.0002511890000000000    1.000000000000000   0.0000000000000000
      vks_1_18                      0.0002511890000000000    1.000000000000000   0.0000000000000000
      vks_1_19                      0.0002511890000000000    1.000000000000000   0.0000000000000000
       vks_1_2                      0.0002511890000000000    1.000000000000000   0.0000000000000000
      vks_1_21                      0.0002511890000000000    1.000000000000000   0.0000000000000000
       vks_1_3                      0.0002511890000000000    1.000000000000000   0.0000000000000000
       vks_1_4                      0.0003981070000000000    1.000000000000000   0.0000000000000000
       vks_1_5                      0.0003981070000000000    1.000000000000000   0.0000000000000000
       vks_1_6                      0.0002511890000000000    1.000000000000000   0.0000000000000000
       vks_1_8                      0.0002511890000000000    1.000000000000000   0.0000000000000000
       vks_1_9                      0.0002511890000000000    1.000000000000000   0.0000000000000000
       vks_2_1                      0.0002511890000000000    1.000000000000000   0.0000000000000000
      vks_2_10                      0.0002511890000000000    1.000000000000000   0.0000000000000000
      vks_2_11                      0.0002511890000000000    1.000000000000000   0.0000000000000000
      vks_2_12                      0.0002511890000000000    1.000000000000000   0.0000000000000000
      vks_2_14                      0.0001584890000000000    1.000000000000000   0.0000000000000000
      vks_2_15                      0.0001584890000000000    1.000000000000000   0.0000000000000000
      vks_2_16                      0.0001584890000000000    1.000000000000000   0.0000000000000000
      vks_2_17                      0.0001584890000000000    1.000000000000000   0.0000000000000000
      vks_2_18                      0.0001584890000000000    1.000000000000000   0.0000000000000000
      vks_2_19                      0.0001584890000000000    1.000000000000000   0.0000000000000000
       vks_2_2                      0.0001000000000000000    1.000000000000000   0.0000000000000000
      vks_2_20                      0.0006309570000000000    1.000000000000000   0.0000000000000000
      vks_2_21                      0.0001584890000000000    1.000000000000000   0.0000000000000000
      vks_2_22                      0.0001584890000000000    1.000000000000000   0.0000000000000000
       vks_2_3                      0.0001000000000000000    1.000000000000000   0.0000000000000000
       vks_2_4                      0.0002511890000000000    1.000000000000000   0.0000000000000000
       vks_2_5                      0.0002511890000000000    1.000000000000000   0.0000000000000000
       vks_2_6                      0.0001584890000000000    1.000000000000000   0.0000000000000000
       vks_2_7                      0.0002511890000000000    1.000000000000000   0.0000000000000000
       vks_2_8                      0.0002511890000000000    1.000000000000000   0.0000000000000000
       vks_2_9                      0.0002511890000000000    1.000000000000000   0.0000000000000000
       vks_3_1                      3.020000000000000e-08    1.000000000000000   0.0000000000000000
      vks_3_10                      3.090000000000000e-08    1.000000000000000   0.0000000000000000
      vks_3_11                      3.090000000000000e-08    1.000000000000000   0.0000000000000000
      vks_3_12                      3.090000000000000e-08    1.000000000000000   0.0000000000000000
      vks_3_13                      3.090000000000000e-08    1.000000000000000   0.0000000000000000
      vks_3_14                      3.090000000000000e-08    1.000000000000000   0.0000000000000000
      vks_3_15                      3.090000000000000e-08    1.000000000000000   0.0000000000000000
      vks_3_16                      1.000000000000000e-07    1.000000000000000   0.0000000000000000
      vks_3_17                      3.090000000000000e-08    1.000000000000000   0.0000000000000000
      vks_3_18                      3.090000000000000e-08    1.000000000000000   0.0000000000000000
      vks_3_19                      3.090000000000000e-08    1.000000000000000   0.0000000000000000
       vks_3_2                      3.090000000000000e-08    1.000000000000000   0.0000000000000000
      vks_3_20                      1.150000000000000e-07    1.000000000000000   0.0000000000000000
      vks_3_21                      3.090000000000000e-08    1.000000000000000   0.0000000000000000
      vks_3_22                      3.090000000000000e-08    1.000000000000000   0.0000000000000000
       vks_3_3                      3.090000000000000e-08    1.000000000000000   0.0000000000000000
       vks_3_4                      3.090000000000000e-08    1.000000000000000   0.0000000000000000
       vks_3_5                      3.090000000000000e-08    1.000000000000000   0.0000000000000000
       vks_3_6                      1.000000000000000e-07    1.000000000000000   0.0000000000000000
       vks_3_7                      3.090000000000000e-08    1.000000000000000   0.0000000000000000
       vks_3_8                      3.090000000000000e-08    1.000000000000000   0.0000000000000000
       vks_3_9                      3.090000000000000e-08    1.000000000000000   0.0000000000000000
