single point
        finf_1                      0.4830353000000000    1.000000000000000   0.0000000000000000
       finf_10                      0.4725046550000000    1.000000000000000   0.0000000000000000
       finf_11                      0.4725046520000000    1.000000000000000   0.0000000000000000
       finf_12                      0.4725046520000000    1.000000000000000   0.0000000000000000
       finf_13                      0.4725046250000000    1.000000000000000   0.0000000000000000
       finf_14                      0.4830353020000000    1.000000000000000   0.0000000000000000
       finf_15                      0.4830353000000000    1.000000000000000   0.0000000000000000
       finf_16                      0.4830353000000000    1.000000000000000   0.0000000000000000
       finf_17                      0.4830352960000000    1.000000000000000   0.0000000000000000
       finf_18                      0.4830353000000000    1.000000000000000   0.0000000000000000
       finf_19                      0.4830353020000000    1.000000000000000   0.0000000000000000
        finf_2                      0.4830352990000000    1.000000000000000   0.0000000000000000
       finf_20                      0.5284619410000000    1.000000000000000   0.0000000000000000
       finf_21                      0.4830353010000000    1.000000000000000   0.0000000000000000
       finf_22                      0.4830353040000000    1.000000000000000   0.0000000000000000
        finf_3                      0.4830353050000000    1.000000000000000   0.0000000000000000
        finf_4                      0.4105800060000000    1.000000000000000   0.0000000000000000
        finf_5                      0.4105800060000000    1.000000000000000   0.0000000000000000
        finf_6                      0.4830352990000000    1.000000000000000   0.0000000000000000
        finf_7                      0.4725046530000000    1.000000000000000   0.0000000000000000
        finf_8                      0.4725046500000000    1.000000000000000   0.0000000000000000
        finf_9                      0.4725046480000000    1.000000000000000   0.0000000000000000
          ks_1                      0.8466459721800000    1.000000000000000   0.0000000000000000
         ks_10                      1.764304328593000    1.000000000000000   0.0000000000000000
        ks_100                      1.002174062000000e-05    1.000000000000000   0.0000000000000000
        ks_101                      0.0008424813183000000    1.000000000000000   0.0000000000000000
        ks_102                      7.930330321000000e-05    1.000000000000000   0.0000000000000000
        ks_103                      0.0004319525264000000    1.000000000000000   0.0000000000000000
        ks_104                      9.998479482999999e-06    1.000000000000000   0.0000000000000000
        ks_105                      1.010025000000000e-05    1.000000000000000   0.0000000000000000
        ks_106                      0.0001450752162000000    1.000000000000000   0.0000000000000000
        ks_107                      0.0003111022712000000    1.000000000000000   0.0000000000000000
        ks_108                      4.451368262259000    1.000000000000000   0.0000000000000000
        ks_109                      7.155016519764600    1.000000000000000   0.0000000000000000
         ks_11                      0.3068932661000000    1.000000000000000   0.0000000000000000
        ks_110                      3.896899373536800    1.000000000000000   0.0000000000000000
        ks_111                      4.374398553915600    1.000000000000000   0.0000000000000000
        ks_112                      3.195576040146100    1.000000000000000   0.0000000000000000
        ks_113                      0.1011081516336000    1.000000000000000   0.0000000000000000
        ks_114                      8.249636864777200    1.000000000000000   0.0000000000000000
        ks_115                      6.437833903642700    1.000000000000000   0.0000000000000000
        ks_116                      0.4042031068989000    1.000000000000000   0.0000000000000000
        ks_117                      13.83468959726800    1.000000000000000   0.0000000000000000
        ks_118                      2.032778133846700    1.000000000000000   0.0000000000000000
        ks_119                      10.45113334615700    1.000000000000000   0.0000000000000000
         ks_12                      8.947778791793001    1.000000000000000   0.0000000000000000
        ks_120                      0.1581205705798000    1.000000000000000   0.0000000000000000
        ks_121                      2.157864007140600    1.000000000000000   0.0000000000000000
        ks_122                      39.65314554102300    1.000000000000000   0.0000000000000000
        ks_123                      4.839520526491200    1.000000000000000   0.0000000000000000
        ks_124                      2.007158855591500    1.000000000000000   0.0000000000000000
        ks_125                      442.2389905000000    1.000000000000000   0.0000000000000000
        ks_126                      491.5976775000000    1.000000000000000   0.0000000000000000
        ks_127                      1.892632274952000    1.000000000000000   0.0000000000000000
        ks_128                      3.436184233556300    1.000000000000000   0.0000000000000000
        ks_129                      6.002788598243600    1.000000000000000   0.0000000000000000
         ks_13                      1.693807602827000    1.000000000000000   0.0000000000000000
        ks_130                      13.12709506131600    1.000000000000000   0.0000000000000000
        ks_131                      0.0002011299329000000    1.000000000000000   0.0000000000000000
        ks_132                      0.0001991329893000000    1.000000000000000   0.0000000000000000
        ks_133                      0.0002009094333000000    1.000000000000000   0.0000000000000000
        ks_134                      0.02627734168600000    1.000000000000000   0.0000000000000000
        ks_135                      0.0001586381347000000    1.000000000000000   0.0000000000000000
        ks_136                      0.0002896383540000000    1.000000000000000   0.0000000000000000
        ks_137                      0.004153952212000000    1.000000000000000   0.0000000000000000
        ks_138                      6.435821004894500    1.000000000000000   0.0000000000000000
        ks_139                      0.0002287948370000000    1.000000000000000   0.0000000000000000
         ks_14                      4.527719684296000    1.000000000000000   0.0000000000000000
        ks_140                      14.44125892216100    1.000000000000000   0.0000000000000000
        ks_141                      0.0001977609996000000    1.000000000000000   0.0000000000000000
        ks_142                      0.0001998269752000000    1.000000000000000   0.0000000000000000
        ks_143                      0.001729993250000000    1.000000000000000   0.0000000000000000
        ks_144                      1.009187477101700    1.000000000000000   0.0000000000000000
        ks_145                      29.39094325864000    1.000000000000000   0.0000000000000000
        ks_146                      5.728472090057900    1.000000000000000   0.0000000000000000
        ks_147                      4.046689643226900    1.000000000000000   0.0000000000000000
        ks_148                      6.055631943843900    1.000000000000000   0.0000000000000000
        ks_149                      0.0002639495706000000    1.000000000000000   0.0000000000000000
         ks_15                      2.717563825973000    1.000000000000000   0.0000000000000000
        ks_150                      7.236796966561200    1.000000000000000   0.0000000000000000
        ks_151                      6.007437505088600    1.000000000000000   0.0000000000000000
        ks_152                      0.09905392006119999    1.000000000000000   0.0000000000000000
        ks_153                      38.51147341628900    1.000000000000000   0.0000000000000000
        ks_154                      8.767089135116899    1.000000000000000   0.0000000000000000
        ks_155                      0.0001946955859000000    1.000000000000000   0.0000000000000000
        ks_156                      0.1854699974999000    1.000000000000000   0.0000000000000000
        ks_157                      0.1968271427621000    1.000000000000000   0.0000000000000000
        ks_158                      0.6267748178591001    1.000000000000000   0.0000000000000000
        ks_159                      0.02676996871210000    1.000000000000000   0.0000000000000000
         ks_16                      489.6785050000000    1.000000000000000   0.0000000000000000
        ks_160                      1.054201342968400    1.000000000000000   0.0000000000000000
        ks_161                      365.8034993000000    1.000000000000000   0.0000000000000000
        ks_162                      0.1865992562709000    1.000000000000000   0.0000000000000000
        ks_163                      0.06868190123950001    1.000000000000000   0.0000000000000000
        ks_164                      0.05450169929570000    1.000000000000000   0.0000000000000000
        ks_165                      6.269534851952600    1.000000000000000   0.0000000000000000
        ks_166                      0.01565340910010000    1.000000000000000   0.0000000000000000
        ks_167                      0.03740193531610000    1.000000000000000   0.0000000000000000
        ks_168                      0.1164565508081000    1.000000000000000   0.0000000000000000
        ks_169                      0.0002620718122000000    1.000000000000000   0.0000000000000000
         ks_17                      1.668255076607000    1.000000000000000   0.0000000000000000
        ks_170                      0.002015221219000000    1.000000000000000   0.0000000000000000
        ks_171                      1.186380438386500    1.000000000000000   0.0000000000000000
        ks_172                      0.01965209880640000    1.000000000000000   0.0000000000000000
        ks_173                      0.008001984401999999    1.000000000000000   0.0000000000000000
        ks_174                      5.844931068987800    1.000000000000000   0.0000000000000000
        ks_175                      0.1251300777264000    1.000000000000000   0.0000000000000000
        ks_176                      0.004483149630000000    1.000000000000000   0.0000000000000000
        ks_177                      1.108766208012100    1.000000000000000   0.0000000000000000
        ks_178                      0.0002003480135000000    1.000000000000000   0.0000000000000000
        ks_179                      1.944681030978000    1.000000000000000   0.0000000000000000
         ks_18                      2.534354311271000    1.000000000000000   0.0000000000000000
        ks_180                      1.940204790000000e-05    1.000000000000000   0.0000000000000000
        ks_181                      0.02908016201570000    1.000000000000000   0.0000000000000000
        ks_182                      4.859361553844700    1.000000000000000   0.0000000000000000
        ks_183                      0.9626313221251001    1.000000000000000   0.0000000000000000
        ks_184                      0.0004042687680000000    1.000000000000000   0.0000000000000000
        ks_185                      9.550053111000000e-05    1.000000000000000   0.0000000000000000
        ks_186                      9.808568810000000e-05    1.000000000000000   0.0000000000000000
        ks_187                      0.0001092983994000000    1.000000000000000   0.0000000000000000
        ks_188                      0.0003899952150000000    1.000000000000000   0.0000000000000000
        ks_189                      0.0001147934435000000    1.000000000000000   0.0000000000000000
         ks_19                      44.71394529955000    1.000000000000000   0.0000000000000000
        ks_190                      1.438690685000000e-06    1.000000000000000   0.0000000000000000
        ks_191                      0.0001008574673000000    1.000000000000000   0.0000000000000000
        ks_192                      0.0001286373308000000    1.000000000000000   0.0000000000000000
        ks_193                      0.0002051835717000000    1.000000000000000   0.0000000000000000
        ks_194                      9.994449103000000e-06    1.000000000000000   0.0000000000000000
        ks_195                      0.0007743289427000000    1.000000000000000   0.0000000000000000
        ks_196                      9.994479106000000e-06    1.000000000000000   0.0000000000000000
        ks_197                      0.0001310402567000000    1.000000000000000   0.0000000000000000
        ks_198                      0.0001693164075000000    1.000000000000000   0.0000000000000000
        ks_199                      1.120085127000000e-05    1.000000000000000   0.0000000000000000
          ks_2                      0.02982374930000000    1.000000000000000   0.0000000000000000
         ks_20                      0.3829609921370000    1.000000000000000   0.0000000000000000
        ks_200                      1.019999107000000e-05    1.000000000000000   0.0000000000000000
        ks_201                      9.994449103000000e-06    1.000000000000000   0.0000000000000000
        ks_202                      0.0001014265357000000    1.000000000000000   0.0000000000000000
        ks_203                      0.0001136913531000000    1.000000000000000   0.0000000000000000
        ks_204                      9.870081670000000e-05    1.000000000000000   0.0000000000000000
        ks_205                      0.0001036230808000000    1.000000000000000   0.0000000000000000
        ks_206                      2.213858793000000e-06    1.000000000000000   0.0000000000000000
        ks_207                      0.0001017634520000000    1.000000000000000   0.0000000000000000
        ks_208                      1.323795623000000e-05    1.000000000000000   0.0000000000000000
        ks_209                      0.0002944560739000000    1.000000000000000   0.0000000000000000
         ks_21                      0.1243132632810000    1.000000000000000   0.0000000000000000
        ks_210                      8.669596777000000e-05    1.000000000000000   0.0000000000000000
        ks_211                      8.802295494000001e-05    1.000000000000000   0.0000000000000000
        ks_212                      0.0001025375619000000    1.000000000000000   0.0000000000000000
        ks_213                      9.559956271000001e-05    1.000000000000000   0.0000000000000000
        ks_214                      9.910078224000000e-05    1.000000000000000   0.0000000000000000
        ks_215                      9.792102029000000e-05    1.000000000000000   0.0000000000000000
        ks_216                      0.0001002474357000000    1.000000000000000   0.0000000000000000
        ks_217                      9.403869358000000e-05    1.000000000000000   0.0000000000000000
        ks_218                      5.171197131000000e-05    1.000000000000000   0.0000000000000000
        ks_219                      0.0001038074642000000    1.000000000000000   0.0000000000000000
         ks_22                      0.4629314494180000    1.000000000000000   0.0000000000000000
        ks_220                      9.220071357000000e-05    1.000000000000000   0.0000000000000000
        ks_221                      0.0001335483328000000    1.000000000000000   0.0000000000000000
        ks_222                      0.0001087544476000000    1.000000000000000   0.0000000000000000
        ks_223                      0.0001152531285000000    1.000000000000000   0.0000000000000000
        ks_224                      9.979952196000000e-05    1.000000000000000   0.0000000000000000
        ks_225                      1.010074700000000e-05    1.000000000000000   0.0000000000000000
        ks_226                      0.0001053261825000000    1.000000000000000   0.0000000000000000
        ks_227                      8.660966682000000e-05    1.000000000000000   0.0000000000000000
        ks_228                      8.739025514000000e-05    1.000000000000000   0.0000000000000000
        ks_229                      0.0004249975458000000    1.000000000000000   0.0000000000000000
         ks_23                      256.5092100000000    1.000000000000000   0.0000000000000000
        ks_230                      1.042653582000000e-05    1.000000000000000   0.0000000000000000
        ks_231                      3.408602084000000e-05    1.000000000000000   0.0000000000000000
        ks_232                      0.0003541787965000000    1.000000000000000   0.0000000000000000
        ks_233                      6.059732478000000e-05    1.000000000000000   0.0000000000000000
         ks_24                      0.04903897369100000    1.000000000000000   0.0000000000000000
         ks_25                      0.08690467889000000    1.000000000000000   0.0000000000000000
         ks_26                      5000.000000000000    1.000000000000000   0.0000000000000000
         ks_27                      0.7290613500370000    1.000000000000000   0.0000000000000000
         ks_28                      0.3925936959230000    1.000000000000000   0.0000000000000000
         ks_29                      3.233380340073000    1.000000000000000   0.0000000000000000
          ks_3                      0.7177774594600000    1.000000000000000   0.0000000000000000
         ks_30                      1.000153450000000e-05    1.000000000000000   0.0000000000000000
         ks_31                      1.040105344803000    1.000000000000000   0.0000000000000000
         ks_32                      0.0001996499470000000    1.000000000000000   0.0000000000000000
         ks_33                      0.09869474885399999    1.000000000000000   0.0000000000000000
         ks_34                      50.20761399940000    1.000000000000000   0.0000000000000000
         ks_35                      0.0001955157390000000    1.000000000000000   0.0000000000000000
         ks_36                      0.0006003062370000000    1.000000000000000   0.0000000000000000
         ks_37                      0.0002245748360000000    1.000000000000000   0.0000000000000000
         ks_38                      0.03700851381700000    1.000000000000000   0.0000000000000000
         ks_39                      0.0001957200250000000    1.000000000000000   0.0000000000000000
          ks_4                      9.568786098690000    1.000000000000000   0.0000000000000000
         ks_40                      0.1081231776860000    1.000000000000000   0.0000000000000000
         ks_41                      0.4562235790040000    1.000000000000000   0.0000000000000000
         ks_42                      0.9642216199210000    1.000000000000000   0.0000000000000000
         ks_43                      0.2684346786510000    1.000000000000000   0.0000000000000000
         ks_44                      0.4995617846570000    1.000000000000000   0.0000000000000000
         ks_45                      0.01598202772500000    1.000000000000000   0.0000000000000000
         ks_46                      1.513453128201000    1.000000000000000   0.0000000000000000
         ks_47                      5.614234624608000    1.000000000000000   0.0000000000000000
         ks_48                      9.015835346996001    1.000000000000000   0.0000000000000000
         ks_49                      0.0002063715330000000    1.000000000000000   0.0000000000000000
          ks_5                      49.11960336770000    1.000000000000000   0.0000000000000000
         ks_50                      2.933803723017000    1.000000000000000   0.0000000000000000
         ks_51                      4.677052730000000e-05    1.000000000000000   0.0000000000000000
         ks_52                      0.003442335410000000    1.000000000000000   0.0000000000000000
         ks_53                      4.936720841550000    1.000000000000000   0.0000000000000000
         ks_54                      0.01775364126800000    1.000000000000000   0.0000000000000000
         ks_55                      19.70642695976000    1.000000000000000   0.0000000000000000
         ks_56                      72.73500986405000    1.000000000000000   0.0000000000000000
         ks_57                      5.457652171661000    1.000000000000000   0.0000000000000000
         ks_58                      0.3098866220970000    1.000000000000000   0.0000000000000000
         ks_59                      0.006848602600000000    1.000000000000000   0.0000000000000000
          ks_6                      221.2188800000000    1.000000000000000   0.0000000000000000
         ks_60                      5.019629683026000    1.000000000000000   0.0000000000000000
         ks_61                      0.02853922923600000    1.000000000000000   0.0000000000000000
         ks_62                      0.2775843943840000    1.000000000000000   0.0000000000000000
         ks_63                      10.56854427628000    1.000000000000000   0.0000000000000000
         ks_64                      0.0006139946840000000    1.000000000000000   0.0000000000000000
         ks_65                      0.001826672510000000    1.000000000000000   0.0000000000000000
         ks_66                      5.527122059836000    1.000000000000000   0.0000000000000000
         ks_67                      8.907367730044999    1.000000000000000   0.0000000000000000
         ks_68                      0.009243753909999999    1.000000000000000   0.0000000000000000
         ks_69                      0.7378782392660000    1.000000000000000   0.0000000000000000
          ks_7                      1.019996300000000e-05    1.000000000000000   0.0000000000000000
         ks_70                      3.769960426568000    1.000000000000000   0.0000000000000000
         ks_71                      9.995059160000000e-06    1.000000000000000   0.0000000000000000
         ks_72                      8.838512399999999e-05    1.000000000000000   0.0000000000000000
         ks_73                      0.0001127213790000000    1.000000000000000   0.0000000000000000
         ks_74                      9.320096600000000e-05    1.000000000000000   0.0000000000000000
         ks_75                      1.398617220000000e-05    1.000000000000000   0.0000000000000000
         ks_76                      0.0001918651910000000    1.000000000000000   0.0000000000000000
         ks_77                      0.0001022014660000000    1.000000000000000   0.0000000000000000
         ks_78                      1.619616000000000e-05    1.000000000000000   0.0000000000000000
         ks_79                      9.998159450000000e-06    1.000000000000000   0.0000000000000000
          ks_8                      1.000083500000000e-05    1.000000000000000   0.0000000000000000
         ks_80                      259.6800380000000    1.000000000000000   0.0000000000000000
         ks_81                      9.010074090000000e-05    1.000000000000000   0.0000000000000000
         ks_82                      99.71498126192000    1.000000000000000   0.0000000000000000
         ks_83                      6.563400766897000    1.000000000000000   0.0000000000000000
         ks_84                      9.020579420000000e-05    1.000000000000000   0.0000000000000000
         ks_85                      1.290124170000000e-05    1.000000000000000   0.0000000000000000
         ks_86                      0.0001316025440000000    1.000000000000000   0.0000000000000000
         ks_87                      497.6911770000000    1.000000000000000   0.0000000000000000
         ks_88                      17.12439336312000    1.000000000000000   0.0000000000000000
         ks_89                      7.980093770000001e-05    1.000000000000000   0.0000000000000000
          ks_9                      8.228079190730000    1.000000000000000   0.0000000000000000
         ks_90                      4.483987427719000    1.000000000000000   0.0000000000000000
         ks_91                      14.47736370202000    1.000000000000000   0.0000000000000000
         ks_92                      0.0001139813810000000    1.000000000000000   0.0000000000000000
         ks_93                      0.04195512244600000    1.000000000000000   0.0000000000000000
         ks_94                      3.023038390000000e-05    1.000000000000000   0.0000000000000000
         ks_95                      9.999955769999999e-05    1.000000000000000   0.0000000000000000
         ks_96                      0.0001728960890000000    1.000000000000000   0.0000000000000000
         ks_97                      5.517935940000000e-05    1.000000000000000   0.0000000000000000
         ks_98                      0.0001145063820000000    1.000000000000000   0.0000000000000000
         ks_99                      0.0001064954310000000    1.000000000000000   0.0000000000000000
    lak_cond_1                      1.000000000000000    1.000000000000000   0.0000000000000000
   lak_cond_12                      0.9944751946374096    1.000000000000000   0.0000000000000000
    lak_cond_2                      1.000000000000000    1.000000000000000   0.0000000000000000
         pet_1                      9.500000000000001e-05    1.000000000000000   0.0000000000000000
 pond_recharge                      14636.28776218723    1.000000000000000   0.0000000000000000
       sfr_k_1                      0.1177661101923200    1.000000000000000   0.0000000000000000
      sfr_k_10                      0.1005635396849050    1.000000000000000   0.0000000000000000
      sfr_k_11                      0.1000017057296210    1.000000000000000   0.0000000000000000
      sfr_k_12                      0.1449913960579240    1.000000000000000   0.0000000000000000
      sfr_k_13                      0.1000060008146710    1.000000000000000   0.0000000000000000
      sfr_k_14                      0.1007704600411150    1.000000000000000   0.0000000000000000
      sfr_k_15                      0.09976830689526300    1.000000000000000   0.0000000000000000
      sfr_k_16                      0.1056325220926990    1.000000000000000   0.0000000000000000
      sfr_k_17                      0.01615198800629200    1.000000000000000   0.0000000000000000
      sfr_k_18                      0.1527185114219220    1.000000000000000   0.0000000000000000
      sfr_k_19                      0.1000503201694170    1.000000000000000   0.0000000000000000
       sfr_k_2                      0.09960119210793000    1.000000000000000   0.0000000000000000
      sfr_k_20                      0.1002109395264970    1.000000000000000   0.0000000000000000
      sfr_k_21                      0.1016895679603340    1.000000000000000   0.0000000000000000
      sfr_k_22                      0.01676733022343100    1.000000000000000   0.0000000000000000
       sfr_k_3                      0.09414966766603999    1.000000000000000   0.0000000000000000
       sfr_k_4                      0.09710595779297999    1.000000000000000   0.0000000000000000
       sfr_k_5                      0.1116604992307700    1.000000000000000   0.0000000000000000
       sfr_k_6                      0.1011291304985500    1.000000000000000   0.0000000000000000
       sfr_k_7                      0.1005397218683500    1.000000000000000   0.0000000000000000
       sfr_k_8                      0.1016292716498900    1.000000000000000   0.0000000000000000
       sfr_k_9                      0.1049369317723200    1.000000000000000   0.0000000000000000
     spill_447                      185.0599976000000    1.000000000000000   0.0000000000000000
     spill_449                      146.6000061000000    1.000000000000000   0.0000000000000000
     spill_688                      8.230000000000000    1.000000000000000   0.0000000000000000
     surfk_1_1                      0.0002502813560871000    1.000000000000000   0.0000000000000000
    surfk_1_10                      0.0002512503882505900    1.000000000000000   0.0000000000000000
    surfk_1_11                      0.0002511076502683900    1.000000000000000   0.0000000000000000
    surfk_1_12                      0.0002509996397359100    1.000000000000000   0.0000000000000000
    surfk_1_13                      0.0002510956570690000    1.000000000000000   0.0000000000000000
    surfk_1_14                      0.0002510586761666300    1.000000000000000   0.0000000000000000
    surfk_1_15                      0.0002501233879238400    1.000000000000000   0.0000000000000000
    surfk_1_16                      0.0002499753840486400    1.000000000000000   0.0000000000000000
    surfk_1_17                      0.0002511225401094200    1.000000000000000   0.0000000000000000
    surfk_1_18                      0.0002503931200101000    1.000000000000000   0.0000000000000000
    surfk_1_19                      0.0002511156638794200    1.000000000000000   0.0000000000000000
     surfk_1_2                      0.0002501302682337000    1.000000000000000   0.0000000000000000
    surfk_1_21                      0.0002510192600215600    1.000000000000000   0.0000000000000000
     surfk_1_3                      0.0002511066961833000    1.000000000000000   0.0000000000000000
     surfk_1_4                      0.0003964995601536000    1.000000000000000   0.0000000000000000
     surfk_1_5                      0.0003953563208486000    1.000000000000000   0.0000000000000000
     surfk_1_6                      0.0002499822046931000    1.000000000000000   0.0000000000000000
     surfk_1_8                      0.0002497176874531000    1.000000000000000   0.0000000000000000
     surfk_1_9                      0.0002500814761978000    1.000000000000000   0.0000000000000000
     surfk_2_1                      0.0002517175745626000    1.000000000000000   0.0000000000000000
    surfk_2_10                      0.0002511413809480800    1.000000000000000   0.0000000000000000
    surfk_2_11                      0.0002510515745523500    1.000000000000000   0.0000000000000000
    surfk_2_12                      0.0002501136475880100    1.000000000000000   0.0000000000000000
    surfk_2_14                      0.0001584121664286600    1.000000000000000   0.0000000000000000
    surfk_2_15                      0.0001629301564098200    1.000000000000000   0.0000000000000000
    surfk_2_16                      0.0001584132192631100    1.000000000000000   0.0000000000000000
    surfk_2_17                      0.0001584214127866500    1.000000000000000   0.0000000000000000
    surfk_2_18                      0.0001566775421937400    1.000000000000000   0.0000000000000000
    surfk_2_19                      0.0001584031377131100    1.000000000000000   0.0000000000000000
     surfk_2_2                      9.959648068718000e-05    1.000000000000000   0.0000000000000000
    surfk_2_20                      0.0006304182922593200    1.000000000000000   0.0000000000000000
    surfk_2_21                      0.0001584141339604900    1.000000000000000   0.0000000000000000
    surfk_2_22                      0.0001585177859906100    1.000000000000000   0.0000000000000000
     surfk_2_3                      9.989950123698000e-05    1.000000000000000   0.0000000000000000
     surfk_2_4                      0.0002499848490166000    1.000000000000000   0.0000000000000000
     surfk_2_5                      0.0002522432932173000    1.000000000000000   0.0000000000000000
     surfk_2_6                      0.0001577156385306000    1.000000000000000   0.0000000000000000
     surfk_2_7                      0.0002511097062690000    1.000000000000000   0.0000000000000000
     surfk_2_8                      0.0002511146170128000    1.000000000000000   0.0000000000000000
     surfk_2_9                      0.0002499690972592000    1.000000000000000   0.0000000000000000
     surfk_3_1                      3.000088578714000e-08    1.000000000000000   0.0000000000000000
    surfk_3_10                      3.089889729874900e-08    1.000000000000000   0.0000000000000000
    surfk_3_11                      3.090144712895500e-08    1.000000000000000   0.0000000000000000
    surfk_3_12                      3.090094711210700e-08    1.000000000000000   0.0000000000000000
    surfk_3_13                      3.090131510892700e-08    1.000000000000000   0.0000000000000000
    surfk_3_14                      3.180136665230900e-08    1.000000000000000   0.0000000000000000
    surfk_3_15                      3.070090857457300e-08    1.000000000000000   0.0000000000000000
    surfk_3_16                      9.990497239859500e-08    1.000000000000000   0.0000000000000000
    surfk_3_17                      3.090133565555000e-08    1.000000000000000   0.0000000000000000
    surfk_3_18                      3.089968010216900e-08    1.000000000000000   0.0000000000000000
    surfk_3_19                      3.090093776098900e-08    1.000000000000000   0.0000000000000000
     surfk_3_2                      3.070090857459000e-08    1.000000000000000   0.0000000000000000
    surfk_3_20                      1.150059434454000e-07    1.000000000000000   0.0000000000000000
    surfk_3_21                      3.090141964670000e-08    1.000000000000000   0.0000000000000000
    surfk_3_22                      3.080134153304000e-08    1.000000000000000   0.0000000000000000
     surfk_3_3                      3.070090857459000e-08    1.000000000000000   0.0000000000000000
     surfk_3_4                      3.070090857459000e-08    1.000000000000000   0.0000000000000000
     surfk_3_5                      3.089697329372000e-08    1.000000000000000   0.0000000000000000
     surfk_3_6                      9.979176803269000e-08    1.000000000000000   0.0000000000000000
     surfk_3_7                      3.070090857460000e-08    1.000000000000000   0.0000000000000000
     surfk_3_8                      3.090135724276000e-08    1.000000000000000   0.0000000000000000
     surfk_3_9                      3.090131510892000e-08    1.000000000000000   0.0000000000000000
   vka_ratio_1                      0.09938616230691230    1.000000000000000   0.0000000000000000
   vka_ratio_2                      0.1011232603083441    1.000000000000000   0.0000000000000000
   vka_ratio_3                      0.09997638072413918    1.000000000000000   0.0000000000000000
       vks_1_1                      0.0002511890000000000    1.000000000000000   0.0000000000000000
      vks_1_10                      0.0002511890000000000    1.000000000000000   0.0000000000000000
      vks_1_11                      0.0002511890000000000    1.000000000000000   0.0000000000000000
      vks_1_12                      0.0002511890000000000    1.000000000000000   0.0000000000000000
      vks_1_13                      0.0002511890000000000    1.000000000000000   0.0000000000000000
      vks_1_14                      0.0002511890000000000    1.000000000000000   0.0000000000000000
      vks_1_15                      0.0002511890000000000    1.000000000000000   0.0000000000000000
      vks_1_16                      0.0002511890000000000    1.000000000000000   0.0000000000000000
      vks_1_17                      0.0002511890000000000    1.000000000000000   0.0000000000000000
      vks_1_18                      0.0002511890000000000    1.000000000000000   0.0000000000000000
      vks_1_19                      0.0002511890000000000    1.000000000000000   0.0000000000000000
       vks_1_2                      0.0002511890000000000    1.000000000000000   0.0000000000000000
      vks_1_21                      0.0002511890000000000    1.000000000000000   0.0000000000000000
       vks_1_3                      0.0002511890000000000    1.000000000000000   0.0000000000000000
       vks_1_4                      0.0003981070000000000    1.000000000000000   0.0000000000000000
       vks_1_5                      0.0003981070000000000    1.000000000000000   0.0000000000000000
       vks_1_6                      0.0002511890000000000    1.000000000000000   0.0000000000000000
       vks_1_8                      0.0002511890000000000    1.000000000000000   0.0000000000000000
       vks_1_9                      0.0002511890000000000    1.000000000000000   0.0000000000000000
       vks_2_1                      0.0002511890000000000    1.000000000000000   0.0000000000000000
      vks_2_10                      0.0002511890000000000    1.000000000000000   0.0000000000000000
      vks_2_11                      0.0002511890000000000    1.000000000000000   0.0000000000000000
      vks_2_12                      0.0002511890000000000    1.000000000000000   0.0000000000000000
      vks_2_14                      0.0001584890000000000    1.000000000000000   0.0000000000000000
      vks_2_15                      0.0001584890000000000    1.000000000000000   0.0000000000000000
      vks_2_16                      0.0001584890000000000    1.000000000000000   0.0000000000000000
      vks_2_17                      0.0001584890000000000    1.000000000000000   0.0000000000000000
      vks_2_18                      0.0001584890000000000    1.000000000000000   0.0000000000000000
      vks_2_19                      0.0001584890000000000    1.000000000000000   0.0000000000000000
       vks_2_2                      0.0001000000000000000    1.000000000000000   0.0000000000000000
      vks_2_20                      0.0006309570000000000    1.000000000000000   0.0000000000000000
      vks_2_21                      0.0001584890000000000    1.000000000000000   0.0000000000000000
      vks_2_22                      0.0001584890000000000    1.000000000000000   0.0000000000000000
       vks_2_3                      0.0001000000000000000    1.000000000000000   0.0000000000000000
       vks_2_4                      0.0002511890000000000    1.000000000000000   0.0000000000000000
       vks_2_5                      0.0002511890000000000    1.000000000000000   0.0000000000000000
       vks_2_6                      0.0001584890000000000    1.000000000000000   0.0000000000000000
       vks_2_7                      0.0002511890000000000    1.000000000000000   0.0000000000000000
       vks_2_8                      0.0002511890000000000    1.000000000000000   0.0000000000000000
       vks_2_9                      0.0002511890000000000    1.000000000000000   0.0000000000000000
       vks_3_1                      3.020000000000000e-08    1.000000000000000   0.0000000000000000
      vks_3_10                      3.090000000000000e-08    1.000000000000000   0.0000000000000000
      vks_3_11                      3.090000000000000e-08    1.000000000000000   0.0000000000000000
      vks_3_12                      3.090000000000000e-08    1.000000000000000   0.0000000000000000
      vks_3_13                      3.090000000000000e-08    1.000000000000000   0.0000000000000000
      vks_3_14                      3.090000000000000e-08    1.000000000000000   0.0000000000000000
      vks_3_15                      3.090000000000000e-08    1.000000000000000   0.0000000000000000
      vks_3_16                      1.000000000000000e-07    1.000000000000000   0.0000000000000000
      vks_3_17                      3.090000000000000e-08    1.000000000000000   0.0000000000000000
      vks_3_18                      3.090000000000000e-08    1.000000000000000   0.0000000000000000
      vks_3_19                      3.090000000000000e-08    1.000000000000000   0.0000000000000000
       vks_3_2                      3.090000000000000e-08    1.000000000000000   0.0000000000000000
      vks_3_20                      1.150000000000000e-07    1.000000000000000   0.0000000000000000
      vks_3_21                      3.090000000000000e-08    1.000000000000000   0.0000000000000000
      vks_3_22                      3.090000000000000e-08    1.000000000000000   0.0000000000000000
       vks_3_3                      3.090000000000000e-08    1.000000000000000   0.0000000000000000
       vks_3_4                      3.090000000000000e-08    1.000000000000000   0.0000000000000000
       vks_3_5                      3.090000000000000e-08    1.000000000000000   0.0000000000000000
       vks_3_6                      1.000000000000000e-07    1.000000000000000   0.0000000000000000
       vks_3_7                      3.090000000000000e-08    1.000000000000000   0.0000000000000000
       vks_3_8                      3.090000000000000e-08    1.000000000000000   0.0000000000000000
       vks_3_9                      3.090000000000000e-08    1.000000000000000   0.0000000000000000
