single point
        finf_1                      0.4830353000000000    1.000000000000000   0.0000000000000000
       finf_10                      0.4725046550000000    1.000000000000000   0.0000000000000000
       finf_11                      0.4725046520000000    1.000000000000000   0.0000000000000000
       finf_12                      0.4725046520000000    1.000000000000000   0.0000000000000000
       finf_13                      0.4725046250000000    1.000000000000000   0.0000000000000000
       finf_14                      0.4830353020000000    1.000000000000000   0.0000000000000000
       finf_15                      0.4830353000000000    1.000000000000000   0.0000000000000000
       finf_16                      0.4830353000000000    1.000000000000000   0.0000000000000000
       finf_17                      0.4830352960000000    1.000000000000000   0.0000000000000000
       finf_18                      0.4830353000000000    1.000000000000000   0.0000000000000000
       finf_19                      0.4830353020000000    1.000000000000000   0.0000000000000000
        finf_2                      0.4830352990000000    1.000000000000000   0.0000000000000000
       finf_20                      0.5284619410000000    1.000000000000000   0.0000000000000000
       finf_21                      0.4830353010000000    1.000000000000000   0.0000000000000000
       finf_22                      0.4830353040000000    1.000000000000000   0.0000000000000000
        finf_3                      0.4830353050000000    1.000000000000000   0.0000000000000000
        finf_4                      0.4105800060000000    1.000000000000000   0.0000000000000000
        finf_5                      0.4105800060000000    1.000000000000000   0.0000000000000000
        finf_6                      0.4830352990000000    1.000000000000000   0.0000000000000000
        finf_7                      0.4725046530000000    1.000000000000000   0.0000000000000000
        finf_8                      0.4725046500000000    1.000000000000000   0.0000000000000000
        finf_9                      0.4725046480000000    1.000000000000000   0.0000000000000000
          ks_1                      0.8441018385900000    1.000000000000000   0.0000000000000000
         ks_10                      1.764736601416000    1.000000000000000   0.0000000000000000
        ks_100                      1.007177928000000e-05    1.000000000000000   0.0000000000000000
        ks_101                      0.0008426484078000000    1.000000000000000   0.0000000000000000
        ks_102                      7.931656269000001e-05    1.000000000000000   0.0000000000000000
        ks_103                      0.0004322722177000000    1.000000000000000   0.0000000000000000
        ks_104                      1.000215639000000e-05    1.000000000000000   0.0000000000000000
        ks_105                      1.010238831000000e-05    1.000000000000000   0.0000000000000000
        ks_106                      0.0001451039189000000    1.000000000000000   0.0000000000000000
        ks_107                      0.0003111105492000000    1.000000000000000   0.0000000000000000
        ks_108                      4.453081916700900    1.000000000000000   0.0000000000000000
        ks_109                      7.176434733848800    1.000000000000000   0.0000000000000000
         ks_11                      0.3066007521050000    1.000000000000000   0.0000000000000000
        ks_110                      3.899742901583400    1.000000000000000   0.0000000000000000
        ks_111                      4.802501888603900    1.000000000000000   0.0000000000000000
        ks_112                      3.173026137399900    1.000000000000000   0.0000000000000000
        ks_113                      0.1009525335170000    1.000000000000000   0.0000000000000000
        ks_114                      8.209264979560700    1.000000000000000   0.0000000000000000
        ks_115                      6.438838469679700    1.000000000000000   0.0000000000000000
        ks_116                      0.4043939329339000    1.000000000000000   0.0000000000000000
        ks_117                      13.86458435356200    1.000000000000000   0.0000000000000000
        ks_118                      2.033413521290600    1.000000000000000   0.0000000000000000
        ks_119                      10.45489848906500    1.000000000000000   0.0000000000000000
         ks_12                      8.949408680270000    1.000000000000000   0.0000000000000000
        ks_120                      0.1583433525026000    1.000000000000000   0.0000000000000000
        ks_121                      2.156920780970700    1.000000000000000   0.0000000000000000
        ks_122                      39.65335568751300    1.000000000000000   0.0000000000000000
        ks_123                      11.13477015849500    1.000000000000000   0.0000000000000000
        ks_124                      2.007535471150500    1.000000000000000   0.0000000000000000
        ks_125                      440.9255117000000    1.000000000000000   0.0000000000000000
        ks_126                      490.9691084000000    1.000000000000000   0.0000000000000000
        ks_127                      1.896398050831000    1.000000000000000   0.0000000000000000
        ks_128                      3.434662674190900    1.000000000000000   0.0000000000000000
        ks_129                      6.005186583834800    1.000000000000000   0.0000000000000000
         ks_13                      1.678086846382000    1.000000000000000   0.0000000000000000
        ks_130                      13.11361893611300    1.000000000000000   0.0000000000000000
        ks_131                      0.0002011704900000000    1.000000000000000   0.0000000000000000
        ks_132                      0.0001991858014000000    1.000000000000000   0.0000000000000000
        ks_133                      0.0002009621247000000    1.000000000000000   0.0000000000000000
        ks_134                      0.02629843626630000    1.000000000000000   0.0000000000000000
        ks_135                      0.0001586390000000000    1.000000000000000   0.0000000000000000
        ks_136                      0.0002896342512000000    1.000000000000000   0.0000000000000000
        ks_137                      0.004138326260000000    1.000000000000000   0.0000000000000000
        ks_138                      6.437511893616200    1.000000000000000   0.0000000000000000
        ks_139                      0.0002287960000000000    1.000000000000000   0.0000000000000000
         ks_14                      4.530203202218000    1.000000000000000   0.0000000000000000
        ks_140                      14.38901361174700    1.000000000000000   0.0000000000000000
        ks_141                      0.0001977620000000000    1.000000000000000   0.0000000000000000
        ks_142                      0.0001998280000000000    1.000000000000000   0.0000000000000000
        ks_143                      0.001729991412000000    1.000000000000000   0.0000000000000000
        ks_144                      1.009422409510200    1.000000000000000   0.0000000000000000
        ks_145                      29.39645601602100    1.000000000000000   0.0000000000000000
        ks_146                      5.730148681583000    1.000000000000000   0.0000000000000000
        ks_147                      4.032190919049200    1.000000000000000   0.0000000000000000
        ks_148                      5.968576523973300    1.000000000000000   0.0000000000000000
        ks_149                      0.0002640010572000000    1.000000000000000   0.0000000000000000
         ks_15                      2.702053566540000    1.000000000000000   0.0000000000000000
        ks_150                      7.236363194244700    1.000000000000000   0.0000000000000000
        ks_151                      6.008476875098500    1.000000000000000   0.0000000000000000
        ks_152                      0.09897416940050000    1.000000000000000   0.0000000000000000
        ks_153                      38.36403986600600    1.000000000000000   0.0000000000000000
        ks_154                      56.23738351913100    1.000000000000000   0.0000000000000000
        ks_155                      0.0001947444890000000    1.000000000000000   0.0000000000000000
        ks_156                      0.1854179717302000    1.000000000000000   0.0000000000000000
        ks_157                      0.1962401674598000    1.000000000000000   0.0000000000000000
        ks_158                      0.6270176708820000    1.000000000000000   0.0000000000000000
        ks_159                      0.02677837564740000    1.000000000000000   0.0000000000000000
         ks_16                      490.1863720000000    1.000000000000000   0.0000000000000000
        ks_160                      1.053958651513700    1.000000000000000   0.0000000000000000
        ks_161                      361.7723927000000    1.000000000000000   0.0000000000000000
        ks_162                      0.1866588433546000    1.000000000000000   0.0000000000000000
        ks_163                      0.06871051930210000    1.000000000000000   0.0000000000000000
        ks_164                      0.05451232131330000    1.000000000000000   0.0000000000000000
        ks_165                      6.268813374329400    1.000000000000000   0.0000000000000000
        ks_166                      0.01565731479630000    1.000000000000000   0.0000000000000000
        ks_167                      0.03741949947390000    1.000000000000000   0.0000000000000000
        ks_168                      0.1156942183716000    1.000000000000000   0.0000000000000000
        ks_169                      0.0002626826170000000    1.000000000000000   0.0000000000000000
         ks_17                      1.668701426425000    1.000000000000000   0.0000000000000000
        ks_170                      0.002015232050000000    1.000000000000000   0.0000000000000000
        ks_171                      1.174873380371800    1.000000000000000   0.0000000000000000
        ks_172                      0.01965664201560000    1.000000000000000   0.0000000000000000
        ks_173                      0.008019425557000000    1.000000000000000   0.0000000000000000
        ks_174                      5.846031099308700    1.000000000000000   0.0000000000000000
        ks_175                      0.1252031208485000    1.000000000000000   0.0000000000000000
        ks_176                      0.004492625142000000    1.000000000000000   0.0000000000000000
        ks_177                      1.109003316364700    1.000000000000000   0.0000000000000000
        ks_178                      0.0002003869985000000    1.000000000000000   0.0000000000000000
        ks_179                      1.961580000000000    1.000000000000000   0.0000000000000000
         ks_18                      2.534969991840000    1.000000000000000   0.0000000000000000
        ks_180                      1.940507379000000e-05    1.000000000000000   0.0000000000000000
        ks_181                      0.02889190505370000    1.000000000000000   0.0000000000000000
        ks_182                      4.861054641128700    1.000000000000000   0.0000000000000000
        ks_183                      0.9628103633174000    1.000000000000000   0.0000000000000000
        ks_184                      0.0004039782514000000    1.000000000000000   0.0000000000000000
        ks_185                      9.551975133000000e-05    1.000000000000000   0.0000000000000000
        ks_186                      9.822007508000000e-05    1.000000000000000   0.0000000000000000
        ks_187                      0.0001093193766000000    1.000000000000000   0.0000000000000000
        ks_188                      0.0003909056472000000    1.000000000000000   0.0000000000000000
        ks_189                      0.0001148164157000000    1.000000000000000   0.0000000000000000
         ks_19                      44.72264543354000    1.000000000000000   0.0000000000000000
        ks_190                      9.938748177999999e-06    1.000000000000000   0.0000000000000000
        ks_191                      0.0001008774934000000    1.000000000000000   0.0000000000000000
        ks_192                      0.0001286630000000000    1.000000000000000   0.0000000000000000
        ks_193                      0.0002040630000000000    1.000000000000000   0.0000000000000000
        ks_194                      9.862280737000000e-06    1.000000000000000   0.0000000000000000
        ks_195                      0.0007743017340000000    1.000000000000000   0.0000000000000000
        ks_196                      1.000025882000000e-05    1.000000000000000   0.0000000000000000
        ks_197                      0.0001310075488000000    1.000000000000000   0.0000000000000000
        ks_198                      0.0001691973197000000    1.000000000000000   0.0000000000000000
        ks_199                      1.120233460000000e-05    1.000000000000000   0.0000000000000000
          ks_2                      0.02990220217000000    1.000000000000000   0.0000000000000000
         ks_20                      0.3783194243400000    1.000000000000000   0.0000000000000000
        ks_200                      1.020218694000000e-05    1.000000000000000   0.0000000000000000
        ks_201                      9.866154293000001e-06    1.000000000000000   0.0000000000000000
        ks_202                      0.0001014443691000000    1.000000000000000   0.0000000000000000
        ks_203                      0.0001137144370000000    1.000000000000000   0.0000000000000000
        ks_204                      9.872080434000000e-05    1.000000000000000   0.0000000000000000
        ks_205                      0.0001036393592000000    1.000000000000000   0.0000000000000000
        ks_206                      9.934425189999999e-06    1.000000000000000   0.0000000000000000
        ks_207                      0.0001017805498000000    1.000000000000000   0.0000000000000000
        ks_208                      1.380094733000000e-05    1.000000000000000   0.0000000000000000
        ks_209                      0.0002943854484000000    1.000000000000000   0.0000000000000000
         ks_21                      0.6799621273230000    1.000000000000000   0.0000000000000000
        ks_210                      8.671788064000000e-05    1.000000000000000   0.0000000000000000
        ks_211                      8.811802865000000e-05    1.000000000000000   0.0000000000000000
        ks_212                      0.0001025577586000000    1.000000000000000   0.0000000000000000
        ks_213                      9.560000000000001e-05    1.000000000000000   0.0000000000000000
        ks_214                      9.912043739000001e-05    1.000000000000000   0.0000000000000000
        ks_215                      9.812023116000000e-05    1.000000000000000   0.0000000000000000
        ks_216                      0.0001002733937000000    1.000000000000000   0.0000000000000000
        ks_217                      9.421527503000000e-05    1.000000000000000   0.0000000000000000
        ks_218                      5.171067807000000e-05    1.000000000000000   0.0000000000000000
        ks_219                      0.0001037823853000000    1.000000000000000   0.0000000000000000
         ks_22                      0.4627315832420000    1.000000000000000   0.0000000000000000
        ks_220                      9.221888638000000e-05    1.000000000000000   0.0000000000000000
        ks_221                      0.0001335745183000000    1.000000000000000   0.0000000000000000
        ks_222                      0.0001087550000000000    1.000000000000000   0.0000000000000000
        ks_223                      0.0001155851834000000    1.000000000000000   0.0000000000000000
        ks_224                      9.980000056999999e-05    1.000000000000000   0.0000000000000000
        ks_225                      1.010000000000000e-05    1.000000000000000   0.0000000000000000
        ks_226                      0.0001053437486000000    1.000000000000000   0.0000000000000000
        ks_227                      8.661731606000000e-05    1.000000000000000   0.0000000000000000
        ks_228                      8.749999854999999e-05    1.000000000000000   0.0000000000000000
        ks_229                      0.0004248780000000000    1.000000000000000   0.0000000000000000
         ks_23                      255.5331060000000    1.000000000000000   0.0000000000000000
        ks_230                      1.041222022000000e-05    1.000000000000000   0.0000000000000000
        ks_231                      3.370012549000000e-05    1.000000000000000   0.0000000000000000
        ks_232                      0.0003541810000000000    1.000000000000000   0.0000000000000000
        ks_233                      6.059439302000000e-05    1.000000000000000   0.0000000000000000
         ks_24                      0.04905402602500000    1.000000000000000   0.0000000000000000
         ks_25                      0.08691922455100000    1.000000000000000   0.0000000000000000
         ks_26                      543.8927210000001    1.000000000000000   0.0000000000000000
         ks_27                      0.7309875258800000    1.000000000000000   0.0000000000000000
         ks_28                      0.3934353990710000    1.000000000000000   0.0000000000000000
         ks_29                      3.236707516286000    1.000000000000000   0.0000000000000000
          ks_3                      0.7177477053900000    1.000000000000000   0.0000000000000000
         ks_30                      1.000039250000000e-05    1.000000000000000   0.0000000000000000
         ks_31                      2.632011234654000    1.000000000000000   0.0000000000000000
         ks_32                      0.0001996901740000000    1.000000000000000   0.0000000000000000
         ks_33                      0.09870450974599999    1.000000000000000   0.0000000000000000
         ks_34                      50.21800000000000    1.000000000000000   0.0000000000000000
         ks_35                      0.0001955453190000000    1.000000000000000   0.0000000000000000
         ks_36                      0.0006003026480000001    1.000000000000000   0.0000000000000000
         ks_37                      0.0002246102380000000    1.000000000000000   0.0000000000000000
         ks_38                      0.2209481263830000    1.000000000000000   0.0000000000000000
         ks_39                      0.0001957613090000000    1.000000000000000   0.0000000000000000
          ks_4                      8.879086035560000    1.000000000000000   0.0000000000000000
         ks_40                      0.6522220838050000    1.000000000000000   0.0000000000000000
         ks_41                      1.142956158614000    1.000000000000000   0.0000000000000000
         ks_42                      2.263510369195000    1.000000000000000   0.0000000000000000
         ks_43                      0.2690426071390000    1.000000000000000   0.0000000000000000
         ks_44                      0.5001675485950000    1.000000000000000   0.0000000000000000
         ks_45                      0.01600153658700000    1.000000000000000   0.0000000000000000
         ks_46                      1.515994582617000    1.000000000000000   0.0000000000000000
         ks_47                      5.615849498591000    1.000000000000000   0.0000000000000000
         ks_48                      9.053332839932001    1.000000000000000   0.0000000000000000
         ks_49                      0.0002067014660000000    1.000000000000000   0.0000000000000000
          ks_5                      48.30964920090000    1.000000000000000   0.0000000000000000
         ks_50                      2.923796019214000    1.000000000000000   0.0000000000000000
         ks_51                      4.580083620000000e-05    1.000000000000000   0.0000000000000000
         ks_52                      0.003442632220000000    1.000000000000000   0.0000000000000000
         ks_53                      4.936714210000000    1.000000000000000   0.0000000000000000
         ks_54                      0.01775678992600000    1.000000000000000   0.0000000000000000
         ks_55                      19.75658878890000    1.000000000000000   0.0000000000000000
         ks_56                      72.73570829040000    1.000000000000000   0.0000000000000000
         ks_57                      5.460276081347000    1.000000000000000   0.0000000000000000
         ks_58                      0.3099695175030000    1.000000000000000   0.0000000000000000
         ks_59                      0.006924621920000000    1.000000000000000   0.0000000000000000
          ks_6                      221.6180200000000    1.000000000000000   0.0000000000000000
         ks_60                      5.020567843220000    1.000000000000000   0.0000000000000000
         ks_61                      0.02854779998500000    1.000000000000000   0.0000000000000000
         ks_62                      0.2777190451850000    1.000000000000000   0.0000000000000000
         ks_63                      10.56848268686000    1.000000000000000   0.0000000000000000
         ks_64                      0.0006140979460000000    1.000000000000000   0.0000000000000000
         ks_65                      0.001874241960000000    1.000000000000000   0.0000000000000000
         ks_66                      5.527088195998000    1.000000000000000   0.0000000000000000
         ks_67                      8.913531717144000    1.000000000000000   0.0000000000000000
         ks_68                      0.009242339380000001    1.000000000000000   0.0000000000000000
         ks_69                      0.7381390886420000    1.000000000000000   0.0000000000000000
          ks_7                      1.020209200000000e-05    1.000000000000000   0.0000000000000000
         ks_70                      3.769903086631000    1.000000000000000   0.0000000000000000
         ks_71                      9.979205460000000e-06    1.000000000000000   0.0000000000000000
         ks_72                      8.833823620000000e-05    1.000000000000000   0.0000000000000000
         ks_73                      0.0001127231480000000    1.000000000000000   0.0000000000000000
         ks_74                      9.321994929999999e-05    1.000000000000000   0.0000000000000000
         ks_75                      1.399923280000000e-05    1.000000000000000   0.0000000000000000
         ks_76                      0.0001919759990000000    1.000000000000000   0.0000000000000000
         ks_77                      0.0001022219910000000    1.000000000000000   0.0000000000000000
         ks_78                      1.615693320000000e-05    1.000000000000000   0.0000000000000000
         ks_79                      1.000203960000000e-05    1.000000000000000   0.0000000000000000
          ks_8                      1.000206300000000e-05    1.000000000000000   0.0000000000000000
         ks_80                      259.4449440000000    1.000000000000000   0.0000000000000000
         ks_81                      9.011858130000000e-05    1.000000000000000   0.0000000000000000
         ks_82                      98.01700000000000    1.000000000000000   0.0000000000000000
         ks_83                      6.564713556066000    1.000000000000000   0.0000000000000000
         ks_84                      9.021915690000000e-05    1.000000000000000   0.0000000000000000
         ks_85                      1.290266040000000e-05    1.000000000000000   0.0000000000000000
         ks_86                      0.0001315871300000000    1.000000000000000   0.0000000000000000
         ks_87                      500.0000000000000    1.000000000000000   0.0000000000000000
         ks_88                      21.88360000000000    1.000000000000000   0.0000000000000000
         ks_89                      7.981635060000000e-05    1.000000000000000   0.0000000000000000
          ks_9                      8.236360238960000    1.000000000000000   0.0000000000000000
         ks_90                      4.484814321651000    1.000000000000000   0.0000000000000000
         ks_91                      14.46689922001000    1.000000000000000   0.0000000000000000
         ks_92                      0.0001140045060000000    1.000000000000000   0.0000000000000000
         ks_93                      0.04175451947800000    1.000000000000000   0.0000000000000000
         ks_94                      3.019394390000000e-05    1.000000000000000   0.0000000000000000
         ks_95                      0.0001000000000000000    1.000000000000000   0.0000000000000000
         ks_96                      0.0001729306560000000    1.000000000000000   0.0000000000000000
         ks_97                      5.520052530000000e-05    1.000000000000000   0.0000000000000000
         ks_98                      0.0001145294530000000    1.000000000000000   0.0000000000000000
         ks_99                      0.0001065169670000000    1.000000000000000   0.0000000000000000
    lak_cond_1                      1.000000000000000    1.000000000000000   0.0000000000000000
   lak_cond_12                      0.9944701300000000    1.000000000000000   0.0000000000000000
    lak_cond_2                      1.000000000000000    1.000000000000000   0.0000000000000000
         pet_1                      9.500000000000001e-05    1.000000000000000   0.0000000000000000
 pond_recharge                      14698.21922776241    1.000000000000000   0.0000000000000000
       sfr_k_1                      0.1178287075161800    1.000000000000000   0.0000000000000000
      sfr_k_10                      0.1005219663928490    1.000000000000000   0.0000000000000000
      sfr_k_11                      0.1004101980885490    1.000000000000000   0.0000000000000000
      sfr_k_12                      0.1025721176018480    1.000000000000000   0.0000000000000000
      sfr_k_13                      0.1000266068293690    1.000000000000000   0.0000000000000000
      sfr_k_14                      0.1006395144557190    1.000000000000000   0.0000000000000000
      sfr_k_15                      0.1001948375433740    1.000000000000000   0.0000000000000000
      sfr_k_16                      0.1043944268511120    1.000000000000000   0.0000000000000000
      sfr_k_17                      0.09973979341048100    1.000000000000000   0.0000000000000000
      sfr_k_18                      0.1529339987663830    1.000000000000000   0.0000000000000000
      sfr_k_19                      0.1000692708874380    1.000000000000000   0.0000000000000000
       sfr_k_2                      0.09971473574601000    1.000000000000000   0.0000000000000000
      sfr_k_20                      0.1002301316677850    1.000000000000000   0.0000000000000000
      sfr_k_21                      0.1000824492258920    1.000000000000000   0.0000000000000000
      sfr_k_22                      0.1073402653168220    1.000000000000000   0.0000000000000000
       sfr_k_3                      0.09419245800440000    1.000000000000000   0.0000000000000000
       sfr_k_4                      0.09767749043241999    1.000000000000000   0.0000000000000000
       sfr_k_5                      0.1119651406717200    1.000000000000000   0.0000000000000000
       sfr_k_6                      0.1010794488825200    1.000000000000000   0.0000000000000000
       sfr_k_7                      0.1009434018061900    1.000000000000000   0.0000000000000000
       sfr_k_8                      0.1014691885986000    1.000000000000000   0.0000000000000000
       sfr_k_9                      0.1047879365098900    1.000000000000000   0.0000000000000000
     spill_447                      185.0599976000000    1.000000000000000   0.0000000000000000
     spill_449                      146.6000061000000    1.000000000000000   0.0000000000000000
     spill_688                      8.230000000000000    1.000000000000000   0.0000000000000000
     surfk_1_1                      0.0002503200797282000    1.000000000000000   0.0000000000000000
    surfk_1_10                      0.0002513012500261500    1.000000000000000   0.0000000000000000
    surfk_1_11                      0.0002511556182201100    1.000000000000000   0.0000000000000000
    surfk_1_12                      0.0002510723324195500    1.000000000000000   0.0000000000000000
    surfk_1_13                      0.0002511448604932500    1.000000000000000   0.0000000000000000
    surfk_1_14                      0.0002510600000000000    1.000000000000000   0.0000000000000000
    surfk_1_15                      0.0002501741806722700    1.000000000000000   0.0000000000000000
    surfk_1_16                      0.0002500117882670100    1.000000000000000   0.0000000000000000
    surfk_1_17                      0.0002511634868141900    1.000000000000000   0.0000000000000000
    surfk_1_18                      0.0002504210000000000    1.000000000000000   0.0000000000000000
    surfk_1_19                      0.0002511170000000000    1.000000000000000   0.0000000000000000
     surfk_1_2                      0.0002501663071763000    1.000000000000000   0.0000000000000000
    surfk_1_21                      0.0002510216260447100    1.000000000000000   0.0000000000000000
     surfk_1_3                      0.0002511568965565000    1.000000000000000   0.0000000000000000
     surfk_1_4                      0.0003965687479316000    1.000000000000000   0.0000000000000000
     surfk_1_5                      0.0003953931673573000    1.000000000000000   0.0000000000000000
     surfk_1_6                      0.0002499919999998000    1.000000000000000   0.0000000000000000
     surfk_1_8                      0.0002497190000000000    1.000000000000000   0.0000000000000000
     surfk_1_9                      0.0002501027427181000    1.000000000000000   0.0000000000000000
     surfk_2_1                      0.0002512520719056000    1.000000000000000   0.0000000000000000
    surfk_2_10                      0.0002511884854247500    1.000000000000000   0.0000000000000000
    surfk_2_11                      0.0002511237225650200    1.000000000000000   0.0000000000000000
    surfk_2_12                      0.0002501444594424300    1.000000000000000   0.0000000000000000
    surfk_2_14                      0.0001584429414193500    1.000000000000000   0.0000000000000000
    surfk_2_15                      0.0001629310000000000    1.000000000000000   0.0000000000000000
    surfk_2_16                      0.0001584457788482300    1.000000000000000   0.0000000000000000
    surfk_2_17                      0.0001584220000000000    1.000000000000000   0.0000000000000000
    surfk_2_18                      0.0001566398417151600    1.000000000000000   0.0000000000000000
    surfk_2_19                      0.0001584347147359400    1.000000000000000   0.0000000000000000
     surfk_2_2                      9.961954412881000e-05    1.000000000000000   0.0000000000000000
    surfk_2_20                      0.0006303227616954200    1.000000000000000   0.0000000000000000
    surfk_2_21                      0.0001584459209954300    1.000000000000000   0.0000000000000000
    surfk_2_22                      0.0001585146837404300    1.000000000000000   0.0000000000000000
     surfk_2_3                      9.990000057118000e-05    1.000000000000000   0.0000000000000000
     surfk_2_4                      0.0002499859979120000    1.000000000000000   0.0000000000000000
     surfk_2_5                      0.0002520985374401000    1.000000000000000   0.0000000000000000
     surfk_2_6                      0.0001577474150745000    1.000000000000000   0.0000000000000000
     surfk_2_7                      0.0002511536875077000    1.000000000000000   0.0000000000000000
     surfk_2_8                      0.0002511627253669000    1.000000000000000   0.0000000000000000
     surfk_2_9                      0.0002499364453447000    1.000000000000000   0.0000000000000000
     surfk_3_1                      3.000000000000000e-08    1.000000000000000   0.0000000000000000
    surfk_3_10                      3.090637250661200e-08    1.000000000000000   0.0000000000000000
    surfk_3_11                      3.090633123484500e-08    1.000000000000000   0.0000000000000000
    surfk_3_12                      3.090000000000000e-08    1.000000000000000   0.0000000000000000
    surfk_3_13                      3.090637250638900e-08    1.000000000000000   0.0000000000000000
    surfk_3_14                      3.180655578435600e-08    1.000000000000000   0.0000000000000000
    surfk_3_15                      3.070000000000000e-08    1.000000000000000   0.0000000000000000
    surfk_3_16                      9.992044439612800e-08    1.000000000000000   0.0000000000000000
    surfk_3_17                      3.090637250650100e-08    1.000000000000000   0.0000000000000000
    surfk_3_18                      3.090633682001400e-08    1.000000000000000   0.0000000000000000
    surfk_3_19                      3.090000000000000e-08    1.000000000000000   0.0000000000000000
     surfk_3_2                      3.070000000000000e-08    1.000000000000000   0.0000000000000000
    surfk_3_20                      1.150235715230800e-07    1.000000000000000   0.0000000000000000
    surfk_3_21                      3.090660000000000e-08    1.000000000000000   0.0000000000000000
    surfk_3_22                      3.080632621209200e-08    1.000000000000000   0.0000000000000000
     surfk_3_3                      3.070000000000000e-08    1.000000000000000   0.0000000000000000
     surfk_3_4                      3.070000000000000e-08    1.000000000000000   0.0000000000000000
     surfk_3_5                      3.090660629150000e-08    1.000000000000000   0.0000000000000000
     surfk_3_6                      9.978808971387000e-08    1.000000000000000   0.0000000000000000
     surfk_3_7                      3.070000000000000e-08    1.000000000000000   0.0000000000000000
     surfk_3_8                      3.090637250643000e-08    1.000000000000000   0.0000000000000000
     surfk_3_9                      3.090637250648000e-08    1.000000000000000   0.0000000000000000
   vka_ratio_1                      0.09892561745222793    1.000000000000000   0.0000000000000000
   vka_ratio_2                      0.1006550000000000    1.000000000000000   0.0000000000000000
   vka_ratio_3                      0.09999990029372068    1.000000000000000   0.0000000000000000
       vks_1_1                      0.0002511890000000000    1.000000000000000   0.0000000000000000
      vks_1_10                      0.0002511890000000000    1.000000000000000   0.0000000000000000
      vks_1_11                      0.0002511890000000000    1.000000000000000   0.0000000000000000
      vks_1_12                      0.0002511890000000000    1.000000000000000   0.0000000000000000
      vks_1_13                      0.0002511890000000000    1.000000000000000   0.0000000000000000
      vks_1_14                      0.0002511890000000000    1.000000000000000   0.0000000000000000
      vks_1_15                      0.0002511890000000000    1.000000000000000   0.0000000000000000
      vks_1_16                      0.0002511890000000000    1.000000000000000   0.0000000000000000
      vks_1_17                      0.0002511890000000000    1.000000000000000   0.0000000000000000
      vks_1_18                      0.0002511890000000000    1.000000000000000   0.0000000000000000
      vks_1_19                      0.0002511890000000000    1.000000000000000   0.0000000000000000
       vks_1_2                      0.0002511890000000000    1.000000000000000   0.0000000000000000
      vks_1_21                      0.0002511890000000000    1.000000000000000   0.0000000000000000
       vks_1_3                      0.0002511890000000000    1.000000000000000   0.0000000000000000
       vks_1_4                      0.0003981070000000000    1.000000000000000   0.0000000000000000
       vks_1_5                      0.0003981070000000000    1.000000000000000   0.0000000000000000
       vks_1_6                      0.0002511890000000000    1.000000000000000   0.0000000000000000
       vks_1_8                      0.0002511890000000000    1.000000000000000   0.0000000000000000
       vks_1_9                      0.0002511890000000000    1.000000000000000   0.0000000000000000
       vks_2_1                      0.0002511890000000000    1.000000000000000   0.0000000000000000
      vks_2_10                      0.0002511890000000000    1.000000000000000   0.0000000000000000
      vks_2_11                      0.0002511890000000000    1.000000000000000   0.0000000000000000
      vks_2_12                      0.0002511890000000000    1.000000000000000   0.0000000000000000
      vks_2_14                      0.0001584890000000000    1.000000000000000   0.0000000000000000
      vks_2_15                      0.0001584890000000000    1.000000000000000   0.0000000000000000
      vks_2_16                      0.0001584890000000000    1.000000000000000   0.0000000000000000
      vks_2_17                      0.0001584890000000000    1.000000000000000   0.0000000000000000
      vks_2_18                      0.0001584890000000000    1.000000000000000   0.0000000000000000
      vks_2_19                      0.0001584890000000000    1.000000000000000   0.0000000000000000
       vks_2_2                      0.0001000000000000000    1.000000000000000   0.0000000000000000
      vks_2_20                      0.0006309570000000000    1.000000000000000   0.0000000000000000
      vks_2_21                      0.0001584890000000000    1.000000000000000   0.0000000000000000
      vks_2_22                      0.0001584890000000000    1.000000000000000   0.0000000000000000
       vks_2_3                      0.0001000000000000000    1.000000000000000   0.0000000000000000
       vks_2_4                      0.0002511890000000000    1.000000000000000   0.0000000000000000
       vks_2_5                      0.0002511890000000000    1.000000000000000   0.0000000000000000
       vks_2_6                      0.0001584890000000000    1.000000000000000   0.0000000000000000
       vks_2_7                      0.0002511890000000000    1.000000000000000   0.0000000000000000
       vks_2_8                      0.0002511890000000000    1.000000000000000   0.0000000000000000
       vks_2_9                      0.0002511890000000000    1.000000000000000   0.0000000000000000
       vks_3_1                      3.020000000000000e-08    1.000000000000000   0.0000000000000000
      vks_3_10                      3.090000000000000e-08    1.000000000000000   0.0000000000000000
      vks_3_11                      3.090000000000000e-08    1.000000000000000   0.0000000000000000
      vks_3_12                      3.090000000000000e-08    1.000000000000000   0.0000000000000000
      vks_3_13                      3.090000000000000e-08    1.000000000000000   0.0000000000000000
      vks_3_14                      3.090000000000000e-08    1.000000000000000   0.0000000000000000
      vks_3_15                      3.090000000000000e-08    1.000000000000000   0.0000000000000000
      vks_3_16                      1.000000000000000e-07    1.000000000000000   0.0000000000000000
      vks_3_17                      3.090000000000000e-08    1.000000000000000   0.0000000000000000
      vks_3_18                      3.090000000000000e-08    1.000000000000000   0.0000000000000000
      vks_3_19                      3.090000000000000e-08    1.000000000000000   0.0000000000000000
       vks_3_2                      3.090000000000000e-08    1.000000000000000   0.0000000000000000
      vks_3_20                      1.150000000000000e-07    1.000000000000000   0.0000000000000000
      vks_3_21                      3.090000000000000e-08    1.000000000000000   0.0000000000000000
      vks_3_22                      3.090000000000000e-08    1.000000000000000   0.0000000000000000
       vks_3_3                      3.090000000000000e-08    1.000000000000000   0.0000000000000000
       vks_3_4                      3.090000000000000e-08    1.000000000000000   0.0000000000000000
       vks_3_5                      3.090000000000000e-08    1.000000000000000   0.0000000000000000
       vks_3_6                      1.000000000000000e-07    1.000000000000000   0.0000000000000000
       vks_3_7                      3.090000000000000e-08    1.000000000000000   0.0000000000000000
       vks_3_8                      3.090000000000000e-08    1.000000000000000   0.0000000000000000
       vks_3_9                      3.090000000000000e-08    1.000000000000000   0.0000000000000000
