single point
        finf_1                      0.4830353000000000    1.000000000000000   0.0000000000000000
       finf_10                      0.4725046550000000    1.000000000000000   0.0000000000000000
       finf_11                      0.4725046520000000    1.000000000000000   0.0000000000000000
       finf_12                      0.4725046520000000    1.000000000000000   0.0000000000000000
       finf_13                      0.4725046250000000    1.000000000000000   0.0000000000000000
       finf_14                      0.4830353020000000    1.000000000000000   0.0000000000000000
       finf_15                      0.4830353000000000    1.000000000000000   0.0000000000000000
       finf_16                      0.4830353000000000    1.000000000000000   0.0000000000000000
       finf_17                      0.4830352960000000    1.000000000000000   0.0000000000000000
       finf_18                      0.4830353000000000    1.000000000000000   0.0000000000000000
       finf_19                      0.4830353020000000    1.000000000000000   0.0000000000000000
        finf_2                      0.4830352990000000    1.000000000000000   0.0000000000000000
       finf_20                      0.5284619410000000    1.000000000000000   0.0000000000000000
       finf_21                      0.4830353010000000    1.000000000000000   0.0000000000000000
       finf_22                      0.4830353040000000    1.000000000000000   0.0000000000000000
        finf_3                      0.4830353050000000    1.000000000000000   0.0000000000000000
        finf_4                      0.4105800060000000    1.000000000000000   0.0000000000000000
        finf_5                      0.4105800060000000    1.000000000000000   0.0000000000000000
        finf_6                      0.4830352990000000    1.000000000000000   0.0000000000000000
        finf_7                      0.4725046530000000    1.000000000000000   0.0000000000000000
        finf_8                      0.4725046500000000    1.000000000000000   0.0000000000000000
        finf_9                      0.4725046480000000    1.000000000000000   0.0000000000000000
          ks_1                      0.8448433949700001    1.000000000000000   0.0000000000000000
         ks_10                      1.837076323065000    1.000000000000000   0.0000000000000000
        ks_100                      1.258010441000000e-05    1.000000000000000   0.0000000000000000
        ks_101                      0.0007841569886000000    1.000000000000000   0.0000000000000000
        ks_102                      7.931968344999999e-05    1.000000000000000   0.0000000000000000
        ks_103                      0.0003854982818000000    1.000000000000000   0.0000000000000000
        ks_104                      9.981495453000000e-06    1.000000000000000   0.0000000000000000
        ks_105                      1.008258302000000e-05    1.000000000000000   0.0000000000000000
        ks_106                      0.0001451625582000000    1.000000000000000   0.0000000000000000
        ks_107                      0.0002736020483000000    1.000000000000000   0.0000000000000000
        ks_108                      4.576837494634000    1.000000000000000   0.0000000000000000
        ks_109                      7.765767869685200    1.000000000000000   0.0000000000000000
         ks_11                      0.3290756204620000    1.000000000000000   0.0000000000000000
        ks_110                      4.087323333641100    1.000000000000000   0.0000000000000000
        ks_111                      9.499591683934700    1.000000000000000   0.0000000000000000
        ks_112                      4.397489673343000    1.000000000000000   0.0000000000000000
        ks_113                      0.08507788434860000    1.000000000000000   0.0000000000000000
        ks_114                      9.583953388970000    1.000000000000000   0.0000000000000000
        ks_115                      6.702826593112600    1.000000000000000   0.0000000000000000
        ks_116                      0.4046385619147000    1.000000000000000   0.0000000000000000
        ks_117                      13.21538200163200    1.000000000000000   0.0000000000000000
        ks_118                      2.027294799640600    1.000000000000000   0.0000000000000000
        ks_119                      10.81476416651800    1.000000000000000   0.0000000000000000
         ks_12                      9.294070932503001    1.000000000000000   0.0000000000000000
        ks_120                      0.1428963687623000    1.000000000000000   0.0000000000000000
        ks_121                      2.289976687472900    1.000000000000000   0.0000000000000000
        ks_122                      41.38314004071700    1.000000000000000   0.0000000000000000
        ks_123                      11.06961280734800    1.000000000000000   0.0000000000000000
        ks_124                      2.127367117004000    1.000000000000000   0.0000000000000000
        ks_125                      78.40887588169900    1.000000000000000   0.0000000000000000
        ks_126                      327.0151573000000    1.000000000000000   0.0000000000000000
        ks_127                      1.625230073630100    1.000000000000000   0.0000000000000000
        ks_128                      4.477092528766400    1.000000000000000   0.0000000000000000
        ks_129                      6.374109482485500    1.000000000000000   0.0000000000000000
         ks_13                      1.668448917726000    1.000000000000000   0.0000000000000000
        ks_130                      13.11360000000000    1.000000000000000   0.0000000000000000
        ks_131                      0.0002012659330000000    1.000000000000000   0.0000000000000000
        ks_132                      0.0001992709666000000    1.000000000000000   0.0000000000000000
        ks_133                      0.0002010497381000000    1.000000000000000   0.0000000000000000
        ks_134                      0.02727813871580000    1.000000000000000   0.0000000000000000
        ks_135                      0.0001587031668000000    1.000000000000000   0.0000000000000000
        ks_136                      0.0002673133815000000    1.000000000000000   0.0000000000000000
        ks_137                      0.004684176386000000    1.000000000000000   0.0000000000000000
        ks_138                      6.713202399001600    1.000000000000000   0.0000000000000000
        ks_139                      0.0002289083984000000    1.000000000000000   0.0000000000000000
         ks_14                      4.576172055862000    1.000000000000000   0.0000000000000000
        ks_140                      15.18675423403800    1.000000000000000   0.0000000000000000
        ks_141                      0.0001985047811000000    1.000000000000000   0.0000000000000000
        ks_142                      0.0001999149955000000    1.000000000000000   0.0000000000000000
        ks_143                      0.001570098839000000    1.000000000000000   0.0000000000000000
        ks_144                      1.045094186151500    1.000000000000000   0.0000000000000000
        ks_145                      29.39650000000000    1.000000000000000   0.0000000000000000
        ks_146                      5.933905278948500    1.000000000000000   0.0000000000000000
        ks_147                      5.441349882579400    1.000000000000000   0.0000000000000000
        ks_148                      6.219570913170400    1.000000000000000   0.0000000000000000
        ks_149                      0.0002661481318000000    1.000000000000000   0.0000000000000000
         ks_15                      2.676900521926000    1.000000000000000   0.0000000000000000
        ks_150                      7.675650110092800    1.000000000000000   0.0000000000000000
        ks_151                      6.249377192610900    1.000000000000000   0.0000000000000000
        ks_152                      0.1070504246316000    1.000000000000000   0.0000000000000000
        ks_153                      41.77917078505600    1.000000000000000   0.0000000000000000
        ks_154                      75.60821326199500    1.000000000000000   0.0000000000000000
        ks_155                      0.0001879398626000000    1.000000000000000   0.0000000000000000
        ks_156                      0.1881906903512000    1.000000000000000   0.0000000000000000
        ks_157                      0.2235103553982000    1.000000000000000   0.0000000000000000
        ks_158                      0.6449812687841000    1.000000000000000   0.0000000000000000
        ks_159                      0.02670878877390000    1.000000000000000   0.0000000000000000
         ks_16                      328.0355000000000    1.000000000000000   0.0000000000000000
        ks_160                      1.077832029308600    1.000000000000000   0.0000000000000000
        ks_161                      354.2589663000000    1.000000000000000   0.0000000000000000
        ks_162                      0.1972303060652000    1.000000000000000   0.0000000000000000
        ks_163                      0.07069785552210001    1.000000000000000   0.0000000000000000
        ks_164                      0.05648641856490000    1.000000000000000   0.0000000000000000
        ks_165                      6.912063860654700    1.000000000000000   0.0000000000000000
        ks_166                      0.01566161065040000    1.000000000000000   0.0000000000000000
        ks_167                      0.02962821022320000    1.000000000000000   0.0000000000000000
        ks_168                      0.1152434798044000    1.000000000000000   0.0000000000000000
        ks_169                      0.0002523706336000000    1.000000000000000   0.0000000000000000
         ks_17                      1.725060404354000    1.000000000000000   0.0000000000000000
        ks_170                      0.001815541008000000    1.000000000000000   0.0000000000000000
        ks_171                      0.9533738229591000    1.000000000000000   0.0000000000000000
        ks_172                      0.02042468803380000    1.000000000000000   0.0000000000000000
        ks_173                      0.008670350592000000    1.000000000000000   0.0000000000000000
        ks_174                      6.071969089951800    1.000000000000000   0.0000000000000000
        ks_175                      0.1297288729079000    1.000000000000000   0.0000000000000000
        ks_176                      0.003088992635000000    1.000000000000000   0.0000000000000000
        ks_177                      1.159974940327100    1.000000000000000   0.0000000000000000
        ks_178                      0.0002004708687000000    1.000000000000000   0.0000000000000000
        ks_179                      1.166611429371300    1.000000000000000   0.0000000000000000
         ks_18                      2.490320087695000    1.000000000000000   0.0000000000000000
        ks_180                      1.939528178000000e-05    1.000000000000000   0.0000000000000000
        ks_181                      0.02834357945550000    1.000000000000000   0.0000000000000000
        ks_182                      5.237487172751200    1.000000000000000   0.0000000000000000
        ks_183                      0.9988854566391000    1.000000000000000   0.0000000000000000
        ks_184                      0.0003700915229000000    1.000000000000000   0.0000000000000000
        ks_185                      9.556644998000000e-05    1.000000000000000   0.0000000000000000
        ks_186                      9.826710966000001e-05    1.000000000000000   0.0000000000000000
        ks_187                      0.0001093689742000000    1.000000000000000   0.0000000000000000
        ks_188                      0.0003583933785000000    1.000000000000000   0.0000000000000000
        ks_189                      0.0001148660189000000    1.000000000000000   0.0000000000000000
         ks_19                      46.19496741934000    1.000000000000000   0.0000000000000000
        ks_190                      9.927984252000000e-06    1.000000000000000   0.0000000000000000
        ks_191                      0.0001009250096000000    1.000000000000000   0.0000000000000000
        ks_192                      0.0001216775602000000    1.000000000000000   0.0000000000000000
        ks_193                      0.0002296535161000000    1.000000000000000   0.0000000000000000
        ks_194                      9.851850540000000e-06    1.000000000000000   0.0000000000000000
        ks_195                      0.0007308790849000000    1.000000000000000   0.0000000000000000
        ks_196                      9.889047856000000e-06    1.000000000000000   0.0000000000000000
        ks_197                      0.0001311333254000000    1.000000000000000   0.0000000000000000
        ks_198                      0.0001714741302000000    1.000000000000000   0.0000000000000000
        ks_199                      1.117388649000000e-05    1.000000000000000   0.0000000000000000
          ks_2                      0.03265072390000000    1.000000000000000   0.0000000000000000
         ks_20                      0.8256725630660000    1.000000000000000   0.0000000000000000
        ks_200                      1.015483594000000e-05    1.000000000000000   0.0000000000000000
        ks_201                      9.855707156000000e-06    1.000000000000000   0.0000000000000000
        ks_202                      0.0001014550942000000    1.000000000000000   0.0000000000000000
        ks_203                      0.0001137643897000000    1.000000000000000   0.0000000000000000
        ks_204                      9.963701108999999e-05    1.000000000000000   0.0000000000000000
        ks_205                      0.0001036426600000000    1.000000000000000   0.0000000000000000
        ks_206                      9.923680077999999e-06    1.000000000000000   0.0000000000000000
        ks_207                      0.0001018253755000000    1.000000000000000   0.0000000000000000
        ks_208                      1.347810112000000e-05    1.000000000000000   0.0000000000000000
        ks_209                      0.0002752623478000000    1.000000000000000   0.0000000000000000
         ks_21                      0.9238637251970000    1.000000000000000   0.0000000000000000
        ks_210                      8.680327525000000e-05    1.000000000000000   0.0000000000000000
        ks_211                      8.811800000000000e-05    1.000000000000000   0.0000000000000000
        ks_212                      9.630292745000001e-05    1.000000000000000   0.0000000000000000
        ks_213                      9.564863275000000e-05    1.000000000000000   0.0000000000000000
        ks_214                      9.923126387000000e-05    1.000000000000000   0.0000000000000000
        ks_215                      9.816724952000000e-05    1.000000000000000   0.0000000000000000
        ks_216                      0.0001003208163000000    1.000000000000000   0.0000000000000000
        ks_217                      7.738971077000000e-05    1.000000000000000   0.0000000000000000
        ks_218                      5.175548145000000e-05    1.000000000000000   0.0000000000000000
        ks_219                      0.0001038305834000000    1.000000000000000   0.0000000000000000
         ks_22                      0.4790738833800000    1.000000000000000   0.0000000000000000
        ks_220                      9.226641313000000e-05    1.000000000000000   0.0000000000000000
        ks_221                      0.0001248729889000000    1.000000000000000   0.0000000000000000
        ks_222                      0.0001088199149000000    1.000000000000000   0.0000000000000000
        ks_223                      0.0001085846075000000    1.000000000000000   0.0000000000000000
        ks_224                      9.985252243000000e-05    1.000000000000000   0.0000000000000000
        ks_225                      1.008809567000000e-05    1.000000000000000   0.0000000000000000
        ks_226                      0.0001053918903000000    1.000000000000000   0.0000000000000000
        ks_227                      8.665935677000000e-05    1.000000000000000   0.0000000000000000
        ks_228                      7.828812983000000e-05    1.000000000000000   0.0000000000000000
        ks_229                      0.0003916029099000000    1.000000000000000   0.0000000000000000
         ks_23                      277.5110260000000    1.000000000000000   0.0000000000000000
        ks_230                      1.204476898000000e-05    1.000000000000000   0.0000000000000000
        ks_231                      6.142733950999999e-05    1.000000000000000   0.0000000000000000
        ks_232                      0.0003545821397000000    1.000000000000000   0.0000000000000000
        ks_233                      6.121152545000001e-05    1.000000000000000   0.0000000000000000
         ks_24                      0.05018322793200000    1.000000000000000   0.0000000000000000
         ks_25                      0.08103690067600000    1.000000000000000   0.0000000000000000
         ks_26                      1104.205640000000    1.000000000000000   0.0000000000000000
         ks_27                      0.4154608630030000    1.000000000000000   0.0000000000000000
         ks_28                      0.3848023281290000    1.000000000000000   0.0000000000000000
         ks_29                      3.266631483659000    1.000000000000000   0.0000000000000000
          ks_3                      0.7538365313800000    1.000000000000000   0.0000000000000000
         ks_30                      9.989360760000000e-06    1.000000000000000   0.0000000000000000
         ks_31                      2.731986028140000    1.000000000000000   0.0000000000000000
         ks_32                      0.0001997790730000000    1.000000000000000   0.0000000000000000
         ks_33                      0.1023142830850000    1.000000000000000   0.0000000000000000
         ks_34                      50.21800000000000    1.000000000000000   0.0000000000000000
         ks_35                      0.0001817899710000000    1.000000000000000   0.0000000000000000
         ks_36                      0.0005431219530000000    1.000000000000000   0.0000000000000000
         ks_37                      0.0002157356110000000    1.000000000000000   0.0000000000000000
         ks_38                      0.1801293617970000    1.000000000000000   0.0000000000000000
         ks_39                      0.0001958457610000000    1.000000000000000   0.0000000000000000
          ks_4                      24.06977735050000    1.000000000000000   0.0000000000000000
         ks_40                      0.8770476034519999    1.000000000000000   0.0000000000000000
         ks_41                      1.186337622730000    1.000000000000000   0.0000000000000000
         ks_42                      2.346982813289000    1.000000000000000   0.0000000000000000
         ks_43                      0.2017516362820000    1.000000000000000   0.0000000000000000
         ks_44                      0.4093810999440000    1.000000000000000   0.0000000000000000
         ks_45                      0.01346582810600000    1.000000000000000   0.0000000000000000
         ks_46                      0.4771699282260000    1.000000000000000   0.0000000000000000
         ks_47                      5.655441148181000    1.000000000000000   0.0000000000000000
         ks_48                      12.34480026067000    1.000000000000000   0.0000000000000000
         ks_49                      0.0001919878830000000    1.000000000000000   0.0000000000000000
          ks_5                      111.7708000000000    1.000000000000000   0.0000000000000000
         ks_50                      3.973117688084000    1.000000000000000   0.0000000000000000
         ks_51                      4.509961420000000e-05    1.000000000000000   0.0000000000000000
         ks_52                      0.003443098890000000    1.000000000000000   0.0000000000000000
         ks_53                      5.128020128862000    1.000000000000000   0.0000000000000000
         ks_54                      0.01829636937400000    1.000000000000000   0.0000000000000000
         ks_55                      15.70500203340000    1.000000000000000   0.0000000000000000
         ks_56                      72.88357519847000    1.000000000000000   0.0000000000000000
         ks_57                      5.205234393316000    1.000000000000000   0.0000000000000000
         ks_58                      0.3217159129020000    1.000000000000000   0.0000000000000000
         ks_59                      0.03158521374400000    1.000000000000000   0.0000000000000000
          ks_6                      321.9486200000000    1.000000000000000   0.0000000000000000
         ks_60                      4.636239497269000    1.000000000000000   0.0000000000000000
         ks_61                      0.02951719388200000    1.000000000000000   0.0000000000000000
         ks_62                      0.2761200842310000    1.000000000000000   0.0000000000000000
         ks_63                      10.97101105535000    1.000000000000000   0.0000000000000000
         ks_64                      0.0006204372380000000    1.000000000000000   0.0000000000000000
         ks_65                      0.001660577640000000    1.000000000000000   0.0000000000000000
         ks_66                      5.742369633462000    1.000000000000000   0.0000000000000000
         ks_67                      10.66482755910000    1.000000000000000   0.0000000000000000
         ks_68                      0.008215685570000001    1.000000000000000   0.0000000000000000
         ks_69                      0.7593237542310000    1.000000000000000   0.0000000000000000
          ks_7                      1.019019200000000e-05    1.000000000000000   0.0000000000000000
         ks_70                      3.894735996179000    1.000000000000000   0.0000000000000000
         ks_71                      9.968265640000001e-06    1.000000000000000   0.0000000000000000
         ks_72                      9.193619429999999e-05    1.000000000000000   0.0000000000000000
         ks_73                      0.0001060327670000000    1.000000000000000   0.0000000000000000
         ks_74                      9.339925180000000e-05    1.000000000000000   0.0000000000000000
         ks_75                      1.292209310000000e-05    1.000000000000000   0.0000000000000000
         ks_76                      0.0001824798810000000    1.000000000000000   0.0000000000000000
         ks_77                      0.0001022697020000000    1.000000000000000   0.0000000000000000
         ks_78                      1.617054500000000e-05    1.000000000000000   0.0000000000000000
         ks_79                      1.011114440000000e-05    1.000000000000000   0.0000000000000000
          ks_8                      9.991024000000000e-06    1.000000000000000   0.0000000000000000
         ks_80                      216.3114140000000    1.000000000000000   0.0000000000000000
         ks_81                      8.475776830000000e-05    1.000000000000000   0.0000000000000000
         ks_82                      145.2617590000000    1.000000000000000   0.0000000000000000
         ks_83                      6.823240637387000    1.000000000000000   0.0000000000000000
         ks_84                      8.487076450000000e-05    1.000000000000000   0.0000000000000000
         ks_85                      1.286339550000000e-05    1.000000000000000   0.0000000000000000
         ks_86                      0.0001316414800000000    1.000000000000000   0.0000000000000000
         ks_87                      500.0000000000000    1.000000000000000   0.0000000000000000
         ks_88                      21.88360000000000    1.000000000000000   0.0000000000000000
         ks_89                      7.778795690000000e-05    1.000000000000000   0.0000000000000000
          ks_9                      7.534082848590000    1.000000000000000   0.0000000000000000
         ks_90                      4.657450839164000    1.000000000000000   0.0000000000000000
         ks_91                      15.02206646135000    1.000000000000000   0.0000000000000000
         ks_92                      0.0001140560810000000    1.000000000000000   0.0000000000000000
         ks_93                      0.04095868507800000    1.000000000000000   0.0000000000000000
         ks_94                      1.448783860000000e-05    1.000000000000000   0.0000000000000000
         ks_95                      0.0001000473290000000    1.000000000000000   0.0000000000000000
         ks_96                      0.0001730011190000000    1.000000000000000   0.0000000000000000
         ks_97                      5.525149730000000e-05    1.000000000000000   0.0000000000000000
         ks_98                      0.0001086783530000000    1.000000000000000   0.0000000000000000
         ks_99                      0.0001065654630000000    1.000000000000000   0.0000000000000000
    lak_cond_1                      1.000000000000000    1.000000000000000   0.0000000000000000
   lak_cond_12                      1.032219449242294    1.000000000000000   0.0000000000000000
    lak_cond_2                      1.000000000000000    1.000000000000000   0.0000000000000000
         pet_1                      9.500000000000001e-05    1.000000000000000   0.0000000000000000
 pond_recharge                      15162.50258350283    1.000000000000000   0.0000000000000000
       sfr_k_1                      0.1097049955939600    1.000000000000000   0.0000000000000000
      sfr_k_10                      0.1009445401827100    1.000000000000000   0.0000000000000000
      sfr_k_11                      0.2207221357054870    1.000000000000000   0.0000000000000000
      sfr_k_12                      0.4554808484689180    1.000000000000000   0.0000000000000000
      sfr_k_13                      0.09988104984799000    1.000000000000000   0.0000000000000000
      sfr_k_14                      0.2053584354937560    1.000000000000000   0.0000000000000000
      sfr_k_15                      0.1324859449892880    1.000000000000000   0.0000000000000000
      sfr_k_16                      0.2249297918562520    1.000000000000000   0.0000000000000000
      sfr_k_17                      0.09973980000000000    1.000000000000000   0.0000000000000000
      sfr_k_18                      0.1550081176520730    1.000000000000000   0.0000000000000000
      sfr_k_19                      0.1037936891761020    1.000000000000000   0.0000000000000000
       sfr_k_2                      0.1360499666692600    1.000000000000000   0.0000000000000000
      sfr_k_20                      0.1011431410226760    1.000000000000000   0.0000000000000000
      sfr_k_21                      0.2014776461467700    1.000000000000000   0.0000000000000000
      sfr_k_22                      0.1365745768937270    1.000000000000000   0.0000000000000000
       sfr_k_3                      0.09452897893631999    1.000000000000000   0.0000000000000000
       sfr_k_4                      0.1039098481777400    1.000000000000000   0.0000000000000000
       sfr_k_5                      0.1578807110151800    1.000000000000000   0.0000000000000000
       sfr_k_6                      0.4893717066073000    1.000000000000000   0.0000000000000000
       sfr_k_7                      0.2550184440628700    1.000000000000000   0.0000000000000000
       sfr_k_8                      0.3010212717377200    1.000000000000000   0.0000000000000000
       sfr_k_9                      0.1749960912100100    1.000000000000000   0.0000000000000000
     spill_447                      185.0599976000000    1.000000000000000   0.0000000000000000
     spill_449                      146.6000061000000    1.000000000000000   0.0000000000000000
     spill_688                      8.230000000000000    1.000000000000000   0.0000000000000000
     surfk_1_1                      0.0002454818786822000    1.000000000000000   0.0000000000000000
    surfk_1_10                      0.0002537797172098800    1.000000000000000   0.0000000000000000
    surfk_1_11                      0.0002512825099854500    1.000000000000000   0.0000000000000000
    surfk_1_12                      0.0002512049614481700    1.000000000000000   0.0000000000000000
    surfk_1_13                      0.0002512840543346000    1.000000000000000   0.0000000000000000
    surfk_1_14                      0.0002511990782914500    1.000000000000000   0.0000000000000000
    surfk_1_15                      0.0002313989689696500    1.000000000000000   0.0000000000000000
    surfk_1_16                      0.0002484470490806200    1.000000000000000   0.0000000000000000
    surfk_1_17                      0.0002512966686289400    1.000000000000000   0.0000000000000000
    surfk_1_18                      0.0002504210000000000    1.000000000000000   0.0000000000000000
    surfk_1_19                      0.0002512561557122300    1.000000000000000   0.0000000000000000
     surfk_1_2                      0.0002453183384637000    1.000000000000000   0.0000000000000000
    surfk_1_21                      0.0002492586692926900    1.000000000000000   0.0000000000000000
     surfk_1_3                      0.0002324056317062000    1.000000000000000   0.0000000000000000
     surfk_1_4                      0.0003805348822349000    1.000000000000000   0.0000000000000000
     surfk_1_5                      0.0003704327991804000    1.000000000000000   0.0000000000000000
     surfk_1_6                      0.0002311755851911000    1.000000000000000   0.0000000000000000
     surfk_1_8                      0.0002498562672225000    1.000000000000000   0.0000000000000000
     surfk_1_9                      0.0002314035072738000    1.000000000000000   0.0000000000000000
     surfk_2_1                      0.0002709481714389000    1.000000000000000   0.0000000000000000
    surfk_2_10                      0.0002514577862916600    1.000000000000000   0.0000000000000000
    surfk_2_11                      0.0002321126526393100    1.000000000000000   0.0000000000000000
    surfk_2_12                      0.0002239336922150600    1.000000000000000   0.0000000000000000
    surfk_2_14                      0.0001519769436318600    1.000000000000000   0.0000000000000000
    surfk_2_15                      0.0001633055608001100    1.000000000000000   0.0000000000000000
    surfk_2_16                      0.0001585094781119800    1.000000000000000   0.0000000000000000
    surfk_2_17                      0.0001584860226199600    1.000000000000000   0.0000000000000000
    surfk_2_18                      0.0001565515619094400    1.000000000000000   0.0000000000000000
    surfk_2_19                      0.0001584983005665300    1.000000000000000   0.0000000000000000
     surfk_2_2                      9.712541910735000e-05    1.000000000000000   0.0000000000000000
    surfk_2_20                      0.0005713230566143300    1.000000000000000   0.0000000000000000
    surfk_2_21                      0.0001585396319553900    1.000000000000000   0.0000000000000000
    surfk_2_22                      0.0001520444661765000    1.000000000000000   0.0000000000000000
     surfk_2_3                      9.994731282206000e-05    1.000000000000000   0.0000000000000000
     surfk_2_4                      0.0002412019539986000    1.000000000000000   0.0000000000000000
     surfk_2_5                      0.0002535055103878000    1.000000000000000   0.0000000000000000
     surfk_2_6                      0.0001404050684784000    1.000000000000000   0.0000000000000000
     surfk_2_7                      0.0002512982954543000    1.000000000000000   0.0000000000000000
     surfk_2_8                      0.0002512976784379000    1.000000000000000   0.0000000000000000
     surfk_2_9                      0.0002358334410119000    1.000000000000000   0.0000000000000000
     surfk_3_1                      3.056017134996000e-08    1.000000000000000   0.0000000000000000
    surfk_3_10                      3.148151534321200e-08    1.000000000000000   0.0000000000000000
    surfk_3_11                      3.148147961782700e-08    1.000000000000000   0.0000000000000000
    surfk_3_12                      3.148947797383100e-08    1.000000000000000   0.0000000000000000
    surfk_3_13                      3.148151534597700e-08    1.000000000000000   0.0000000000000000
    surfk_3_14                      3.241273154069500e-08    1.000000000000000   0.0000000000000000
    surfk_3_15                      3.128739795832100e-08    1.000000000000000   0.0000000000000000
    surfk_3_16                      1.055749766500200e-07    1.000000000000000   0.0000000000000000
    surfk_3_17                      3.226631526786000e-08    1.000000000000000   0.0000000000000000
    surfk_3_18                      3.038754380940900e-08    1.000000000000000   0.0000000000000000
    surfk_3_19                      3.149079908977100e-08    1.000000000000000   0.0000000000000000
     surfk_3_2                      3.128739795709000e-08    1.000000000000000   0.0000000000000000
    surfk_3_20                      1.127992595023500e-07    1.000000000000000   0.0000000000000000
    surfk_3_21                      3.149618987028600e-08    1.000000000000000   0.0000000000000000
    surfk_3_22                      2.516211492509200e-08    1.000000000000000   0.0000000000000000
     surfk_3_3                      3.128739795969000e-08    1.000000000000000   0.0000000000000000
     surfk_3_4                      3.128739795952000e-08    1.000000000000000   0.0000000000000000
     surfk_3_5                      3.149096486290000e-08    1.000000000000000   0.0000000000000000
     surfk_3_6                      1.014170135951000e-07    1.000000000000000   0.0000000000000000
     surfk_3_7                      3.128739795929000e-08    1.000000000000000   0.0000000000000000
     surfk_3_8                      3.149727991400000e-08    1.000000000000000   0.0000000000000000
     surfk_3_9                      3.149203057574000e-08    1.000000000000000   0.0000000000000000
   vka_ratio_1                      0.3301675853743587    1.000000000000000   0.0000000000000000
   vka_ratio_2                      0.1013925268231925    1.000000000000000   0.0000000000000000
   vka_ratio_3                      0.1000152770627945    1.000000000000000   0.0000000000000000
       vks_1_1                      0.0002511890000000000    1.000000000000000   0.0000000000000000
      vks_1_10                      0.0002511890000000000    1.000000000000000   0.0000000000000000
      vks_1_11                      0.0002511890000000000    1.000000000000000   0.0000000000000000
      vks_1_12                      0.0002511890000000000    1.000000000000000   0.0000000000000000
      vks_1_13                      0.0002511890000000000    1.000000000000000   0.0000000000000000
      vks_1_14                      0.0002511890000000000    1.000000000000000   0.0000000000000000
      vks_1_15                      0.0002511890000000000    1.000000000000000   0.0000000000000000
      vks_1_16                      0.0002511890000000000    1.000000000000000   0.0000000000000000
      vks_1_17                      0.0002511890000000000    1.000000000000000   0.0000000000000000
      vks_1_18                      0.0002511890000000000    1.000000000000000   0.0000000000000000
      vks_1_19                      0.0002511890000000000    1.000000000000000   0.0000000000000000
       vks_1_2                      0.0002511890000000000    1.000000000000000   0.0000000000000000
      vks_1_21                      0.0002511890000000000    1.000000000000000   0.0000000000000000
       vks_1_3                      0.0002511890000000000    1.000000000000000   0.0000000000000000
       vks_1_4                      0.0003981070000000000    1.000000000000000   0.0000000000000000
       vks_1_5                      0.0003981070000000000    1.000000000000000   0.0000000000000000
       vks_1_6                      0.0002511890000000000    1.000000000000000   0.0000000000000000
       vks_1_8                      0.0002511890000000000    1.000000000000000   0.0000000000000000
       vks_1_9                      0.0002511890000000000    1.000000000000000   0.0000000000000000
       vks_2_1                      0.0002511890000000000    1.000000000000000   0.0000000000000000
      vks_2_10                      0.0002511890000000000    1.000000000000000   0.0000000000000000
      vks_2_11                      0.0002511890000000000    1.000000000000000   0.0000000000000000
      vks_2_12                      0.0002511890000000000    1.000000000000000   0.0000000000000000
      vks_2_14                      0.0001584890000000000    1.000000000000000   0.0000000000000000
      vks_2_15                      0.0001584890000000000    1.000000000000000   0.0000000000000000
      vks_2_16                      0.0001584890000000000    1.000000000000000   0.0000000000000000
      vks_2_17                      0.0001584890000000000    1.000000000000000   0.0000000000000000
      vks_2_18                      0.0001584890000000000    1.000000000000000   0.0000000000000000
      vks_2_19                      0.0001584890000000000    1.000000000000000   0.0000000000000000
       vks_2_2                      0.0001000000000000000    1.000000000000000   0.0000000000000000
      vks_2_20                      0.0006309570000000000    1.000000000000000   0.0000000000000000
      vks_2_21                      0.0001584890000000000    1.000000000000000   0.0000000000000000
      vks_2_22                      0.0001584890000000000    1.000000000000000   0.0000000000000000
       vks_2_3                      0.0001000000000000000    1.000000000000000   0.0000000000000000
       vks_2_4                      0.0002511890000000000    1.000000000000000   0.0000000000000000
       vks_2_5                      0.0002511890000000000    1.000000000000000   0.0000000000000000
       vks_2_6                      0.0001584890000000000    1.000000000000000   0.0000000000000000
       vks_2_7                      0.0002511890000000000    1.000000000000000   0.0000000000000000
       vks_2_8                      0.0002511890000000000    1.000000000000000   0.0000000000000000
       vks_2_9                      0.0002511890000000000    1.000000000000000   0.0000000000000000
       vks_3_1                      3.020000000000000e-08    1.000000000000000   0.0000000000000000
      vks_3_10                      3.090000000000000e-08    1.000000000000000   0.0000000000000000
      vks_3_11                      3.090000000000000e-08    1.000000000000000   0.0000000000000000
      vks_3_12                      3.090000000000000e-08    1.000000000000000   0.0000000000000000
      vks_3_13                      3.090000000000000e-08    1.000000000000000   0.0000000000000000
      vks_3_14                      3.090000000000000e-08    1.000000000000000   0.0000000000000000
      vks_3_15                      3.090000000000000e-08    1.000000000000000   0.0000000000000000
      vks_3_16                      1.000000000000000e-07    1.000000000000000   0.0000000000000000
      vks_3_17                      3.090000000000000e-08    1.000000000000000   0.0000000000000000
      vks_3_18                      3.090000000000000e-08    1.000000000000000   0.0000000000000000
      vks_3_19                      3.090000000000000e-08    1.000000000000000   0.0000000000000000
       vks_3_2                      3.090000000000000e-08    1.000000000000000   0.0000000000000000
      vks_3_20                      1.150000000000000e-07    1.000000000000000   0.0000000000000000
      vks_3_21                      3.090000000000000e-08    1.000000000000000   0.0000000000000000
      vks_3_22                      3.090000000000000e-08    1.000000000000000   0.0000000000000000
       vks_3_3                      3.090000000000000e-08    1.000000000000000   0.0000000000000000
       vks_3_4                      3.090000000000000e-08    1.000000000000000   0.0000000000000000
       vks_3_5                      3.090000000000000e-08    1.000000000000000   0.0000000000000000
       vks_3_6                      1.000000000000000e-07    1.000000000000000   0.0000000000000000
       vks_3_7                      3.090000000000000e-08    1.000000000000000   0.0000000000000000
       vks_3_8                      3.090000000000000e-08    1.000000000000000   0.0000000000000000
       vks_3_9                      3.090000000000000e-08    1.000000000000000   0.0000000000000000
