single point
        finf_1                      0.4830353000000000    1.000000000000000   0.0000000000000000
       finf_10                      0.4725046550000000    1.000000000000000   0.0000000000000000
       finf_11                      0.4725046520000000    1.000000000000000   0.0000000000000000
       finf_12                      0.4725046520000000    1.000000000000000   0.0000000000000000
       finf_13                      0.4725046250000000    1.000000000000000   0.0000000000000000
       finf_14                      0.4830353020000000    1.000000000000000   0.0000000000000000
       finf_15                      0.4830353000000000    1.000000000000000   0.0000000000000000
       finf_16                      0.4830353000000000    1.000000000000000   0.0000000000000000
       finf_17                      0.4830352960000000    1.000000000000000   0.0000000000000000
       finf_18                      0.4830353000000000    1.000000000000000   0.0000000000000000
       finf_19                      0.4830353020000000    1.000000000000000   0.0000000000000000
        finf_2                      0.4830352990000000    1.000000000000000   0.0000000000000000
       finf_20                      0.5284619410000000    1.000000000000000   0.0000000000000000
       finf_21                      0.4830353010000000    1.000000000000000   0.0000000000000000
       finf_22                      0.4830353040000000    1.000000000000000   0.0000000000000000
        finf_3                      0.4830353050000000    1.000000000000000   0.0000000000000000
        finf_4                      0.4105800060000000    1.000000000000000   0.0000000000000000
        finf_5                      0.4105800060000000    1.000000000000000   0.0000000000000000
        finf_6                      0.4830352990000000    1.000000000000000   0.0000000000000000
        finf_7                      0.4725046530000000    1.000000000000000   0.0000000000000000
        finf_8                      0.4725046500000000    1.000000000000000   0.0000000000000000
        finf_9                      0.4725046480000000    1.000000000000000   0.0000000000000000
          ks_1                      1.027757985440000    1.000000000000000   0.0000000000000000
         ks_10                      1.837588316339000    1.000000000000000   0.0000000000000000
        ks_100                      2.061001300000000e-05    1.000000000000000   0.0000000000000000
        ks_101                      0.0007443355379000000    1.000000000000000   0.0000000000000000
        ks_102                      7.697076290000000e-05    1.000000000000000   0.0000000000000000
        ks_103                      0.0003679574046000000    1.000000000000000   0.0000000000000000
        ks_104                      9.981120767000001e-06    1.000000000000000   0.0000000000000000
        ks_105                      1.008238841000000e-05    1.000000000000000   0.0000000000000000
        ks_106                      0.0001450882956000000    1.000000000000000   0.0000000000000000
        ks_107                      0.0002633779507000000    1.000000000000000   0.0000000000000000
        ks_108                      4.548337207178400    1.000000000000000   0.0000000000000000
        ks_109                      7.699569985207400    1.000000000000000   0.0000000000000000
         ks_11                      0.3309423649480000    1.000000000000000   0.0000000000000000
        ks_110                      3.993830064856100    1.000000000000000   0.0000000000000000
        ks_111                      9.374035715138399    1.000000000000000   0.0000000000000000
        ks_112                      4.497665110148500    1.000000000000000   0.0000000000000000
        ks_113                      0.07687142715980000    1.000000000000000   0.0000000000000000
        ks_114                      10.87132471968900    1.000000000000000   0.0000000000000000
        ks_115                      6.709768635727100    1.000000000000000   0.0000000000000000
        ks_116                      0.4000717844745000    1.000000000000000   0.0000000000000000
        ks_117                      13.42107519993100    1.000000000000000   0.0000000000000000
        ks_118                      2.019102698307900    1.000000000000000   0.0000000000000000
        ks_119                      10.78232882733100    1.000000000000000   0.0000000000000000
         ks_12                      9.294070933013000    1.000000000000000   0.0000000000000000
        ks_120                      0.1368301078592000    1.000000000000000   0.0000000000000000
        ks_121                      2.284037693608800    1.000000000000000   0.0000000000000000
        ks_122                      41.64767177137900    1.000000000000000   0.0000000000000000
        ks_123                      10.51374442242000    1.000000000000000   0.0000000000000000
        ks_124                      2.127367117038200    1.000000000000000   0.0000000000000000
        ks_125                      55.11389671867700    1.000000000000000   0.0000000000000000
        ks_126                      291.5195658000000    1.000000000000000   0.0000000000000000
        ks_127                      1.360628293294200    1.000000000000000   0.0000000000000000
        ks_128                      4.157717869100900    1.000000000000000   0.0000000000000000
        ks_129                      6.465653134214200    1.000000000000000   0.0000000000000000
         ks_13                      1.255080437270000    1.000000000000000   0.0000000000000000
        ks_130                      9.282788388660700    1.000000000000000   0.0000000000000000
        ks_131                      0.0002011139879000000    1.000000000000000   0.0000000000000000
        ks_132                      0.0001991133091000000    1.000000000000000   0.0000000000000000
        ks_133                      0.0002008927612000000    1.000000000000000   0.0000000000000000
        ks_134                      0.02727813871580000    1.000000000000000   0.0000000000000000
        ks_135                      0.0001586131912000000    1.000000000000000   0.0000000000000000
        ks_136                      0.0002571951788000000    1.000000000000000   0.0000000000000000
        ks_137                      0.004315251883000000    1.000000000000000   0.0000000000000000
        ks_138                      6.727216280432400    1.000000000000000   0.0000000000000000
        ks_139                      0.0002287056061000000    1.000000000000000   0.0000000000000000
         ks_14                      4.514768807109000    1.000000000000000   0.0000000000000000
        ks_140                      15.20989244669500    1.000000000000000   0.0000000000000000
        ks_141                      0.0001983577624000000    1.000000000000000   0.0000000000000000
        ks_142                      0.0001997652872000000    1.000000000000000   0.0000000000000000
        ks_143                      0.001514745440000000    1.000000000000000   0.0000000000000000
        ks_144                      1.046617748033500    1.000000000000000   0.0000000000000000
        ks_145                      29.24655172270600    1.000000000000000   0.0000000000000000
        ks_146                      5.927012913635900    1.000000000000000   0.0000000000000000
        ks_147                      5.467379285443400    1.000000000000000   0.0000000000000000
        ks_148                      6.183803379643400    1.000000000000000   0.0000000000000000
        ks_149                      0.0002658617396000000    1.000000000000000   0.0000000000000000
         ks_15                      2.724244797107000    1.000000000000000   0.0000000000000000
        ks_150                      7.675650109925400    1.000000000000000   0.0000000000000000
        ks_151                      6.249377203373500    1.000000000000000   0.0000000000000000
        ks_152                      0.1122811513616000    1.000000000000000   0.0000000000000000
        ks_153                      43.61590223073300    1.000000000000000   0.0000000000000000
        ks_154                      75.60820000000000    1.000000000000000   0.0000000000000000
        ks_155                      0.0001754635568000000    1.000000000000000   0.0000000000000000
        ks_156                      0.1859702088949000    1.000000000000000   0.0000000000000000
        ks_157                      0.2073615485970000    1.000000000000000   0.0000000000000000
        ks_158                      0.6439557970440000    1.000000000000000   0.0000000000000000
        ks_159                      0.02665559529620000    1.000000000000000   0.0000000000000000
         ks_16                      293.1598360000000    1.000000000000000   0.0000000000000000
        ks_160                      1.091745813021200    1.000000000000000   0.0000000000000000
        ks_161                      500.0000000000000    1.000000000000000   0.0000000000000000
        ks_162                      0.1971308625038000    1.000000000000000   0.0000000000000000
        ks_163                      0.07069785802549999    1.000000000000000   0.0000000000000000
        ks_164                      0.05648642577320000    1.000000000000000   0.0000000000000000
        ks_165                      6.894838181527300    1.000000000000000   0.0000000000000000
        ks_166                      0.01566161323490000    1.000000000000000   0.0000000000000000
        ks_167                      0.02695788216400000    1.000000000000000   0.0000000000000000
        ks_168                      0.1165099948360000    1.000000000000000   0.0000000000000000
        ks_169                      0.0002430197024000000    1.000000000000000   0.0000000000000000
         ks_17                      1.726039254761000    1.000000000000000   0.0000000000000000
        ks_170                      0.001651778872000000    1.000000000000000   0.0000000000000000
        ks_171                      0.8214701776631000    1.000000000000000   0.0000000000000000
        ks_172                      0.02042468793820000    1.000000000000000   0.0000000000000000
        ks_173                      0.009334874949000000    1.000000000000000   0.0000000000000000
        ks_174                      6.071969090768600    1.000000000000000   0.0000000000000000
        ks_175                      0.1297288729003000    1.000000000000000   0.0000000000000000
        ks_176                      0.002869059024000000    1.000000000000000   0.0000000000000000
        ks_177                      1.159974940745000    1.000000000000000   0.0000000000000000
        ks_178                      0.0002003366656000000    1.000000000000000   0.0000000000000000
        ks_179                      0.9503630465621000    1.000000000000000   0.0000000000000000
         ks_18                      2.476656610864000    1.000000000000000   0.0000000000000000
        ks_180                      1.902621366000000e-05    1.000000000000000   0.0000000000000000
        ks_181                      0.02863206615200000    1.000000000000000   0.0000000000000000
        ks_182                      5.237523664040600    1.000000000000000   0.0000000000000000
        ks_183                      0.9988854567438999    1.000000000000000   0.0000000000000000
        ks_184                      0.0003547830411000000    1.000000000000000   0.0000000000000000
        ks_185                      9.553956205000000e-05    1.000000000000000   0.0000000000000000
        ks_186                      9.823462211000000e-05    1.000000000000000   0.0000000000000000
        ks_187                      0.0001093283015000000    1.000000000000000   0.0000000000000000
        ks_188                      0.0003576015985000000    1.000000000000000   0.0000000000000000
        ks_189                      0.0001148226125000000    1.000000000000000   0.0000000000000000
         ks_19                      46.19596430791000    1.000000000000000   0.0000000000000000
        ks_190                      9.927613248000000e-06    1.000000000000000   0.0000000000000000
        ks_191                      0.0001008906559000000    1.000000000000000   0.0000000000000000
        ks_192                      0.0001216286755000000    1.000000000000000   0.0000000000000000
        ks_193                      0.0002296540000000000    1.000000000000000   0.0000000000000000
        ks_194                      9.851484743000000e-06    1.000000000000000   0.0000000000000000
        ks_195                      0.0007276692026000001    1.000000000000000   0.0000000000000000
        ks_196                      9.888679519000001e-06    1.000000000000000   0.0000000000000000
        ks_197                      0.0001543529806000000    1.000000000000000   0.0000000000000000
        ks_198                      0.0001690456874000000    1.000000000000000   0.0000000000000000
        ks_199                      1.117390000000000e-05    1.000000000000000   0.0000000000000000
          ks_2                      0.03071546613000000    1.000000000000000   0.0000000000000000
         ks_20                      1.191086064204000    1.000000000000000   0.0000000000000000
        ks_200                      9.949568494000001e-06    1.000000000000000   0.0000000000000000
        ks_201                      9.855341095999999e-06    1.000000000000000   0.0000000000000000
        ks_202                      0.0001014182662000000    1.000000000000000   0.0000000000000000
        ks_203                      0.0001137201769000000    1.000000000000000   0.0000000000000000
        ks_204                      9.960413506000000e-05    1.000000000000000   0.0000000000000000
        ks_205                      0.0001035921510000000    1.000000000000000   0.0000000000000000
        ks_206                      9.923309369000000e-06    1.000000000000000   0.0000000000000000
        ks_207                      0.0001017886638000000    1.000000000000000   0.0000000000000000
        ks_208                      1.347738992000000e-05    1.000000000000000   0.0000000000000000
        ks_209                      0.0002680439781000000    1.000000000000000   0.0000000000000000
         ks_21                      0.9256450223679999    1.000000000000000   0.0000000000000000
        ks_210                      8.677817929000000e-05    1.000000000000000   0.0000000000000000
        ks_211                      8.809210978000000e-05    1.000000000000000   0.0000000000000000
        ks_212                      9.627554571000000e-05    1.000000000000000   0.0000000000000000
        ks_213                      9.561798306000000e-05    1.000000000000000   0.0000000000000000
        ks_214                      9.919816612000001e-05    1.000000000000000   0.0000000000000000
        ks_215                      9.813488987000000e-05    1.000000000000000   0.0000000000000000
        ks_216                      0.0001002798648000000    1.000000000000000   0.0000000000000000
        ks_217                      7.011951801999999e-05    1.000000000000000   0.0000000000000000
        ks_218                      5.174671852000000e-05    1.000000000000000   0.0000000000000000
        ks_219                      0.0001037984975000000    1.000000000000000   0.0000000000000000
         ks_22                      0.4656649641180000    1.000000000000000   0.0000000000000000
        ks_220                      9.223792659000000e-05    1.000000000000000   0.0000000000000000
        ks_221                      0.0001248730000000000    1.000000000000000   0.0000000000000000
        ks_222                      0.0001051718436000000    1.000000000000000   0.0000000000000000
        ks_223                      0.0001053141869000000    1.000000000000000   0.0000000000000000
        ks_224                      9.982500334000000e-05    1.000000000000000   0.0000000000000000
        ks_225                      1.008771062000000e-05    1.000000000000000   0.0000000000000000
        ks_226                      0.0001053549164000000    1.000000000000000   0.0000000000000000
        ks_227                      8.663337075000000e-05    1.000000000000000   0.0000000000000000
        ks_228                      7.304622353000000e-05    1.000000000000000   0.0000000000000000
        ks_229                      0.0003909133492000000    1.000000000000000   0.0000000000000000
         ks_23                      292.8139560000000    1.000000000000000   0.0000000000000000
        ks_230                      1.254941259000000e-05    1.000000000000000   0.0000000000000000
        ks_231                      7.394964747000000e-05    1.000000000000000   0.0000000000000000
        ks_232                      0.0003540222346000000    1.000000000000000   0.0000000000000000
        ks_233                      5.954783782000000e-05    1.000000000000000   0.0000000000000000
         ks_24                      0.04989353871200000    1.000000000000000   0.0000000000000000
         ks_25                      0.08036031973799999    1.000000000000000   0.0000000000000000
         ks_26                      2054.277160000000    1.000000000000000   0.0000000000000000
         ks_27                      0.3478684028550000    1.000000000000000   0.0000000000000000
         ks_28                      0.3737230908680000    1.000000000000000   0.0000000000000000
         ks_29                      3.286557907238000    1.000000000000000   0.0000000000000000
          ks_3                      0.7554596773500000    1.000000000000000   0.0000000000000000
         ks_30                      9.988985530000000e-06    1.000000000000000   0.0000000000000000
         ks_31                      2.731677738847000    1.000000000000000   0.0000000000000000
         ks_32                      0.0001996295910000000    1.000000000000000   0.0000000000000000
         ks_33                      0.1022967506050000    1.000000000000000   0.0000000000000000
         ks_34                      50.79771488226000    1.000000000000000   0.0000000000000000
         ks_35                      0.0001812588590000000    1.000000000000000   0.0000000000000000
         ks_36                      0.0005181427850000000    1.000000000000000   0.0000000000000000
         ks_37                      0.0002079601920000000    1.000000000000000   0.0000000000000000
         ks_38                      0.1733257193210000    1.000000000000000   0.0000000000000000
         ks_39                      0.0001954673810000000    1.000000000000000   0.0000000000000000
          ks_4                      34.75805812920000    1.000000000000000   0.0000000000000000
         ks_40                      1.091237770616000    1.000000000000000   0.0000000000000000
         ks_41                      1.186300420903000    1.000000000000000   0.0000000000000000
         ks_42                      2.346226021848000    1.000000000000000   0.0000000000000000
         ks_43                      0.1946390731930000    1.000000000000000   0.0000000000000000
         ks_44                      0.4368744865220000    1.000000000000000   0.0000000000000000
         ks_45                      0.01295048124800000    1.000000000000000   0.0000000000000000
         ks_46                      0.3756854482910000    1.000000000000000   0.0000000000000000
         ks_47                      5.653083854275000    1.000000000000000   0.0000000000000000
         ks_48                      12.26137481333000    1.000000000000000   0.0000000000000000
         ks_49                      0.0001851289320000000    1.000000000000000   0.0000000000000000
          ks_5                      116.9708700000000    1.000000000000000   0.0000000000000000
         ks_50                      3.968019662566000    1.000000000000000   0.0000000000000000
         ks_51                      4.403423010000000e-05    1.000000000000000   0.0000000000000000
         ks_52                      0.003434853820000000    1.000000000000000   0.0000000000000000
         ks_53                      5.128020129063000    1.000000000000000   0.0000000000000000
         ks_54                      0.01829613161900000    1.000000000000000   0.0000000000000000
         ks_55                      13.47938736144000    1.000000000000000   0.0000000000000000
         ks_56                      72.97678574779000    1.000000000000000   0.0000000000000000
         ks_57                      5.076403537556000    1.000000000000000   0.0000000000000000
         ks_58                      0.3214796954360000    1.000000000000000   0.0000000000000000
         ks_59                      0.04165523765600000    1.000000000000000   0.0000000000000000
          ks_6                      281.3850200000000    1.000000000000000   0.0000000000000000
         ks_60                      4.635088293761000    1.000000000000000   0.0000000000000000
         ks_61                      0.02947501764200000    1.000000000000000   0.0000000000000000
         ks_62                      0.2764597178120000    1.000000000000000   0.0000000000000000
         ks_63                      10.96920425602000    1.000000000000000   0.0000000000000000
         ks_64                      0.0006181665320000000    1.000000000000000   0.0000000000000000
         ks_65                      0.001610491570000000    1.000000000000000   0.0000000000000000
         ks_66                      5.742369615827000    1.000000000000000   0.0000000000000000
         ks_67                      11.06018214966000    1.000000000000000   0.0000000000000000
         ks_68                      0.007505629820000000    1.000000000000000   0.0000000000000000
         ks_69                      0.7577859003030000    1.000000000000000   0.0000000000000000
          ks_7                      1.018980300000000e-05    1.000000000000000   0.0000000000000000
         ks_70                      3.892918706780000    1.000000000000000   0.0000000000000000
         ks_71                      9.967891870000000e-06    1.000000000000000   0.0000000000000000
         ks_72                      9.049529870000000e-05    1.000000000000000   0.0000000000000000
         ks_73                      0.0001059899270000000    1.000000000000000   0.0000000000000000
         ks_74                      9.339585110000000e-05    1.000000000000000   0.0000000000000000
         ks_75                      1.238359380000000e-05    1.000000000000000   0.0000000000000000
         ks_76                      0.0001675008800000000    1.000000000000000   0.0000000000000000
         ks_77                      0.0001022344460000000    1.000000000000000   0.0000000000000000
         ks_78                      1.837894150000000e-05    1.000000000000000   0.0000000000000000
         ks_79                      9.912342000000000e-06    1.000000000000000   0.0000000000000000
          ks_8                      9.990648700000000e-06    1.000000000000000   0.0000000000000000
         ks_80                      200.1452910000000    1.000000000000000   0.0000000000000000
         ks_81                      8.473392550000001e-05    1.000000000000000   0.0000000000000000
         ks_82                      166.5724070000000    1.000000000000000   0.0000000000000000
         ks_83                      6.824108751645000    1.000000000000000   0.0000000000000000
         ks_84                      8.442612310000000e-05    1.000000000000000   0.0000000000000000
         ks_85                      1.286274200000000e-05    1.000000000000000   0.0000000000000000
         ks_86                      0.0001315812920000000    1.000000000000000   0.0000000000000000
         ks_87                      500.0000000000000    1.000000000000000   0.0000000000000000
         ks_88                      21.77246358454000    1.000000000000000   0.0000000000000000
         ks_89                      7.774443280000000e-05    1.000000000000000   0.0000000000000000
          ks_9                      7.578768573370000    1.000000000000000   0.0000000000000000
         ks_90                      4.657450838945000    1.000000000000000   0.0000000000000000
         ks_91                      15.02255908119000    1.000000000000000   0.0000000000000000
         ks_92                      0.0001140116400000000    1.000000000000000   0.0000000000000000
         ks_93                      0.04128400330700000    1.000000000000000   0.0000000000000000
         ks_94                      1.275694960000000e-05    1.000000000000000   0.0000000000000000
         ks_95                      0.0001000154710000000    1.000000000000000   0.0000000000000000
         ks_96                      0.0001728923430000000    1.000000000000000   0.0000000000000000
         ks_97                      5.535559530000000e-05    1.000000000000000   0.0000000000000000
         ks_98                      0.0001086382910000000    1.000000000000000   0.0000000000000000
         ks_99                      0.0001065270240000000    1.000000000000000   0.0000000000000000
    lak_cond_1                      1.000000000000000    1.000000000000000   0.0000000000000000
   lak_cond_12                      1.032219449269691    1.000000000000000   0.0000000000000000
    lak_cond_2                      1.000000000000000    1.000000000000000   0.0000000000000000
         pet_1                      9.500000000000001e-05    1.000000000000000   0.0000000000000000
 pond_recharge                      15310.60978415336    1.000000000000000   0.0000000000000000
       sfr_k_1                      0.1083856495061000    1.000000000000000   0.0000000000000000
      sfr_k_10                      0.1062958570114450    1.000000000000000   0.0000000000000000
      sfr_k_11                      0.2204265595018820    1.000000000000000   0.0000000000000000
      sfr_k_12                      0.5801368797615070    1.000000000000000   0.0000000000000000
      sfr_k_13                      0.09988104986128001    1.000000000000000   0.0000000000000000
      sfr_k_14                      0.2029171410606980    1.000000000000000   0.0000000000000000
      sfr_k_15                      0.1315250162091790    1.000000000000000   0.0000000000000000
      sfr_k_16                      0.2115594274808060    1.000000000000000   0.0000000000000000
      sfr_k_17                      0.07122285625725200    1.000000000000000   0.0000000000000000
      sfr_k_18                      0.1514521885256280    1.000000000000000   0.0000000000000000
      sfr_k_19                      0.1037940000000000    1.000000000000000   0.0000000000000000
       sfr_k_2                      0.1661937959108900    1.000000000000000   0.0000000000000000
      sfr_k_20                      0.1020031463187760    1.000000000000000   0.0000000000000000
      sfr_k_21                      0.1945214809091180    1.000000000000000   0.0000000000000000
      sfr_k_22                      0.1709078920993480    1.000000000000000   0.0000000000000000
       sfr_k_3                      0.09445956813895000    1.000000000000000   0.0000000000000000
       sfr_k_4                      0.09694267743972999    1.000000000000000   0.0000000000000000
       sfr_k_5                      0.1663094906440500    1.000000000000000   0.0000000000000000
       sfr_k_6                      0.5035214779594400    1.000000000000000   0.0000000000000000
       sfr_k_7                      0.2550099168481100    1.000000000000000   0.0000000000000000
       sfr_k_8                      0.3015274957726400    1.000000000000000   0.0000000000000000
       sfr_k_9                      0.1757327762140900    1.000000000000000   0.0000000000000000
     spill_447                      185.0599976000000    1.000000000000000   0.0000000000000000
     spill_449                      146.6000061000000    1.000000000000000   0.0000000000000000
     spill_688                      8.230000000000000    1.000000000000000   0.0000000000000000
     surfk_1_1                      0.0002361589829806000    1.000000000000000   0.0000000000000000
    surfk_1_10                      0.0002534049943220600    1.000000000000000   0.0000000000000000
    surfk_1_11                      0.0002510366598272500    1.000000000000000   0.0000000000000000
    surfk_1_12                      0.0002509671499656900    1.000000000000000   0.0000000000000000
    surfk_1_13                      0.0002510334025837900    1.000000000000000   0.0000000000000000
    surfk_1_14                      0.0002509486777723200    1.000000000000000   0.0000000000000000
    surfk_1_15                      0.0002311384776370400    1.000000000000000   0.0000000000000000
    surfk_1_16                      0.0002402140379457500    1.000000000000000   0.0000000000000000
    surfk_1_17                      0.0002510460551151200    1.000000000000000   0.0000000000000000
    surfk_1_18                      0.0002458451424929900    1.000000000000000   0.0000000000000000
    surfk_1_19                      0.0002510056248299400    1.000000000000000   0.0000000000000000
     surfk_1_2                      0.0002364442171595000    1.000000000000000   0.0000000000000000
    surfk_1_21                      0.0002489984960194600    1.000000000000000   0.0000000000000000
     surfk_1_3                      0.0002321956139850000    1.000000000000000   0.0000000000000000
     surfk_1_4                      0.0003653976108206000    1.000000000000000   0.0000000000000000
     surfk_1_5                      0.0003537510357566000    1.000000000000000   0.0000000000000000
     surfk_1_6                      0.0002310553877586000    1.000000000000000   0.0000000000000000
     surfk_1_8                      0.0002496089089556000    1.000000000000000   0.0000000000000000
     surfk_1_9                      0.0002229286148785000    1.000000000000000   0.0000000000000000
     surfk_2_1                      0.0002769606229808000    1.000000000000000   0.0000000000000000
    surfk_2_10                      0.0002469046197337600    1.000000000000000   0.0000000000000000
    surfk_2_11                      0.0002318246579125300    1.000000000000000   0.0000000000000000
    surfk_2_12                      0.0002169671054896600    1.000000000000000   0.0000000000000000
    surfk_2_14                      0.0001518890207346400    1.000000000000000   0.0000000000000000
    surfk_2_15                      0.0001632097053602600    1.000000000000000   0.0000000000000000
    surfk_2_16                      0.0001530825097144500    1.000000000000000   0.0000000000000000
    surfk_2_17                      0.0001583961963804200    1.000000000000000   0.0000000000000000
    surfk_2_18                      0.0001513494559777300    1.000000000000000   0.0000000000000000
    surfk_2_19                      0.0001584083242467300    1.000000000000000   0.0000000000000000
     surfk_2_2                      9.709673306498000e-05    1.000000000000000   0.0000000000000000
    surfk_2_20                      0.0005694892859094800    1.000000000000000   0.0000000000000000
    surfk_2_21                      0.0001584472261979500    1.000000000000000   0.0000000000000000
    surfk_2_22                      0.0001519623788172900    1.000000000000000   0.0000000000000000
     surfk_2_3                      9.991371324074001e-05    1.000000000000000   0.0000000000000000
     surfk_2_4                      0.0002326181380940000    1.000000000000000   0.0000000000000000
     surfk_2_5                      0.0002524538835346000    1.000000000000000   0.0000000000000000
     surfk_2_6                      0.0001357460577307000    1.000000000000000   0.0000000000000000
     surfk_2_7                      0.0002415097290515000    1.000000000000000   0.0000000000000000
     surfk_2_8                      0.0002417013968852000    1.000000000000000   0.0000000000000000
     surfk_2_9                      0.0002268659140164000    1.000000000000000   0.0000000000000000
     surfk_3_1                      3.056014619884000e-08    1.000000000000000   0.0000000000000000
    surfk_3_10                      3.148148902575700e-08    1.000000000000000   0.0000000000000000
    surfk_3_11                      3.148145330034700e-08    1.000000000000000   0.0000000000000000
    surfk_3_12                      3.148945164607200e-08    1.000000000000000   0.0000000000000000
    surfk_3_13                      3.148148902919200e-08    1.000000000000000   0.0000000000000000
    surfk_3_14                      3.197767379094300e-08    1.000000000000000   0.0000000000000000
    surfk_3_15                      3.128737188801500e-08    1.000000000000000   0.0000000000000000
    surfk_3_16                      1.055748043434500e-07    1.000000000000000   0.0000000000000000
    surfk_3_17                      3.226628794294000e-08    1.000000000000000   0.0000000000000000
    surfk_3_18                      3.038751887416000e-08    1.000000000000000   0.0000000000000000
    surfk_3_19                      3.149077260871000e-08    1.000000000000000   0.0000000000000000
     surfk_3_2                      3.128737188716000e-08    1.000000000000000   0.0000000000000000
    surfk_3_20                      1.127990682820900e-07    1.000000000000000   0.0000000000000000
    surfk_3_21                      3.149620000000000e-08    1.000000000000000   0.0000000000000000
    surfk_3_22                      2.516209609957800e-08    1.000000000000000   0.0000000000000000
     surfk_3_3                      3.128737188973000e-08    1.000000000000000   0.0000000000000000
     surfk_3_4                      3.128737188940000e-08    1.000000000000000   0.0000000000000000
     surfk_3_5                      3.149093853343000e-08    1.000000000000000   0.0000000000000000
     surfk_3_6                      1.014168518304000e-07    1.000000000000000   0.0000000000000000
     surfk_3_7                      3.128737188858000e-08    1.000000000000000   0.0000000000000000
     surfk_3_8                      3.149725357588000e-08    1.000000000000000   0.0000000000000000
     surfk_3_9                      3.149200409315000e-08    1.000000000000000   0.0000000000000000
   vka_ratio_1                      0.3010823495456175    1.000000000000000   0.0000000000000000
   vka_ratio_2                      0.1013930000000000    1.000000000000000   0.0000000000000000
   vka_ratio_3                      0.1000058835831035    1.000000000000000   0.0000000000000000
       vks_1_1                      0.0002511890000000000    1.000000000000000   0.0000000000000000
      vks_1_10                      0.0002511890000000000    1.000000000000000   0.0000000000000000
      vks_1_11                      0.0002511890000000000    1.000000000000000   0.0000000000000000
      vks_1_12                      0.0002511890000000000    1.000000000000000   0.0000000000000000
      vks_1_13                      0.0002511890000000000    1.000000000000000   0.0000000000000000
      vks_1_14                      0.0002511890000000000    1.000000000000000   0.0000000000000000
      vks_1_15                      0.0002511890000000000    1.000000000000000   0.0000000000000000
      vks_1_16                      0.0002511890000000000    1.000000000000000   0.0000000000000000
      vks_1_17                      0.0002511890000000000    1.000000000000000   0.0000000000000000
      vks_1_18                      0.0002511890000000000    1.000000000000000   0.0000000000000000
      vks_1_19                      0.0002511890000000000    1.000000000000000   0.0000000000000000
       vks_1_2                      0.0002511890000000000    1.000000000000000   0.0000000000000000
      vks_1_21                      0.0002511890000000000    1.000000000000000   0.0000000000000000
       vks_1_3                      0.0002511890000000000    1.000000000000000   0.0000000000000000
       vks_1_4                      0.0003981070000000000    1.000000000000000   0.0000000000000000
       vks_1_5                      0.0003981070000000000    1.000000000000000   0.0000000000000000
       vks_1_6                      0.0002511890000000000    1.000000000000000   0.0000000000000000
       vks_1_8                      0.0002511890000000000    1.000000000000000   0.0000000000000000
       vks_1_9                      0.0002511890000000000    1.000000000000000   0.0000000000000000
       vks_2_1                      0.0002511890000000000    1.000000000000000   0.0000000000000000
      vks_2_10                      0.0002511890000000000    1.000000000000000   0.0000000000000000
      vks_2_11                      0.0002511890000000000    1.000000000000000   0.0000000000000000
      vks_2_12                      0.0002511890000000000    1.000000000000000   0.0000000000000000
      vks_2_14                      0.0001584890000000000    1.000000000000000   0.0000000000000000
      vks_2_15                      0.0001584890000000000    1.000000000000000   0.0000000000000000
      vks_2_16                      0.0001584890000000000    1.000000000000000   0.0000000000000000
      vks_2_17                      0.0001584890000000000    1.000000000000000   0.0000000000000000
      vks_2_18                      0.0001584890000000000    1.000000000000000   0.0000000000000000
      vks_2_19                      0.0001584890000000000    1.000000000000000   0.0000000000000000
       vks_2_2                      0.0001000000000000000    1.000000000000000   0.0000000000000000
      vks_2_20                      0.0006309570000000000    1.000000000000000   0.0000000000000000
      vks_2_21                      0.0001584890000000000    1.000000000000000   0.0000000000000000
      vks_2_22                      0.0001584890000000000    1.000000000000000   0.0000000000000000
       vks_2_3                      0.0001000000000000000    1.000000000000000   0.0000000000000000
       vks_2_4                      0.0002511890000000000    1.000000000000000   0.0000000000000000
       vks_2_5                      0.0002511890000000000    1.000000000000000   0.0000000000000000
       vks_2_6                      0.0001584890000000000    1.000000000000000   0.0000000000000000
       vks_2_7                      0.0002511890000000000    1.000000000000000   0.0000000000000000
       vks_2_8                      0.0002511890000000000    1.000000000000000   0.0000000000000000
       vks_2_9                      0.0002511890000000000    1.000000000000000   0.0000000000000000
       vks_3_1                      3.020000000000000e-08    1.000000000000000   0.0000000000000000
      vks_3_10                      3.090000000000000e-08    1.000000000000000   0.0000000000000000
      vks_3_11                      3.090000000000000e-08    1.000000000000000   0.0000000000000000
      vks_3_12                      3.090000000000000e-08    1.000000000000000   0.0000000000000000
      vks_3_13                      3.090000000000000e-08    1.000000000000000   0.0000000000000000
      vks_3_14                      3.090000000000000e-08    1.000000000000000   0.0000000000000000
      vks_3_15                      3.090000000000000e-08    1.000000000000000   0.0000000000000000
      vks_3_16                      1.000000000000000e-07    1.000000000000000   0.0000000000000000
      vks_3_17                      3.090000000000000e-08    1.000000000000000   0.0000000000000000
      vks_3_18                      3.090000000000000e-08    1.000000000000000   0.0000000000000000
      vks_3_19                      3.090000000000000e-08    1.000000000000000   0.0000000000000000
       vks_3_2                      3.090000000000000e-08    1.000000000000000   0.0000000000000000
      vks_3_20                      1.150000000000000e-07    1.000000000000000   0.0000000000000000
      vks_3_21                      3.090000000000000e-08    1.000000000000000   0.0000000000000000
      vks_3_22                      3.090000000000000e-08    1.000000000000000   0.0000000000000000
       vks_3_3                      3.090000000000000e-08    1.000000000000000   0.0000000000000000
       vks_3_4                      3.090000000000000e-08    1.000000000000000   0.0000000000000000
       vks_3_5                      3.090000000000000e-08    1.000000000000000   0.0000000000000000
       vks_3_6                      1.000000000000000e-07    1.000000000000000   0.0000000000000000
       vks_3_7                      3.090000000000000e-08    1.000000000000000   0.0000000000000000
       vks_3_8                      3.090000000000000e-08    1.000000000000000   0.0000000000000000
       vks_3_9                      3.090000000000000e-08    1.000000000000000   0.0000000000000000
