single point
        finf_1                      0.4830353000000000    1.000000000000000   0.0000000000000000
       finf_10                      0.4725046550000000    1.000000000000000   0.0000000000000000
       finf_11                      0.4725046520000000    1.000000000000000   0.0000000000000000
       finf_12                      0.4725046520000000    1.000000000000000   0.0000000000000000
       finf_13                      0.4725046250000000    1.000000000000000   0.0000000000000000
       finf_14                      0.4830353020000000    1.000000000000000   0.0000000000000000
       finf_15                      0.4830353000000000    1.000000000000000   0.0000000000000000
       finf_16                      0.4830353000000000    1.000000000000000   0.0000000000000000
       finf_17                      0.4830352960000000    1.000000000000000   0.0000000000000000
       finf_18                      0.4830353000000000    1.000000000000000   0.0000000000000000
       finf_19                      0.4830353020000000    1.000000000000000   0.0000000000000000
        finf_2                      0.4830352990000000    1.000000000000000   0.0000000000000000
       finf_20                      0.5284619410000000    1.000000000000000   0.0000000000000000
       finf_21                      0.4830353010000000    1.000000000000000   0.0000000000000000
       finf_22                      0.4830353040000000    1.000000000000000   0.0000000000000000
        finf_3                      0.4830353050000000    1.000000000000000   0.0000000000000000
        finf_4                      0.4105800060000000    1.000000000000000   0.0000000000000000
        finf_5                      0.4105800060000000    1.000000000000000   0.0000000000000000
        finf_6                      0.4830352990000000    1.000000000000000   0.0000000000000000
        finf_7                      0.4725046530000000    1.000000000000000   0.0000000000000000
        finf_8                      0.4725046500000000    1.000000000000000   0.0000000000000000
        finf_9                      0.4725046480000000    1.000000000000000   0.0000000000000000
          ks_1                      2.384578947570000    1.000000000000000   0.0000000000000000
         ks_10                      1.834414964007000    1.000000000000000   0.0000000000000000
        ks_100                      6.465964305000000e-05    1.000000000000000   0.0000000000000000
        ks_101                      0.0006924327090000000    1.000000000000000   0.0000000000000000
        ks_102                      7.395405164000001e-05    1.000000000000000   0.0000000000000000
        ks_103                      0.0003439066392000000    1.000000000000000   0.0000000000000000
        ks_104                      9.680605934999999e-06    1.000000000000000   0.0000000000000000
        ks_105                      9.778434682000000e-06    1.000000000000000   0.0000000000000000
        ks_106                      0.0001450010037000000    1.000000000000000   0.0000000000000000
        ks_107                      0.0002505888519000000    1.000000000000000   0.0000000000000000
        ks_108                      4.494185529410800    1.000000000000000   0.0000000000000000
        ks_109                      7.577012191354900    1.000000000000000   0.0000000000000000
         ks_11                      0.3477885382580000    1.000000000000000   0.0000000000000000
        ks_110                      3.813475898616200    1.000000000000000   0.0000000000000000
        ks_111                      8.911853624875301    1.000000000000000   0.0000000000000000
        ks_112                      4.621974353515000    1.000000000000000   0.0000000000000000
        ks_113                      0.07043608881350000    1.000000000000000   0.0000000000000000
        ks_114                      9.762460314024899    1.000000000000000   0.0000000000000000
        ks_115                      6.762020287091400    1.000000000000000   0.0000000000000000
        ks_116                      0.3902270793310000    1.000000000000000   0.0000000000000000
        ks_117                      13.89639003888600    1.000000000000000   0.0000000000000000
        ks_118                      1.985967604121000    1.000000000000000   0.0000000000000000
        ks_119                      10.67754310437800    1.000000000000000   0.0000000000000000
         ks_12                      9.269048276053001    1.000000000000000   0.0000000000000000
        ks_120                      0.1220092529419000    1.000000000000000   0.0000000000000000
        ks_121                      2.302378966564400    1.000000000000000   0.0000000000000000
        ks_122                      42.27040309740200    1.000000000000000   0.0000000000000000
        ks_123                      9.666465568042000    1.000000000000000   0.0000000000000000
        ks_124                      2.123296530945000    1.000000000000000   0.0000000000000000
        ks_125                      29.80543003026300    1.000000000000000   0.0000000000000000
        ks_126                      265.0543037000000    1.000000000000000   0.0000000000000000
        ks_127                      0.9285769220587000    1.000000000000000   0.0000000000000000
        ks_128                      4.686478152324800    1.000000000000000   0.0000000000000000
        ks_129                      6.546658832462700    1.000000000000000   0.0000000000000000
         ks_13                      0.7247423802320000    1.000000000000000   0.0000000000000000
        ks_130                      5.558555067110000    1.000000000000000   0.0000000000000000
        ks_131                      0.0002010101833000000    1.000000000000000   0.0000000000000000
        ks_132                      0.0001989960748000000    1.000000000000000   0.0000000000000000
        ks_133                      0.0002007803776000000    1.000000000000000   0.0000000000000000
        ks_134                      0.02720135130950000    1.000000000000000   0.0000000000000000
        ks_135                      0.0001585246180000000    1.000000000000000   0.0000000000000000
        ks_136                      0.0002437263500000000    1.000000000000000   0.0000000000000000
        ks_137                      0.003854972701000000    1.000000000000000   0.0000000000000000
        ks_138                      6.740150670569000    1.000000000000000   0.0000000000000000
        ks_139                      0.0002285828534000000    1.000000000000000   0.0000000000000000
         ks_14                      4.356080478920000    1.000000000000000   0.0000000000000000
        ks_140                      15.00653371860900    1.000000000000000   0.0000000000000000
        ks_141                      0.0001982554813000000    1.000000000000000   0.0000000000000000
        ks_142                      0.0001996621663000000    1.000000000000000   0.0000000000000000
        ks_143                      0.001389254194000000    1.000000000000000   0.0000000000000000
        ks_144                      1.049060795668100    1.000000000000000   0.0000000000000000
        ks_145                      29.28479249213700    1.000000000000000   0.0000000000000000
        ks_146                      5.899950672112700    1.000000000000000   0.0000000000000000
        ks_147                      2.249067878333200    1.000000000000000   0.0000000000000000
        ks_148                      6.135359107587300    1.000000000000000   0.0000000000000000
        ks_149                      0.0002656986587000000    1.000000000000000   0.0000000000000000
         ks_15                      1.162774409603000    1.000000000000000   0.0000000000000000
        ks_150                      7.630136350152500    1.000000000000000   0.0000000000000000
        ks_151                      6.242376903786300    1.000000000000000   0.0000000000000000
        ks_152                      0.1255612293557000    1.000000000000000   0.0000000000000000
        ks_153                      48.56183504000900    1.000000000000000   0.0000000000000000
        ks_154                      31.06620150784500    1.000000000000000   0.0000000000000000
        ks_155                      0.0001750342335000000    1.000000000000000   0.0000000000000000
        ks_156                      0.1855366142866000    1.000000000000000   0.0000000000000000
        ks_157                      0.1801446542114000    1.000000000000000   0.0000000000000000
        ks_158                      0.6415643420125000    1.000000000000000   0.0000000000000000
        ks_159                      0.02651146322050000    1.000000000000000   0.0000000000000000
         ks_16                      234.4803750000000    1.000000000000000   0.0000000000000000
        ks_160                      1.098510189416700    1.000000000000000   0.0000000000000000
        ks_161                      500.0000000000000    1.000000000000000   0.0000000000000000
        ks_162                      0.1966007282853000    1.000000000000000   0.0000000000000000
        ks_163                      0.06981046018070000    1.000000000000000   0.0000000000000000
        ks_164                      0.05635743276700000    1.000000000000000   0.0000000000000000
        ks_165                      7.134650037297500    1.000000000000000   0.0000000000000000
        ks_166                      0.01561204590140000    1.000000000000000   0.0000000000000000
        ks_167                      0.02465127698950000    1.000000000000000   0.0000000000000000
        ks_168                      0.04312361103480000    1.000000000000000   0.0000000000000000
        ks_169                      0.0002307659737000000    1.000000000000000   0.0000000000000000
         ks_17                      1.719886494196000    1.000000000000000   0.0000000000000000
        ks_170                      0.001511799526000000    1.000000000000000   0.0000000000000000
        ks_171                      0.3449788124868000    1.000000000000000   0.0000000000000000
        ks_172                      0.02033765182950000    1.000000000000000   0.0000000000000000
        ks_173                      0.005843774075000000    1.000000000000000   0.0000000000000000
        ks_174                      6.055532625532800    1.000000000000000   0.0000000000000000
        ks_175                      0.1293499525809000    1.000000000000000   0.0000000000000000
        ks_176                      0.001430395387000000    1.000000000000000   0.0000000000000000
        ks_177                      1.156359455391300    1.000000000000000   0.0000000000000000
        ks_178                      0.0002002371292000000    1.000000000000000   0.0000000000000000
        ks_179                      0.5709992609583000    1.000000000000000   0.0000000000000000
         ks_18                      2.453396932371000    1.000000000000000   0.0000000000000000
        ks_180                      1.856193399000000e-05    1.000000000000000   0.0000000000000000
        ks_181                      0.01241338173160000    1.000000000000000   0.0000000000000000
        ks_182                      5.241527650860000    1.000000000000000   0.0000000000000000
        ks_183                      0.9962278069528000    1.000000000000000   0.0000000000000000
        ks_184                      0.0003337676150000000    1.000000000000000   0.0000000000000000
        ks_185                      9.544514897000000e-05    1.000000000000000   0.0000000000000000
        ks_186                      9.814130307000000e-05    1.000000000000000   0.0000000000000000
        ks_187                      0.0001092382720000000    1.000000000000000   0.0000000000000000
        ks_188                      0.0003572991096000000    1.000000000000000   0.0000000000000000
        ks_189                      0.0001147282315000000    1.000000000000000   0.0000000000000000
         ks_19                      45.95380634069000    1.000000000000000   0.0000000000000000
        ks_190                      9.629010603000000e-06    1.000000000000000   0.0000000000000000
        ks_191                      0.0001008017518000000    1.000000000000000   0.0000000000000000
        ks_192                      0.0001215433684000000    1.000000000000000   0.0000000000000000
        ks_193                      0.0002573097459000000    1.000000000000000   0.0000000000000000
        ks_194                      9.555598533000000e-06    1.000000000000000   0.0000000000000000
        ks_195                      0.0006734531873000000    1.000000000000000   0.0000000000000000
        ks_196                      9.591466723000000e-06    1.000000000000000   0.0000000000000000
        ks_197                      8.178232147999999e-05    1.000000000000000   0.0000000000000000
        ks_198                      0.0001699415341000000    1.000000000000000   0.0000000000000000
        ks_199                      1.082999743000000e-05    1.000000000000000   0.0000000000000000
          ks_2                      0.02302321877000000    1.000000000000000   0.0000000000000000
         ks_20                      1.661255429337000    1.000000000000000   0.0000000000000000
        ks_200                      9.650181532999999e-06    1.000000000000000   0.0000000000000000
        ks_201                      9.559317397000000e-06    1.000000000000000   0.0000000000000000
        ks_202                      0.0001013180405000000    1.000000000000000   0.0000000000000000
        ks_203                      0.0001136309580000000    1.000000000000000   0.0000000000000000
        ks_204                      9.951508308000000e-05    1.000000000000000   0.0000000000000000
        ks_205                      0.0001034744237000000    1.000000000000000   0.0000000000000000
        ks_206                      9.624860426000000e-06    1.000000000000000   0.0000000000000000
        ks_207                      0.0001016798413000000    1.000000000000000   0.0000000000000000
        ks_208                      1.304119027000000e-05    1.000000000000000   0.0000000000000000
        ks_209                      0.0002636145749000000    1.000000000000000   0.0000000000000000
         ks_21                      0.9660053077340000    1.000000000000000   0.0000000000000000
        ks_210                      8.667998962000000e-05    1.000000000000000   0.0000000000000000
        ks_211                      8.799457204000000e-05    1.000000000000000   0.0000000000000000
        ks_212                      3.899185087000000e-05    1.000000000000000   0.0000000000000000
        ks_213                      9.552370303000001e-05    1.000000000000000   0.0000000000000000
        ks_214                      9.910518050000000e-05    1.000000000000000   0.0000000000000000
        ks_215                      9.804153566999999e-05    1.000000000000000   0.0000000000000000
        ks_216                      0.0001001907031000000    1.000000000000000   0.0000000000000000
        ks_217                      5.402634844000000e-05    1.000000000000000   0.0000000000000000
        ks_218                      5.161155965000000e-05    1.000000000000000   0.0000000000000000
        ks_219                      0.0001037069604000000    1.000000000000000   0.0000000000000000
         ks_22                      0.4713529834760000    1.000000000000000   0.0000000000000000
        ks_220                      9.214227873999999e-05    1.000000000000000   0.0000000000000000
        ks_221                      0.0001247831627000000    1.000000000000000   0.0000000000000000
        ks_222                      0.0001050806949000000    1.000000000000000   0.0000000000000000
        ks_223                      0.0001009774906000000    1.000000000000000   0.0000000000000000
        ks_224                      9.972890782000000e-05    1.000000000000000   0.0000000000000000
        ks_225                      9.783871694000000e-06    1.000000000000000   0.0000000000000000
        ks_226                      0.0001052680932000000    1.000000000000000   0.0000000000000000
        ks_227                      8.653123357000000e-05    1.000000000000000   0.0000000000000000
        ks_228                      6.253908303000000e-05    1.000000000000000   0.0000000000000000
        ks_229                      0.0003901259446000000    1.000000000000000   0.0000000000000000
         ks_23                      362.4160110000000    1.000000000000000   0.0000000000000000
        ks_230                      1.467792785000000e-05    1.000000000000000   0.0000000000000000
        ks_231                      7.836710781000000e-05    1.000000000000000   0.0000000000000000
        ks_232                      0.0003536531580000000    1.000000000000000   0.0000000000000000
        ks_233                      5.726182397000000e-05    1.000000000000000   0.0000000000000000
         ks_24                      0.04914604710000000    1.000000000000000   0.0000000000000000
         ks_25                      0.08339902114900000    1.000000000000000   0.0000000000000000
         ks_26                      4696.301010000000    1.000000000000000   0.0000000000000000
         ks_27                      0.2058927784730000    1.000000000000000   0.0000000000000000
         ks_28                      0.3490532561860000    1.000000000000000   0.0000000000000000
         ks_29                      3.385110652771000    1.000000000000000   0.0000000000000000
          ks_3                      0.7731163089300001    1.000000000000000   0.0000000000000000
         ks_30                      9.688189430000001e-06    1.000000000000000   0.0000000000000000
         ks_31                      2.724324833372000    1.000000000000000   0.0000000000000000
         ks_32                      0.0001892893420000000    1.000000000000000   0.0000000000000000
         ks_33                      0.1020234598100000    1.000000000000000   0.0000000000000000
         ks_34                      50.95179202595000    1.000000000000000   0.0000000000000000
         ks_35                      0.0001811639290000000    1.000000000000000   0.0000000000000000
         ks_36                      0.0004844446000000000    1.000000000000000   0.0000000000000000
         ks_37                      0.0002073312120000000    1.000000000000000   0.0000000000000000
         ks_38                      0.08028002281299999    1.000000000000000   0.0000000000000000
         ks_39                      0.0001953664430000000    1.000000000000000   0.0000000000000000
          ks_4                      68.55299380610001    1.000000000000000   0.0000000000000000
         ks_40                      1.177758234016000    1.000000000000000   0.0000000000000000
         ks_41                      1.183044135805000    1.000000000000000   0.0000000000000000
         ks_42                      2.390468896675000    1.000000000000000   0.0000000000000000
         ks_43                      0.08735608672799999    1.000000000000000   0.0000000000000000
         ks_44                      0.2992911322420000    1.000000000000000   0.0000000000000000
         ks_45                      0.01202359402300000    1.000000000000000   0.0000000000000000
         ks_46                      0.1825256260910000    1.000000000000000   0.0000000000000000
         ks_47                      5.636418545039000    1.000000000000000   0.0000000000000000
         ks_48                      9.163236775625000    1.000000000000000   0.0000000000000000
         ks_49                      0.0001756839020000000    1.000000000000000   0.0000000000000000
          ks_5                      159.0749100000000    1.000000000000000   0.0000000000000000
         ks_50                      3.934187806206000    1.000000000000000   0.0000000000000000
         ks_51                      4.239168390000000e-05    1.000000000000000   0.0000000000000000
         ks_52                      0.003362594810000000    1.000000000000000   0.0000000000000000
         ks_53                      5.113382193136000    1.000000000000000   0.0000000000000000
         ks_54                      0.01859487186500000    1.000000000000000   0.0000000000000000
         ks_55                      9.174030161899999    1.000000000000000   0.0000000000000000
         ks_56                      73.14436359329000    1.000000000000000   0.0000000000000000
         ks_57                      4.914907677848000    1.000000000000000   0.0000000000000000
         ks_58                      0.3200672156050000    1.000000000000000   0.0000000000000000
         ks_59                      0.06292946913899999    1.000000000000000   0.0000000000000000
          ks_6                      244.8203200000000    1.000000000000000   0.0000000000000000
         ks_60                      4.624194560853000    1.000000000000000   0.0000000000000000
         ks_61                      0.02934373905900000    1.000000000000000   0.0000000000000000
         ks_62                      0.1940795306770000    1.000000000000000   0.0000000000000000
         ks_63                      10.94338861118000    1.000000000000000   0.0000000000000000
         ks_64                      0.0005697412690000000    1.000000000000000   0.0000000000000000
         ks_65                      0.001447741000000000    1.000000000000000   0.0000000000000000
         ks_66                      5.727972017542000    1.000000000000000   0.0000000000000000
         ks_67                      11.95673954940000    1.000000000000000   0.0000000000000000
         ks_68                      0.006678460910000000    1.000000000000000   0.0000000000000000
         ks_69                      0.7602246972650000    1.000000000000000   0.0000000000000000
          ks_7                      9.881807500000000e-06    1.000000000000000   0.0000000000000000
         ks_70                      3.890284522292000    1.000000000000000   0.0000000000000000
         ks_71                      9.667850020000001e-06    1.000000000000000   0.0000000000000000
         ks_72                      8.910172180000000e-05    1.000000000000000   0.0000000000000000
         ks_73                      0.0001012215880000000    1.000000000000000   0.0000000000000000
         ks_74                      9.329791070000000e-05    1.000000000000000   0.0000000000000000
         ks_75                      1.138353840000000e-05    1.000000000000000   0.0000000000000000
         ks_76                      0.0001460103130000000    1.000000000000000   0.0000000000000000
         ks_77                      0.0001021424420000000    1.000000000000000   0.0000000000000000
         ks_78                      1.412927230000000e-05    1.000000000000000   0.0000000000000000
         ks_79                      9.614284660000000e-06    1.000000000000000   0.0000000000000000
          ks_8                      9.689793100000001e-06    1.000000000000000   0.0000000000000000
         ks_80                      189.1148590000000    1.000000000000000   0.0000000000000000
         ks_81                      8.463466670000001e-05    1.000000000000000   0.0000000000000000
         ks_82                      500.0000000000000    1.000000000000000   0.0000000000000000
         ks_83                      6.815819692343000    1.000000000000000   0.0000000000000000
         ks_84                      8.432600210000000e-05    1.000000000000000   0.0000000000000000
         ks_85                      1.245576440000000e-05    1.000000000000000   0.0000000000000000
         ks_86                      0.0001314941870000000    1.000000000000000   0.0000000000000000
         ks_87                      500.0000000000000    1.000000000000000   0.0000000000000000
         ks_88                      26.81596993124000    1.000000000000000   0.0000000000000000
         ks_89                      7.756373540000000e-05    1.000000000000000   0.0000000000000000
          ks_9                      8.202404898030000    1.000000000000000   0.0000000000000000
         ks_90                      4.645155788516000    1.000000000000000   0.0000000000000000
         ks_91                      14.98364714877000    1.000000000000000   0.0000000000000000
         ks_92                      0.0001139225420000000    1.000000000000000   0.0000000000000000
         ks_93                      0.1855233109320000    1.000000000000000   0.0000000000000000
         ks_94                      9.590911550000001e-06    1.000000000000000   0.0000000000000000
         ks_95                      9.992275990000000e-05    1.000000000000000   0.0000000000000000
         ks_96                      0.0001728001260000000    1.000000000000000   0.0000000000000000
         ks_97                      2.988872830000000e-05    1.000000000000000   0.0000000000000000
         ks_98                      0.0001085480370000000    1.000000000000000   0.0000000000000000
         ks_99                      0.0001064362390000000    1.000000000000000   0.0000000000000000
    lak_cond_1                      1.000000000000000    1.000000000000000   0.0000000000000000
   lak_cond_12                      1.029473146915320    1.000000000000000   0.0000000000000000
    lak_cond_2                      1.000000000000000    1.000000000000000   0.0000000000000000
         pet_1                      9.500000000000001e-05    1.000000000000000   0.0000000000000000
 pond_recharge                      22026.23388865575    1.000000000000000   0.0000000000000000
       sfr_k_1                      0.06052894582258000    1.000000000000000   0.0000000000000000
      sfr_k_10                      0.1130241657265740    1.000000000000000   0.0000000000000000
      sfr_k_11                      0.2170417553260830    1.000000000000000   0.0000000000000000
      sfr_k_12                      0.8849765749494340    1.000000000000000   0.0000000000000000
      sfr_k_13                      0.09961343464178400    1.000000000000000   0.0000000000000000
      sfr_k_14                      0.1962499549380590    1.000000000000000   0.0000000000000000
      sfr_k_15                      0.1291279791462180    1.000000000000000   0.0000000000000000
      sfr_k_16                      0.2683445667706970    1.000000000000000   0.0000000000000000
      sfr_k_17                      0.1088446856541720    1.000000000000000   0.0000000000000000
      sfr_k_18                      0.1414750431402590    1.000000000000000   0.0000000000000000
      sfr_k_19                      0.1035204364495160    1.000000000000000   0.0000000000000000
       sfr_k_2                      0.1815123695147500    1.000000000000000   0.0000000000000000
      sfr_k_20                      0.1039295942993240    1.000000000000000   0.0000000000000000
      sfr_k_21                      0.1761497023691760    1.000000000000000   0.0000000000000000
      sfr_k_22                      0.1256705195071020    1.000000000000000   0.0000000000000000
       sfr_k_3                      0.09415328504402000    1.000000000000000   0.0000000000000000
       sfr_k_4                      0.03059920777884000    1.000000000000000   0.0000000000000000
       sfr_k_5                      0.2054159014659600    1.000000000000000   0.0000000000000000
       sfr_k_6                      0.5859405103756300    1.000000000000000   0.0000000000000000
       sfr_k_7                      0.2543181019125600    1.000000000000000   0.0000000000000000
       sfr_k_8                      0.3022339535464000    1.000000000000000   0.0000000000000000
       sfr_k_9                      0.1775654154578700    1.000000000000000   0.0000000000000000
     spill_447                      185.0599976000000    1.000000000000000   0.0000000000000000
     spill_449                      146.6000061000000    1.000000000000000   0.0000000000000000
     spill_688                      8.230000000000000    1.000000000000000   0.0000000000000000
     surfk_1_1                      0.0002240893550787000    1.000000000000000   0.0000000000000000
    surfk_1_10                      0.0002531285257556200    1.000000000000000   0.0000000000000000
    surfk_1_11                      0.0002508895171908500    1.000000000000000   0.0000000000000000
    surfk_1_12                      0.0002508229240527500    1.000000000000000   0.0000000000000000
    surfk_1_13                      0.0002508888054222800    1.000000000000000   0.0000000000000000
    surfk_1_14                      0.0002508040735170600    1.000000000000000   0.0000000000000000
    surfk_1_15                      0.0002310288539605100    1.000000000000000   0.0000000000000000
    surfk_1_16                      0.0002275331742227000    1.000000000000000   0.0000000000000000
    surfk_1_17                      0.0002509188486818200    1.000000000000000   0.0000000000000000
    surfk_1_18                      0.0002637472425864300    1.000000000000000   0.0000000000000000
    surfk_1_19                      0.0002508609558641900    1.000000000000000   0.0000000000000000
     surfk_1_2                      0.0002254734964423000    1.000000000000000   0.0000000000000000
    surfk_1_21                      0.0002488299617009200    1.000000000000000   0.0000000000000000
     surfk_1_3                      0.0002320440425933000    1.000000000000000   0.0000000000000000
     surfk_1_4                      0.0003457032772221000    1.000000000000000   0.0000000000000000
     surfk_1_5                      0.0003334395379185000    1.000000000000000   0.0000000000000000
     surfk_1_6                      0.0002305084093997000    1.000000000000000   0.0000000000000000
     surfk_1_8                      0.0002494658114397000    1.000000000000000   0.0000000000000000
     surfk_1_9                      0.0002117634743108000    1.000000000000000   0.0000000000000000
     surfk_2_1                      0.0003163764290095000    1.000000000000000   0.0000000000000000
    surfk_2_10                      0.0002465871101100100    1.000000000000000   0.0000000000000000
    surfk_2_11                      0.0002311527650264100    1.000000000000000   0.0000000000000000
    surfk_2_12                      0.0002084509275906800    1.000000000000000   0.0000000000000000
    surfk_2_14                      0.0001449229610124800    1.000000000000000   0.0000000000000000
    surfk_2_15                      0.0001631201494421400    1.000000000000000   0.0000000000000000
    surfk_2_16                      0.0001529937842247600    1.000000000000000   0.0000000000000000
    surfk_2_17                      0.0001583073149555100    1.000000000000000   0.0000000000000000
    surfk_2_18                      0.0001724596479631800    1.000000000000000   0.0000000000000000
    surfk_2_19                      0.0001583194407520800    1.000000000000000   0.0000000000000000
     surfk_2_2                      9.257492734104000e-05    1.000000000000000   0.0000000000000000
    surfk_2_20                      0.0005661050642885700    1.000000000000000   0.0000000000000000
    surfk_2_21                      0.0001583653442044100    1.000000000000000   0.0000000000000000
    surfk_2_22                      0.0001518744397234400    1.000000000000000   0.0000000000000000
     surfk_2_3                      9.982096834426000e-05    1.000000000000000   0.0000000000000000
     surfk_2_4                      0.0002207402787565000    1.000000000000000   0.0000000000000000
     surfk_2_5                      0.0002624883134018000    1.000000000000000   0.0000000000000000
     surfk_2_6                      0.0001292597263573000    1.000000000000000   0.0000000000000000
     surfk_2_7                      0.0002413752009827000    1.000000000000000   0.0000000000000000
     surfk_2_8                      0.0002415610801849000    1.000000000000000   0.0000000000000000
     surfk_2_9                      0.0002164845536370000    1.000000000000000   0.0000000000000000
     surfk_3_1                      3.011841064813000e-08    1.000000000000000   0.0000000000000000
    surfk_3_10                      3.102515671844900e-08    1.000000000000000   0.0000000000000000
    surfk_3_11                      3.102512155995900e-08    1.000000000000000   0.0000000000000000
    surfk_3_12                      3.103299299660200e-08    1.000000000000000   0.0000000000000000
    surfk_3_13                      3.102515672203300e-08    1.000000000000000   0.0000000000000000
    surfk_3_14                      3.151346239642100e-08    1.000000000000000   0.0000000000000000
    surfk_3_15                      3.083411861199900e-08    1.000000000000000   0.0000000000000000
    surfk_3_16                      1.038486942271600e-07    1.000000000000000   0.0000000000000000
    surfk_3_17                      3.179748781648400e-08    1.000000000000000   0.0000000000000000
    surfk_3_18                      2.994851331586100e-08    1.000000000000000   0.0000000000000000
    surfk_3_19                      3.103429299955900e-08    1.000000000000000   0.0000000000000000
     surfk_3_2                      3.083411860900000e-08    1.000000000000000   0.0000000000000000
    surfk_3_20                      1.109419901634500e-07    1.000000000000000   0.0000000000000000
    surfk_3_21                      3.103963427298500e-08    1.000000000000000   0.0000000000000000
    surfk_3_22                      2.480494762918400e-08    1.000000000000000   0.0000000000000000
     surfk_3_3                      3.083411861184000e-08    1.000000000000000   0.0000000000000000
     surfk_3_4                      3.083411861335000e-08    1.000000000000000   0.0000000000000000
     surfk_3_5                      3.103445629166000e-08    1.000000000000000   0.0000000000000000
     surfk_3_6                      9.976566760818000e-08    1.000000000000000   0.0000000000000000
     surfk_3_7                      3.083411861422000e-08    1.000000000000000   0.0000000000000000
     surfk_3_8                      3.104067113080000e-08    1.000000000000000   0.0000000000000000
     surfk_3_9                      3.099547417742000e-08    1.000000000000000   0.0000000000000000
   vka_ratio_1                      0.3434779130754553    1.000000000000000   0.0000000000000000
   vka_ratio_2                      0.1013930000000000    1.000000000000000   0.0000000000000000
   vka_ratio_3                      0.06011194753994726    1.000000000000000   0.0000000000000000
       vks_1_1                      0.0002511890000000000    1.000000000000000   0.0000000000000000
      vks_1_10                      0.0002511890000000000    1.000000000000000   0.0000000000000000
      vks_1_11                      0.0002511890000000000    1.000000000000000   0.0000000000000000
      vks_1_12                      0.0002511890000000000    1.000000000000000   0.0000000000000000
      vks_1_13                      0.0002511890000000000    1.000000000000000   0.0000000000000000
      vks_1_14                      0.0002511890000000000    1.000000000000000   0.0000000000000000
      vks_1_15                      0.0002511890000000000    1.000000000000000   0.0000000000000000
      vks_1_16                      0.0002511890000000000    1.000000000000000   0.0000000000000000
      vks_1_17                      0.0002511890000000000    1.000000000000000   0.0000000000000000
      vks_1_18                      0.0002511890000000000    1.000000000000000   0.0000000000000000
      vks_1_19                      0.0002511890000000000    1.000000000000000   0.0000000000000000
       vks_1_2                      0.0002511890000000000    1.000000000000000   0.0000000000000000
      vks_1_21                      0.0002511890000000000    1.000000000000000   0.0000000000000000
       vks_1_3                      0.0002511890000000000    1.000000000000000   0.0000000000000000
       vks_1_4                      0.0003981070000000000    1.000000000000000   0.0000000000000000
       vks_1_5                      0.0003981070000000000    1.000000000000000   0.0000000000000000
       vks_1_6                      0.0002511890000000000    1.000000000000000   0.0000000000000000
       vks_1_8                      0.0002511890000000000    1.000000000000000   0.0000000000000000
       vks_1_9                      0.0002511890000000000    1.000000000000000   0.0000000000000000
       vks_2_1                      0.0002511890000000000    1.000000000000000   0.0000000000000000
      vks_2_10                      0.0002511890000000000    1.000000000000000   0.0000000000000000
      vks_2_11                      0.0002511890000000000    1.000000000000000   0.0000000000000000
      vks_2_12                      0.0002511890000000000    1.000000000000000   0.0000000000000000
      vks_2_14                      0.0001584890000000000    1.000000000000000   0.0000000000000000
      vks_2_15                      0.0001584890000000000    1.000000000000000   0.0000000000000000
      vks_2_16                      0.0001584890000000000    1.000000000000000   0.0000000000000000
      vks_2_17                      0.0001584890000000000    1.000000000000000   0.0000000000000000
      vks_2_18                      0.0001584890000000000    1.000000000000000   0.0000000000000000
      vks_2_19                      0.0001584890000000000    1.000000000000000   0.0000000000000000
       vks_2_2                      0.0001000000000000000    1.000000000000000   0.0000000000000000
      vks_2_20                      0.0006309570000000000    1.000000000000000   0.0000000000000000
      vks_2_21                      0.0001584890000000000    1.000000000000000   0.0000000000000000
      vks_2_22                      0.0001584890000000000    1.000000000000000   0.0000000000000000
       vks_2_3                      0.0001000000000000000    1.000000000000000   0.0000000000000000
       vks_2_4                      0.0002511890000000000    1.000000000000000   0.0000000000000000
       vks_2_5                      0.0002511890000000000    1.000000000000000   0.0000000000000000
       vks_2_6                      0.0001584890000000000    1.000000000000000   0.0000000000000000
       vks_2_7                      0.0002511890000000000    1.000000000000000   0.0000000000000000
       vks_2_8                      0.0002511890000000000    1.000000000000000   0.0000000000000000
       vks_2_9                      0.0002511890000000000    1.000000000000000   0.0000000000000000
       vks_3_1                      3.020000000000000e-08    1.000000000000000   0.0000000000000000
      vks_3_10                      3.090000000000000e-08    1.000000000000000   0.0000000000000000
      vks_3_11                      3.090000000000000e-08    1.000000000000000   0.0000000000000000
      vks_3_12                      3.090000000000000e-08    1.000000000000000   0.0000000000000000
      vks_3_13                      3.090000000000000e-08    1.000000000000000   0.0000000000000000
      vks_3_14                      3.090000000000000e-08    1.000000000000000   0.0000000000000000
      vks_3_15                      3.090000000000000e-08    1.000000000000000   0.0000000000000000
      vks_3_16                      1.000000000000000e-07    1.000000000000000   0.0000000000000000
      vks_3_17                      3.090000000000000e-08    1.000000000000000   0.0000000000000000
      vks_3_18                      3.090000000000000e-08    1.000000000000000   0.0000000000000000
      vks_3_19                      3.090000000000000e-08    1.000000000000000   0.0000000000000000
       vks_3_2                      3.090000000000000e-08    1.000000000000000   0.0000000000000000
      vks_3_20                      1.150000000000000e-07    1.000000000000000   0.0000000000000000
      vks_3_21                      3.090000000000000e-08    1.000000000000000   0.0000000000000000
      vks_3_22                      3.090000000000000e-08    1.000000000000000   0.0000000000000000
       vks_3_3                      3.090000000000000e-08    1.000000000000000   0.0000000000000000
       vks_3_4                      3.090000000000000e-08    1.000000000000000   0.0000000000000000
       vks_3_5                      3.090000000000000e-08    1.000000000000000   0.0000000000000000
       vks_3_6                      1.000000000000000e-07    1.000000000000000   0.0000000000000000
       vks_3_7                      3.090000000000000e-08    1.000000000000000   0.0000000000000000
       vks_3_8                      3.090000000000000e-08    1.000000000000000   0.0000000000000000
       vks_3_9                      3.090000000000000e-08    1.000000000000000   0.0000000000000000
