single point
        finf_1                      0.4830353000000000    1.000000000000000   0.0000000000000000
       finf_10                      0.4725046550000000    1.000000000000000   0.0000000000000000
       finf_11                      0.4725046520000000    1.000000000000000   0.0000000000000000
       finf_12                      0.4725046520000000    1.000000000000000   0.0000000000000000
       finf_13                      0.4725046250000000    1.000000000000000   0.0000000000000000
       finf_14                      0.4830353020000000    1.000000000000000   0.0000000000000000
       finf_15                      0.4830353000000000    1.000000000000000   0.0000000000000000
       finf_16                      0.4830353000000000    1.000000000000000   0.0000000000000000
       finf_17                      0.4830352960000000    1.000000000000000   0.0000000000000000
       finf_18                      0.4830353000000000    1.000000000000000   0.0000000000000000
       finf_19                      0.4830353020000000    1.000000000000000   0.0000000000000000
        finf_2                      0.4830352990000000    1.000000000000000   0.0000000000000000
       finf_20                      0.5284619410000000    1.000000000000000   0.0000000000000000
       finf_21                      0.4830353010000000    1.000000000000000   0.0000000000000000
       finf_22                      0.4830353040000000    1.000000000000000   0.0000000000000000
        finf_3                      0.4830353050000000    1.000000000000000   0.0000000000000000
        finf_4                      0.4105800060000000    1.000000000000000   0.0000000000000000
        finf_5                      0.4105800060000000    1.000000000000000   0.0000000000000000
        finf_6                      0.4830352990000000    1.000000000000000   0.0000000000000000
        finf_7                      0.4725046530000000    1.000000000000000   0.0000000000000000
        finf_8                      0.4725046500000000    1.000000000000000   0.0000000000000000
        finf_9                      0.4725046480000000    1.000000000000000   0.0000000000000000
          ks_1                      0.8441017827100000    1.000000000000000   0.0000000000000000
         ks_10                      1.764736601416000    1.000000000000000   0.0000000000000000
        ks_100                      1.007177857000000e-05    1.000000000000000   0.0000000000000000
        ks_101                      0.0008426484030000000    1.000000000000000   0.0000000000000000
        ks_102                      7.931656269000001e-05    1.000000000000000   0.0000000000000000
        ks_103                      0.0004322722212000000    1.000000000000000   0.0000000000000000
        ks_104                      1.000215639000000e-05    1.000000000000000   0.0000000000000000
        ks_105                      1.010238831000000e-05    1.000000000000000   0.0000000000000000
        ks_106                      0.0001451039186000000    1.000000000000000   0.0000000000000000
        ks_107                      0.0003111105478000000    1.000000000000000   0.0000000000000000
        ks_108                      4.453081896937500    1.000000000000000   0.0000000000000000
        ks_109                      7.176434709227100    1.000000000000000   0.0000000000000000
         ks_11                      0.3066007547250000    1.000000000000000   0.0000000000000000
        ks_110                      3.899742923376100    1.000000000000000   0.0000000000000000
        ks_111                      4.802501921715000    1.000000000000000   0.0000000000000000
        ks_112                      3.173026110692300    1.000000000000000   0.0000000000000000
        ks_113                      0.1009525320470000    1.000000000000000   0.0000000000000000
        ks_114                      8.209264914910200    1.000000000000000   0.0000000000000000
        ks_115                      6.438838276915500    1.000000000000000   0.0000000000000000
        ks_116                      0.4043939346652000    1.000000000000000   0.0000000000000000
        ks_117                      13.86458434779200    1.000000000000000   0.0000000000000000
        ks_118                      2.033413529754400    1.000000000000000   0.0000000000000000
        ks_119                      10.45489854944700    1.000000000000000   0.0000000000000000
         ks_12                      8.949408680270000    1.000000000000000   0.0000000000000000
        ks_120                      0.1583433538599000    1.000000000000000   0.0000000000000000
        ks_121                      2.156920462692800    1.000000000000000   0.0000000000000000
        ks_122                      39.65335493528600    1.000000000000000   0.0000000000000000
        ks_123                      11.13477002720400    1.000000000000000   0.0000000000000000
        ks_124                      2.007535471150800    1.000000000000000   0.0000000000000000
        ks_125                      440.9255155000000    1.000000000000000   0.0000000000000000
        ks_126                      490.9691002000000    1.000000000000000   0.0000000000000000
        ks_127                      1.896398050178900    1.000000000000000   0.0000000000000000
        ks_128                      3.434662684224200    1.000000000000000   0.0000000000000000
        ks_129                      6.005186583515600    1.000000000000000   0.0000000000000000
         ks_13                      1.678086858360000    1.000000000000000   0.0000000000000000
        ks_130                      13.11361905002400    1.000000000000000   0.0000000000000000
        ks_131                      0.0002011704900000000    1.000000000000000   0.0000000000000000
        ks_132                      0.0001991858014000000    1.000000000000000   0.0000000000000000
        ks_133                      0.0002009621247000000    1.000000000000000   0.0000000000000000
        ks_134                      0.02629843626630000    1.000000000000000   0.0000000000000000
        ks_135                      0.0001586390000000000    1.000000000000000   0.0000000000000000
        ks_136                      0.0002896342511000000    1.000000000000000   0.0000000000000000
        ks_137                      0.004138326262000000    1.000000000000000   0.0000000000000000
        ks_138                      6.437511893151500    1.000000000000000   0.0000000000000000
        ks_139                      0.0002287960000000000    1.000000000000000   0.0000000000000000
         ks_14                      4.530203240787000    1.000000000000000   0.0000000000000000
        ks_140                      14.38901361309700    1.000000000000000   0.0000000000000000
        ks_141                      0.0001977620000000000    1.000000000000000   0.0000000000000000
        ks_142                      0.0001998280000000000    1.000000000000000   0.0000000000000000
        ks_143                      0.001729991412000000    1.000000000000000   0.0000000000000000
        ks_144                      1.009422406605600    1.000000000000000   0.0000000000000000
        ks_145                      29.39645601602100    1.000000000000000   0.0000000000000000
        ks_146                      5.730148647812800    1.000000000000000   0.0000000000000000
        ks_147                      4.032190920704000    1.000000000000000   0.0000000000000000
        ks_148                      5.968576355474300    1.000000000000000   0.0000000000000000
        ks_149                      0.0002640010572000000    1.000000000000000   0.0000000000000000
         ks_15                      2.702053587976000    1.000000000000000   0.0000000000000000
        ks_150                      7.236363176576800    1.000000000000000   0.0000000000000000
        ks_151                      6.008476875098200    1.000000000000000   0.0000000000000000
        ks_152                      0.09897415518890000    1.000000000000000   0.0000000000000000
        ks_153                      38.36312667821500    1.000000000000000   0.0000000000000000
        ks_154                      56.23738331274500    1.000000000000000   0.0000000000000000
        ks_155                      0.0001947444890000000    1.000000000000000   0.0000000000000000
        ks_156                      0.1854179725828000    1.000000000000000   0.0000000000000000
        ks_157                      0.1962401691245000    1.000000000000000   0.0000000000000000
        ks_158                      0.6270176695697000    1.000000000000000   0.0000000000000000
        ks_159                      0.02677837569570000    1.000000000000000   0.0000000000000000
         ks_16                      490.1863700000000    1.000000000000000   0.0000000000000000
        ks_160                      1.053958642683500    1.000000000000000   0.0000000000000000
        ks_161                      361.6471362000000    1.000000000000000   0.0000000000000000
        ks_162                      0.1866588433579000    1.000000000000000   0.0000000000000000
        ks_163                      0.06871051930210000    1.000000000000000   0.0000000000000000
        ks_164                      0.05451232095570000    1.000000000000000   0.0000000000000000
        ks_165                      6.268813304722100    1.000000000000000   0.0000000000000000
        ks_166                      0.01565731477540000    1.000000000000000   0.0000000000000000
        ks_167                      0.03741949970080000    1.000000000000000   0.0000000000000000
        ks_168                      0.1156942193326000    1.000000000000000   0.0000000000000000
        ks_169                      0.0002626826170000000    1.000000000000000   0.0000000000000000
         ks_17                      1.668701430119000    1.000000000000000   0.0000000000000000
        ks_170                      0.002015232050000000    1.000000000000000   0.0000000000000000
        ks_171                      1.174873382434500    1.000000000000000   0.0000000000000000
        ks_172                      0.01965664201560000    1.000000000000000   0.0000000000000000
        ks_173                      0.008019425510999999    1.000000000000000   0.0000000000000000
        ks_174                      5.846031099308700    1.000000000000000   0.0000000000000000
        ks_175                      0.1252031208485000    1.000000000000000   0.0000000000000000
        ks_176                      0.004492625142000000    1.000000000000000   0.0000000000000000
        ks_177                      1.109003316364200    1.000000000000000   0.0000000000000000
        ks_178                      0.0002003869985000000    1.000000000000000   0.0000000000000000
        ks_179                      1.961575061235500    1.000000000000000   0.0000000000000000
         ks_18                      2.534970003057000    1.000000000000000   0.0000000000000000
        ks_180                      1.940507368000000e-05    1.000000000000000   0.0000000000000000
        ks_181                      0.02889190529100000    1.000000000000000   0.0000000000000000
        ks_182                      4.861054541169500    1.000000000000000   0.0000000000000000
        ks_183                      0.9628103633174000    1.000000000000000   0.0000000000000000
        ks_184                      0.0004039782512000000    1.000000000000000   0.0000000000000000
        ks_185                      9.551975133000000e-05    1.000000000000000   0.0000000000000000
        ks_186                      9.822007508000000e-05    1.000000000000000   0.0000000000000000
        ks_187                      0.0001093193733000000    1.000000000000000   0.0000000000000000
        ks_188                      0.0003909056472000000    1.000000000000000   0.0000000000000000
        ks_189                      0.0001148164157000000    1.000000000000000   0.0000000000000000
         ks_19                      44.72264543513000    1.000000000000000   0.0000000000000000
        ks_190                      9.938748264000000e-06    1.000000000000000   0.0000000000000000
        ks_191                      0.0001008774934000000    1.000000000000000   0.0000000000000000
        ks_192                      0.0001286626389000000    1.000000000000000   0.0000000000000000
        ks_193                      0.0002040631970000000    1.000000000000000   0.0000000000000000
        ks_194                      9.862280822999999e-06    1.000000000000000   0.0000000000000000
        ks_195                      0.0007743017164000000    1.000000000000000   0.0000000000000000
        ks_196                      1.000025891000000e-05    1.000000000000000   0.0000000000000000
        ks_197                      0.0001310075488000000    1.000000000000000   0.0000000000000000
        ks_198                      0.0001691968353000000    1.000000000000000   0.0000000000000000
        ks_199                      1.120233460000000e-05    1.000000000000000   0.0000000000000000
          ks_2                      0.02990220241000000    1.000000000000000   0.0000000000000000
         ks_20                      0.3783194171760000    1.000000000000000   0.0000000000000000
        ks_200                      1.020218671000000e-05    1.000000000000000   0.0000000000000000
        ks_201                      9.866154378999999e-06    1.000000000000000   0.0000000000000000
        ks_202                      0.0001014443691000000    1.000000000000000   0.0000000000000000
        ks_203                      0.0001137144370000000    1.000000000000000   0.0000000000000000
        ks_204                      9.872080434000000e-05    1.000000000000000   0.0000000000000000
        ks_205                      0.0001036393592000000    1.000000000000000   0.0000000000000000
        ks_206                      9.934425275000000e-06    1.000000000000000   0.0000000000000000
        ks_207                      0.0001017805498000000    1.000000000000000   0.0000000000000000
        ks_208                      1.380094733000000e-05    1.000000000000000   0.0000000000000000
        ks_209                      0.0002943854469000000    1.000000000000000   0.0000000000000000
         ks_21                      0.6799621171540000    1.000000000000000   0.0000000000000000
        ks_210                      8.671788014000000e-05    1.000000000000000   0.0000000000000000
        ks_211                      8.811802865000000e-05    1.000000000000000   0.0000000000000000
        ks_212                      0.0001025577585000000    1.000000000000000   0.0000000000000000
        ks_213                      9.560000000000001e-05    1.000000000000000   0.0000000000000000
        ks_214                      9.912043739000001e-05    1.000000000000000   0.0000000000000000
        ks_215                      9.812023116000000e-05    1.000000000000000   0.0000000000000000
        ks_216                      0.0001002733937000000    1.000000000000000   0.0000000000000000
        ks_217                      9.421527504000000e-05    1.000000000000000   0.0000000000000000
        ks_218                      5.171067807000000e-05    1.000000000000000   0.0000000000000000
        ks_219                      0.0001037823853000000    1.000000000000000   0.0000000000000000
         ks_22                      0.4627315827370000    1.000000000000000   0.0000000000000000
        ks_220                      9.221888638000000e-05    1.000000000000000   0.0000000000000000
        ks_221                      0.0001335745183000000    1.000000000000000   0.0000000000000000
        ks_222                      0.0001087550000000000    1.000000000000000   0.0000000000000000
        ks_223                      0.0001155851831000000    1.000000000000000   0.0000000000000000
        ks_224                      9.980000000000000e-05    1.000000000000000   0.0000000000000000
        ks_225                      1.010000000000000e-05    1.000000000000000   0.0000000000000000
        ks_226                      0.0001053437454000000    1.000000000000000   0.0000000000000000
        ks_227                      8.661731606000000e-05    1.000000000000000   0.0000000000000000
        ks_228                      8.749999854999999e-05    1.000000000000000   0.0000000000000000
        ks_229                      0.0004248780000000000    1.000000000000000   0.0000000000000000
         ks_23                      255.5330640000000    1.000000000000000   0.0000000000000000
        ks_230                      1.041222022000000e-05    1.000000000000000   0.0000000000000000
        ks_231                      3.370000000000000e-05    1.000000000000000   0.0000000000000000
        ks_232                      0.0003541810000000000    1.000000000000000   0.0000000000000000
        ks_233                      6.059439271000000e-05    1.000000000000000   0.0000000000000000
         ks_24                      0.04905402604500000    1.000000000000000   0.0000000000000000
         ks_25                      0.08691922479600001    1.000000000000000   0.0000000000000000
         ks_26                      504.1368780000000    1.000000000000000   0.0000000000000000
         ks_27                      0.7309875322229999    1.000000000000000   0.0000000000000000
         ks_28                      0.3934354009660000    1.000000000000000   0.0000000000000000
         ks_29                      3.236707536403000    1.000000000000000   0.0000000000000000
          ks_3                      0.7177477022200000    1.000000000000000   0.0000000000000000
         ks_30                      1.000039230000000e-05    1.000000000000000   0.0000000000000000
         ks_31                      2.632011234655000    1.000000000000000   0.0000000000000000
         ks_32                      0.0001996901740000000    1.000000000000000   0.0000000000000000
         ks_33                      0.09870450974599999    1.000000000000000   0.0000000000000000
         ks_34                      50.21800970059000    1.000000000000000   0.0000000000000000
         ks_35                      0.0001955453190000000    1.000000000000000   0.0000000000000000
         ks_36                      0.0006003026469999999    1.000000000000000   0.0000000000000000
         ks_37                      0.0002246102380000000    1.000000000000000   0.0000000000000000
         ks_38                      0.2209472613980000    1.000000000000000   0.0000000000000000
         ks_39                      0.0001957613090000000    1.000000000000000   0.0000000000000000
          ks_4                      8.857390805930001    1.000000000000000   0.0000000000000000
         ks_40                      0.6522220891290000    1.000000000000000   0.0000000000000000
         ks_41                      1.142956158614000    1.000000000000000   0.0000000000000000
         ks_42                      2.263510369195000    1.000000000000000   0.0000000000000000
         ks_43                      0.2690426065470000    1.000000000000000   0.0000000000000000
         ks_44                      0.5001675515950000    1.000000000000000   0.0000000000000000
         ks_45                      0.01600153672600000    1.000000000000000   0.0000000000000000
         ks_46                      1.515994595512000    1.000000000000000   0.0000000000000000
         ks_47                      5.615849498590000    1.000000000000000   0.0000000000000000
         ks_48                      9.053332735139000    1.000000000000000   0.0000000000000000
         ks_49                      0.0002067014660000000    1.000000000000000   0.0000000000000000
          ks_5                      48.30959033060000    1.000000000000000   0.0000000000000000
         ks_50                      2.923795958044000    1.000000000000000   0.0000000000000000
         ks_51                      4.580083460000000e-05    1.000000000000000   0.0000000000000000
         ks_52                      0.003442632220000000    1.000000000000000   0.0000000000000000
         ks_53                      4.936714210000000    1.000000000000000   0.0000000000000000
         ks_54                      0.01775678992600000    1.000000000000000   0.0000000000000000
         ks_55                      19.75658893516000    1.000000000000000   0.0000000000000000
         ks_56                      72.73570835107000    1.000000000000000   0.0000000000000000
         ks_57                      5.460276128037000    1.000000000000000   0.0000000000000000
         ks_58                      0.3099695175930000    1.000000000000000   0.0000000000000000
         ks_59                      0.006924621620000000    1.000000000000000   0.0000000000000000
          ks_6                      221.6180100000000    1.000000000000000   0.0000000000000000
         ks_60                      5.020567818995000    1.000000000000000   0.0000000000000000
         ks_61                      0.02854779991700000    1.000000000000000   0.0000000000000000
         ks_62                      0.2777190463080000    1.000000000000000   0.0000000000000000
         ks_63                      10.56848268525000    1.000000000000000   0.0000000000000000
         ks_64                      0.0006140979460000000    1.000000000000000   0.0000000000000000
         ks_65                      0.001874241960000000    1.000000000000000   0.0000000000000000
         ks_66                      5.527088195999000    1.000000000000000   0.0000000000000000
         ks_67                      8.913494975740999    1.000000000000000   0.0000000000000000
         ks_68                      0.009242339390000000    1.000000000000000   0.0000000000000000
         ks_69                      0.7381390918860000    1.000000000000000   0.0000000000000000
          ks_7                      1.020209200000000e-05    1.000000000000000   0.0000000000000000
         ks_70                      3.769903089448000    1.000000000000000   0.0000000000000000
         ks_71                      9.979205530000000e-06    1.000000000000000   0.0000000000000000
         ks_72                      8.833823550000000e-05    1.000000000000000   0.0000000000000000
         ks_73                      0.0001127231440000000    1.000000000000000   0.0000000000000000
         ks_74                      9.321994929999999e-05    1.000000000000000   0.0000000000000000
         ks_75                      1.399923290000000e-05    1.000000000000000   0.0000000000000000
         ks_76                      0.0001919760000000000    1.000000000000000   0.0000000000000000
         ks_77                      0.0001022219910000000    1.000000000000000   0.0000000000000000
         ks_78                      1.615693330000000e-05    1.000000000000000   0.0000000000000000
         ks_79                      1.000203950000000e-05    1.000000000000000   0.0000000000000000
          ks_8                      1.000206300000000e-05    1.000000000000000   0.0000000000000000
         ks_80                      259.4359550000000    1.000000000000000   0.0000000000000000
         ks_81                      9.011858130000000e-05    1.000000000000000   0.0000000000000000
         ks_82                      98.01700000000000    1.000000000000000   0.0000000000000000
         ks_83                      6.564713556066000    1.000000000000000   0.0000000000000000
         ks_84                      9.021915690000000e-05    1.000000000000000   0.0000000000000000
         ks_85                      1.290266040000000e-05    1.000000000000000   0.0000000000000000
         ks_86                      0.0001315871300000000    1.000000000000000   0.0000000000000000
         ks_87                      499.9680000000000    1.000000000000000   0.0000000000000000
         ks_88                      21.88360000000000    1.000000000000000   0.0000000000000000
         ks_89                      7.981635060000000e-05    1.000000000000000   0.0000000000000000
          ks_9                      8.236360117609999    1.000000000000000   0.0000000000000000
         ks_90                      4.484814321651000    1.000000000000000   0.0000000000000000
         ks_91                      14.46689922013000    1.000000000000000   0.0000000000000000
         ks_92                      0.0001140045060000000    1.000000000000000   0.0000000000000000
         ks_93                      0.04175451621100000    1.000000000000000   0.0000000000000000
         ks_94                      3.019394380000000e-05    1.000000000000000   0.0000000000000000
         ks_95                      0.0001000000000000000    1.000000000000000   0.0000000000000000
         ks_96                      0.0001729306560000000    1.000000000000000   0.0000000000000000
         ks_97                      5.520052560000000e-05    1.000000000000000   0.0000000000000000
         ks_98                      0.0001145294530000000    1.000000000000000   0.0000000000000000
         ks_99                      0.0001065169670000000    1.000000000000000   0.0000000000000000
    lak_cond_1                      1.000000000000000    1.000000000000000   0.0000000000000000
   lak_cond_12                      0.9944701300000000    1.000000000000000   0.0000000000000000
    lak_cond_2                      1.000000000000000    1.000000000000000   0.0000000000000000
         pet_1                      9.500000000000001e-05    1.000000000000000   0.0000000000000000
 pond_recharge                      14698.21923543141    1.000000000000000   0.0000000000000000
       sfr_k_1                      0.1178287085397200    1.000000000000000   0.0000000000000000
      sfr_k_10                      0.1005216540141250    1.000000000000000   0.0000000000000000
      sfr_k_11                      0.1004101976480300    1.000000000000000   0.0000000000000000
      sfr_k_12                      0.1025443836476280    1.000000000000000   0.0000000000000000
      sfr_k_13                      0.1000266068293690    1.000000000000000   0.0000000000000000
      sfr_k_14                      0.1006395152354030    1.000000000000000   0.0000000000000000
      sfr_k_15                      0.1001948348226420    1.000000000000000   0.0000000000000000
      sfr_k_16                      0.1043944273524440    1.000000000000000   0.0000000000000000
      sfr_k_17                      0.09973977701186700    1.000000000000000   0.0000000000000000
      sfr_k_18                      0.1529340000000000    1.000000000000000   0.0000000000000000
      sfr_k_19                      0.1000692708874380    1.000000000000000   0.0000000000000000
       sfr_k_2                      0.09971473606721000    1.000000000000000   0.0000000000000000
      sfr_k_20                      0.1002301316677600    1.000000000000000   0.0000000000000000
      sfr_k_21                      0.1000824488069670    1.000000000000000   0.0000000000000000
      sfr_k_22                      0.1073402650331270    1.000000000000000   0.0000000000000000
       sfr_k_3                      0.09419208292834000    1.000000000000000   0.0000000000000000
       sfr_k_4                      0.09767749073639000    1.000000000000000   0.0000000000000000
       sfr_k_5                      0.1119650579507400    1.000000000000000   0.0000000000000000
       sfr_k_6                      0.1010794429746500    1.000000000000000   0.0000000000000000
       sfr_k_7                      0.1009434018061600    1.000000000000000   0.0000000000000000
       sfr_k_8                      0.1014691875241200    1.000000000000000   0.0000000000000000
       sfr_k_9                      0.1047878943852800    1.000000000000000   0.0000000000000000
     spill_447                      185.0599976000000    1.000000000000000   0.0000000000000000
     spill_449                      146.6000061000000    1.000000000000000   0.0000000000000000
     spill_688                      8.230000000000000    1.000000000000000   0.0000000000000000
     surfk_1_1                      0.0002503200818736000    1.000000000000000   0.0000000000000000
    surfk_1_10                      0.0002513012500261700    1.000000000000000   0.0000000000000000
    surfk_1_11                      0.0002511556182201100    1.000000000000000   0.0000000000000000
    surfk_1_12                      0.0002510723324195700    1.000000000000000   0.0000000000000000
    surfk_1_13                      0.0002511448604932500    1.000000000000000   0.0000000000000000
    surfk_1_14                      0.0002510600000000000    1.000000000000000   0.0000000000000000
    surfk_1_15                      0.0002501741806723800    1.000000000000000   0.0000000000000000
    surfk_1_16                      0.0002500117882434700    1.000000000000000   0.0000000000000000
    surfk_1_17                      0.0002511634868141900    1.000000000000000   0.0000000000000000
    surfk_1_18                      0.0002504208075875400    1.000000000000000   0.0000000000000000
    surfk_1_19                      0.0002511170000000000    1.000000000000000   0.0000000000000000
     surfk_1_2                      0.0002501663075456000    1.000000000000000   0.0000000000000000
    surfk_1_21                      0.0002510216260447100    1.000000000000000   0.0000000000000000
     surfk_1_3                      0.0002511568965565000    1.000000000000000   0.0000000000000000
     surfk_1_4                      0.0003965687411973000    1.000000000000000   0.0000000000000000
     surfk_1_5                      0.0003953931693917000    1.000000000000000   0.0000000000000000
     surfk_1_6                      0.0002499919999998000    1.000000000000000   0.0000000000000000
     surfk_1_8                      0.0002497190000000000    1.000000000000000   0.0000000000000000
     surfk_1_9                      0.0002501027419369000    1.000000000000000   0.0000000000000000
     surfk_2_1                      0.0002512416396604000    1.000000000000000   0.0000000000000000
    surfk_2_10                      0.0002511884854246900    1.000000000000000   0.0000000000000000
    surfk_2_11                      0.0002511237225649900    1.000000000000000   0.0000000000000000
    surfk_2_12                      0.0002501444594175500    1.000000000000000   0.0000000000000000
    surfk_2_14                      0.0001584429414193500    1.000000000000000   0.0000000000000000
    surfk_2_15                      0.0001629310000000000    1.000000000000000   0.0000000000000000
    surfk_2_16                      0.0001584457788482300    1.000000000000000   0.0000000000000000
    surfk_2_17                      0.0001584220000000000    1.000000000000000   0.0000000000000000
    surfk_2_18                      0.0001561264685407400    1.000000000000000   0.0000000000000000
    surfk_2_19                      0.0001584347147359400    1.000000000000000   0.0000000000000000
     surfk_2_2                      9.961954416016000e-05    1.000000000000000   0.0000000000000000
    surfk_2_20                      0.0006303227616954200    1.000000000000000   0.0000000000000000
    surfk_2_21                      0.0001584459209954400    1.000000000000000   0.0000000000000000
    surfk_2_22                      0.0001585146837404300    1.000000000000000   0.0000000000000000
     surfk_2_3                      9.990000000000000e-05    1.000000000000000   0.0000000000000000
     surfk_2_4                      0.0002499859979142000    1.000000000000000   0.0000000000000000
     surfk_2_5                      0.0002520985247923000    1.000000000000000   0.0000000000000000
     surfk_2_6                      0.0001577474152797000    1.000000000000000   0.0000000000000000
     surfk_2_7                      0.0002511536875077000    1.000000000000000   0.0000000000000000
     surfk_2_8                      0.0002511627253669000    1.000000000000000   0.0000000000000000
     surfk_2_9                      0.0002499364453415000    1.000000000000000   0.0000000000000000
     surfk_3_1                      3.000000000000000e-08    1.000000000000000   0.0000000000000000
    surfk_3_10                      3.090637250661200e-08    1.000000000000000   0.0000000000000000
    surfk_3_11                      3.090633123484500e-08    1.000000000000000   0.0000000000000000
    surfk_3_12                      3.090000000000000e-08    1.000000000000000   0.0000000000000000
    surfk_3_13                      3.090637250638900e-08    1.000000000000000   0.0000000000000000
    surfk_3_14                      3.180655578435600e-08    1.000000000000000   0.0000000000000000
    surfk_3_15                      3.070000000000000e-08    1.000000000000000   0.0000000000000000
    surfk_3_16                      9.992044337832400e-08    1.000000000000000   0.0000000000000000
    surfk_3_17                      3.090637250650100e-08    1.000000000000000   0.0000000000000000
    surfk_3_18                      3.090633682001400e-08    1.000000000000000   0.0000000000000000
    surfk_3_19                      3.090000000000000e-08    1.000000000000000   0.0000000000000000
     surfk_3_2                      3.070000000000000e-08    1.000000000000000   0.0000000000000000
    surfk_3_20                      1.150235715230800e-07    1.000000000000000   0.0000000000000000
    surfk_3_21                      3.090659882938300e-08    1.000000000000000   0.0000000000000000
    surfk_3_22                      3.080632621209200e-08    1.000000000000000   0.0000000000000000
     surfk_3_3                      3.070000000000000e-08    1.000000000000000   0.0000000000000000
     surfk_3_4                      3.070000000000000e-08    1.000000000000000   0.0000000000000000
     surfk_3_5                      3.090660629150000e-08    1.000000000000000   0.0000000000000000
     surfk_3_6                      9.978808928622999e-08    1.000000000000000   0.0000000000000000
     surfk_3_7                      3.070000000000000e-08    1.000000000000000   0.0000000000000000
     surfk_3_8                      3.090637250643000e-08    1.000000000000000   0.0000000000000000
     surfk_3_9                      3.090637250648000e-08    1.000000000000000   0.0000000000000000
   vka_ratio_1                      0.09892559231053288    1.000000000000000   0.0000000000000000
   vka_ratio_2                      0.1006553651346177    1.000000000000000   0.0000000000000000
   vka_ratio_3                      0.09999990047618754    1.000000000000000   0.0000000000000000
       vks_1_1                      0.0002511890000000000    1.000000000000000   0.0000000000000000
      vks_1_10                      0.0002511890000000000    1.000000000000000   0.0000000000000000
      vks_1_11                      0.0002511890000000000    1.000000000000000   0.0000000000000000
      vks_1_12                      0.0002511890000000000    1.000000000000000   0.0000000000000000
      vks_1_13                      0.0002511890000000000    1.000000000000000   0.0000000000000000
      vks_1_14                      0.0002511890000000000    1.000000000000000   0.0000000000000000
      vks_1_15                      0.0002511890000000000    1.000000000000000   0.0000000000000000
      vks_1_16                      0.0002511890000000000    1.000000000000000   0.0000000000000000
      vks_1_17                      0.0002511890000000000    1.000000000000000   0.0000000000000000
      vks_1_18                      0.0002511890000000000    1.000000000000000   0.0000000000000000
      vks_1_19                      0.0002511890000000000    1.000000000000000   0.0000000000000000
       vks_1_2                      0.0002511890000000000    1.000000000000000   0.0000000000000000
      vks_1_21                      0.0002511890000000000    1.000000000000000   0.0000000000000000
       vks_1_3                      0.0002511890000000000    1.000000000000000   0.0000000000000000
       vks_1_4                      0.0003981070000000000    1.000000000000000   0.0000000000000000
       vks_1_5                      0.0003981070000000000    1.000000000000000   0.0000000000000000
       vks_1_6                      0.0002511890000000000    1.000000000000000   0.0000000000000000
       vks_1_8                      0.0002511890000000000    1.000000000000000   0.0000000000000000
       vks_1_9                      0.0002511890000000000    1.000000000000000   0.0000000000000000
       vks_2_1                      0.0002511890000000000    1.000000000000000   0.0000000000000000
      vks_2_10                      0.0002511890000000000    1.000000000000000   0.0000000000000000
      vks_2_11                      0.0002511890000000000    1.000000000000000   0.0000000000000000
      vks_2_12                      0.0002511890000000000    1.000000000000000   0.0000000000000000
      vks_2_14                      0.0001584890000000000    1.000000000000000   0.0000000000000000
      vks_2_15                      0.0001584890000000000    1.000000000000000   0.0000000000000000
      vks_2_16                      0.0001584890000000000    1.000000000000000   0.0000000000000000
      vks_2_17                      0.0001584890000000000    1.000000000000000   0.0000000000000000
      vks_2_18                      0.0001584890000000000    1.000000000000000   0.0000000000000000
      vks_2_19                      0.0001584890000000000    1.000000000000000   0.0000000000000000
       vks_2_2                      0.0001000000000000000    1.000000000000000   0.0000000000000000
      vks_2_20                      0.0006309570000000000    1.000000000000000   0.0000000000000000
      vks_2_21                      0.0001584890000000000    1.000000000000000   0.0000000000000000
      vks_2_22                      0.0001584890000000000    1.000000000000000   0.0000000000000000
       vks_2_3                      0.0001000000000000000    1.000000000000000   0.0000000000000000
       vks_2_4                      0.0002511890000000000    1.000000000000000   0.0000000000000000
       vks_2_5                      0.0002511890000000000    1.000000000000000   0.0000000000000000
       vks_2_6                      0.0001584890000000000    1.000000000000000   0.0000000000000000
       vks_2_7                      0.0002511890000000000    1.000000000000000   0.0000000000000000
       vks_2_8                      0.0002511890000000000    1.000000000000000   0.0000000000000000
       vks_2_9                      0.0002511890000000000    1.000000000000000   0.0000000000000000
       vks_3_1                      3.020000000000000e-08    1.000000000000000   0.0000000000000000
      vks_3_10                      3.090000000000000e-08    1.000000000000000   0.0000000000000000
      vks_3_11                      3.090000000000000e-08    1.000000000000000   0.0000000000000000
      vks_3_12                      3.090000000000000e-08    1.000000000000000   0.0000000000000000
      vks_3_13                      3.090000000000000e-08    1.000000000000000   0.0000000000000000
      vks_3_14                      3.090000000000000e-08    1.000000000000000   0.0000000000000000
      vks_3_15                      3.090000000000000e-08    1.000000000000000   0.0000000000000000
      vks_3_16                      1.000000000000000e-07    1.000000000000000   0.0000000000000000
      vks_3_17                      3.090000000000000e-08    1.000000000000000   0.0000000000000000
      vks_3_18                      3.090000000000000e-08    1.000000000000000   0.0000000000000000
      vks_3_19                      3.090000000000000e-08    1.000000000000000   0.0000000000000000
       vks_3_2                      3.090000000000000e-08    1.000000000000000   0.0000000000000000
      vks_3_20                      1.150000000000000e-07    1.000000000000000   0.0000000000000000
      vks_3_21                      3.090000000000000e-08    1.000000000000000   0.0000000000000000
      vks_3_22                      3.090000000000000e-08    1.000000000000000   0.0000000000000000
       vks_3_3                      3.090000000000000e-08    1.000000000000000   0.0000000000000000
       vks_3_4                      3.090000000000000e-08    1.000000000000000   0.0000000000000000
       vks_3_5                      3.090000000000000e-08    1.000000000000000   0.0000000000000000
       vks_3_6                      1.000000000000000e-07    1.000000000000000   0.0000000000000000
       vks_3_7                      3.090000000000000e-08    1.000000000000000   0.0000000000000000
       vks_3_8                      3.090000000000000e-08    1.000000000000000   0.0000000000000000
       vks_3_9                      3.090000000000000e-08    1.000000000000000   0.0000000000000000
