1.000000000000000000e+00
1.000000000000000000e+00
6.241619199999999701e+00
4.307393600000000156e+00
5.000000000000000000e+00
5.166370500000000199e+00
6.113876600000000217e+00
6.888302999999999621e+00
5.000000000000000000e+00
5.000000000000000000e+00
5.102455700000000149e+00
4.843042500000000139e+00
4.999999800000000327e+00
3.693062400000000167e+01
5.000000000000000000e+00
4.991089699999999851e+00
4.990317300000000067e+00
4.549502000000000379e+00
5.910059799999999974e+00
4.592881499999999839e+00
5.000000000000000000e+00
5.000000000000000000e+00
5.114882299999999660e+00
5.069979599999999920e+00
2.138086800000000036e-04
2.313768700000000086e-04
2.553566099999999878e-04
1.959650700000000031e-04
2.179615000000000035e-04
2.510771499999999920e-04
2.551280600000000050e-04
5.220788700000000317e-04
1.517512200000000063e-04
2.587409300000000035e-04
2.511890000000000238e-04
3.375906899999999789e-04
2.511156200000000133e-04
2.568764399999999884e-04
2.045578300000000039e-04
3.754083799999999803e-04
2.642044800000000132e-04
2.511890000000000238e-04
2.357440499999999880e-04
4.778504999999999949e-04
2.432666499999999894e-04
2.422568300000000100e-04
2.765408600000000112e-04
1.581117499999999893e-04
1.585437100000000122e-04
3.425907100000000205e-04
1.368091400000000072e-04
1.785629700000000025e-04
1.584889999999999932e-04
9.066298299999999593e-05
5.853542500000000377e-04
1.276189699999999969e-04
1.379068499999999958e-04
1.073571200000000039e-04
1.788222900000000100e-04
2.694522599999999856e-04
1.484401100000000027e-04
2.514773199999999730e-04
2.687103599999999919e-04
1.566760100000000029e-04
1.782424700000000064e-08
3.090000400000000004e-08
3.089999999999999876e-08
3.089961299999999782e-08
3.089999999999999876e-08
3.202221600000000315e-08
3.775843800000000034e-08
5.952474999999999705e-07
3.023106000000000045e-08
4.839970800000000283e-08
3.041157100000000018e-08
3.055409499999999736e-08
1.146939099999999990e-07
5.208166000000000025e-08
6.930387199999999533e-08
3.089575600000000247e-08
3.089999999999999876e-08
3.194866999999999779e-08
1.555693899999999936e-07
3.089999999999999876e-08
2.877185500000000125e-08
4.733520700000000313e-08
2.511890000000000238e-04
2.511890000000000238e-04
2.511890000000000238e-04
2.511890000000000238e-04
2.511890000000000238e-04
2.511890000000000238e-04
2.511890000000000238e-04
2.511890000000000238e-04
2.511890000000000238e-04
2.511890000000000238e-04
2.511890000000000238e-04
2.511890000000000238e-04
2.511890000000000238e-04
2.511890000000000238e-04
3.981069999999999748e-04
3.981069999999999748e-04
2.511890000000000238e-04
2.511890000000000238e-04
2.511890000000000238e-04
2.511890000000000238e-04
2.511890000000000238e-04
2.511890000000000238e-04
2.511890000000000238e-04
1.584889999999999932e-04
1.584889999999999932e-04
1.584889999999999932e-04
1.584889999999999932e-04
1.584889999999999932e-04
1.584889999999999932e-04
1.000000000000000048e-04
6.309570000000000239e-04
1.584889999999999932e-04
1.584889999999999932e-04
1.000000000000000048e-04
2.511890000000000238e-04
2.511890000000000238e-04
1.584889999999999932e-04
2.511890000000000238e-04
2.511890000000000238e-04
2.511890000000000238e-04
3.019999999999999911e-08
3.089999999999999876e-08
3.089999999999999876e-08
3.089999999999999876e-08
3.089999999999999876e-08
3.089999999999999876e-08
3.089999999999999876e-08
9.999999999999999547e-08
3.089999999999999876e-08
3.089999999999999876e-08
3.089999999999999876e-08
3.089999999999999876e-08
1.149999999999999974e-07
3.089999999999999876e-08
3.089999999999999876e-08
3.089999999999999876e-08
3.089999999999999876e-08
3.089999999999999876e-08
9.999999999999999547e-08
3.089999999999999876e-08
3.089999999999999876e-08
3.089999999999999876e-08
4.829538299999999729e-01
4.613469299999999884e-01
4.919131600000000160e-01
4.600000000000000200e-01
4.600000000000000200e-01
4.600000000000000200e-01
5.300000000000000266e-01
5.041978400000000082e-01
5.125375199999999687e-01
5.300000000000000266e-01
5.149897100000000449e-01
4.600000000000000200e-01
4.799871700000000185e-01
5.162097399999999725e-01
4.734490399999999877e-01
4.600000000000000200e-01
5.300000000000000266e-01
5.180247599999999730e-01
4.830244699999999836e-01
5.284666000000000086e-01
4.866522099999999740e-01
4.600000000000000200e-01
9.500000000000000523e-05
1.849977299999999900e+02
1.466262499999999989e+02
2.329660000000000153e+01
1.190107999999999965e-02
7.166183099999999806e-01
1.597072999999999965e+01
4.170315499999999815e+02
3.608450700000000211e+02
1.023301100000000020e-05
1.000000000000000082e-05
1.133196500000000029e+01
1.766535900000000048e+00
8.217027900000000162e-01
8.950802799999999948e+00
1.124672600000000022e+00
4.595946699999999829e+00
5.363783899999999827e-01
6.985877399999999682e+01
1.902029600000000098e+00
2.515651300000000035e+00
4.472369799999999884e+01
9.245290800000000031e-01
6.900027300000000086e-01
7.637677499999999675e-01
5.000000000000000000e+02
4.475278299999999737e-02
1.188188500000000036e-01
5.000000000000000000e+02
6.564733500000000110e-02
3.162929199999999774e-01
3.861599399999999793e+00
1.156784199999999949e-05
2.631763900000000156e+00
1.997939999999999916e-04
9.511041300000000476e-02
9.160043100000000038e+01
1.963930000000000016e-04
4.990812199999999487e-04
2.294182799999999972e-04
1.318048400000000064e-01
1.958936000000000043e-04
7.250865300000000069e-01
1.157698499999999964e+00
2.223129099999999969e+00
2.794572399999999956e-01
1.141388099999999906e+00
3.911556299999999729e-03
1.981588300000000080e-01
5.372156200000000048e+00
8.998107600000002648e+00
2.079326700000000069e-04
2.864891699999999819e+00
5.024065499999999849e-05
8.781977499999999576e-03
4.945618600000000420e+00
1.777756999999999948e-02
4.202451100000000217e+00
7.317170600000000036e+01
2.736704900000000151e+01
2.686973999999999752e-01
3.514486499999999996e-03
5.045219900000000202e+00
2.837862000000000023e-02
1.578806100000000046e-01
1.057301900000000039e+01
6.096199399999999765e-04
1.891394999999999925e-03
5.526679999999999815e+00
1.574829199999999929e+01
1.065197499999999929e-02
7.600438999999999945e-01
3.685350000000000126e+00
8.236850700000000172e-05
8.284013100000000478e-05
1.127171000000000054e-04
9.544370400000000670e-05
1.028929900000000050e-05
1.797074299999999953e-04
1.022769999999999967e-04
1.000000000000000082e-05
1.000000000000000082e-05
4.520206900000000019e+02
9.040000000000000184e-05
3.782173099999999977e+01
6.570957599999999843e+00
9.050000199999999628e-05
1.306913899999999996e-05
1.340113499999999989e-04
2.434029999999999916e+02
4.900801000000000407e+00
8.021735000000001896e-05
4.485347199999999646e+00
1.446801699999999968e+01
1.139839999999999983e-04
2.770901499999999795e-01
1.831086200000000053e-05
1.000120000000000040e-04
1.729409999999999964e-04
4.359605400000000176e-05
1.145899999999999989e-04
1.065888899999999979e-04
1.634144300000000007e-05
8.469111099999999904e-04
7.644563299999999559e-05
2.598511900000000162e-04
1.000000000000000082e-05
1.002837399999999927e-05
1.451330000000000079e-04
3.096560999999999845e-04
4.180084299999999864e+00
6.951634099999999705e+00
3.440709599999999924e+00
5.980459199999999953e+01
2.824484399999999784e+00
9.165854599999999353e-02
1.082776499999999942e+01
6.860971300000000106e+00
3.428507199999999977e-01
1.104659099999999938e+01
1.936282400000000070e+00
1.077770600000000023e+01
5.567901799999999679e-02
2.411996699999999993e+00
3.548011499999999785e+01
5.089043199999999878e+00
2.003724599999999967e+00
3.887738299999999754e+02
5.000000000000000000e+02
1.492480999999999947e+00
4.406357299999999810e+00
5.991142499999999593e+00
1.434315299999999915e+01
2.011939999999999985e-04
2.001466599999999964e-04
2.019916999999999926e-04
2.626742099999999913e-02
1.610223400000000010e-04
2.916573000000000104e-04
4.137008299999999847e-03
6.563513000000000375e+00
2.289304799999999983e-04
1.465796199999999949e+01
1.978270000000000018e-04
1.998919999999999896e-04
1.743418800000000107e-03
9.755500499999999464e-01
2.549126499999999851e+01
5.666762199999999972e+00
3.123097800000000035e+00
5.960422000000000331e+00
2.640820000000000103e-04
7.427405799999999836e+00
6.226774800000000276e+00
1.481437800000000027e-01
1.161260400000000033e+02
5.891492999999999824e+01
1.961018399999999893e-04
2.498382399999999892e-01
8.434871200000000624e-02
6.303395999999999999e-01
2.547102999999999867e-02
1.382251099999999955e+00
5.000000000000000000e+02
1.871347600000000111e-01
6.756904199999999583e-02
5.463406999999999986e-02
6.131480500000000333e+00
1.566566600000000170e-02
2.159410599999999833e-02
6.721483300000000161e-02
2.658393899999999871e-04
2.033871999999999937e-03
1.082461899999999977e+00
1.919783599999999937e-02
7.978850699999999810e-03
5.844979600000000275e+00
1.251750000000000085e-01
5.015822799999999915e-03
1.108648300000000031e+00
2.054341299999999941e-04
2.308591999999999977e+00
2.105396599999999899e-05
4.919762500000000177e-02
4.899520500000000389e+00
9.627773800000000159e-01
5.589344099999999597e-04
9.560000000000000626e-05
9.830000000000000413e-05
1.201752799999999998e-04
4.022364700000000083e-04
1.123147200000000054e-04
1.000000000000000082e-05
1.009479999999999964e-04
1.300304299999999896e-04
1.000000000000000082e-05
1.000000000000000082e-05
7.922299900000000358e-04
1.000000000000000082e-05
1.527559800000000113e-04
2.609253400000000099e-04
1.130410999999999976e-05
1.026947000000000012e-05
1.000000000000000082e-05
1.012686699999999995e-04
1.137729500000000065e-04
9.900121399999999494e-05
1.061168600000000044e-04
1.000000000000000082e-05
9.971465400000000348e-05
1.457738600000000043e-05
3.147013199999999897e-04
8.679999999999999565e-05
8.820030599999999959e-05
1.045548899999999967e-04
9.569999999999999514e-05
9.919999999999999890e-05
9.820000000000000170e-05
8.352020799999999552e-05
7.757095700000000223e-05
5.250079099999999924e-05
1.038902399999999996e-04
9.351542499999999751e-05
1.321306200000000133e-04
1.109444899999999939e-04
1.328513399999999890e-04
9.990000000000000236e-05
1.009999999999999986e-05
1.100423499999999985e-04
8.504093500000000337e-05
5.886028599999999788e-05
5.391485500000000068e-04
2.766678499999999976e-05
4.958180500000000055e-05
3.553617799999999748e-04
6.125524999999999937e-05
2.999999999999999889e-01
2.993230100000000005e-01
5.041376000000000190e-02
