72.214
288.039
89.362
41.288
1.232
2.461
57.439
162.321
50.733
44.952
52.557
45.289
26.197
19.060
357.855
20.769
57.403
6.246
42.787
43.336
20.076
28.862
23.886
19.737
19.860
20.380
20.404
21.560
21.145
20.025
25.395
45.211
42.389
42.157
43.641
43.341
19.858
19.882
126.670
126.526
62.786
60.208
95.053
46.233
50.647
52.797
88.234
101.599
280.227
53.414
53.011
82.581
82.562
85.540
60.102
77.411
51.861
53.543
45.310
45.996
51.355
52.130
59.476
56.693
340.254
145.117
336.235
150.928
144.963
145.393
145.393
552.158
243.503
251.059
221.297
222.597
243.049
229.064
228.445
228.106
241.700
218.268
214.062
217.893
203.486
197.430
225.420
224.480
226.142
227.992
196.007
212.103
193.716
206.032
182.667
168.308
148.195
159.338
158.947
160.985
193.335
163.335
163.358
179.045
174.016
172.183
169.957
169.774
174.900
175.086
175.417
177.003
177.474
168.894
177.083
244.922
241.018
240.895
233.791
235.620
254.108
238.667
292.523
288.022
268.078
273.990
235.312
223.128
211.545
243.437
209.030
222.535
212.681
233.154
232.651
214.371
217.435
231.610
214.641
246.587
240.535
243.110
242.409
243.688
228.417
227.324
252.985
258.549
217.759
218.720
236.668
237.808
189.775
187.054
188.506
188.506
188.506
188.506
206.088
206.088
206.088
294.565
225.841
212.316
211.830
233.277
221.014
273.084
274.837
289.824
289.744
392900.000
649570.000
655810.000
-999.000
1603900.000
2135900.000
-999.000
-999.000
-999.000
-999.000
-999.000
-999.000
3258600.000
-999.000
252690.000
378850.000
-999.000
4538600.000
-999.000
378220.000
0.154
0.149
-999.000
-999.000
0.133
0.110
-999.000
-999.000
-999.000
-999.000
-999.000
-999.000
0.129
-999.000
-999.000
-0.136
-999.000
0.492
-999.000
0.130
36727.730
