	year_total	month	monthly_af	APN	xloc	yloc
1/31/1990	0.24	1	0.012696	16323004	6222890	2222420
1/31/1990	1.3275	1	0.07022475	15611011	6210750	2193220
1/31/1990	0.24	1	0.012696	17525003	6260600	2236370
1/31/1990	1.3275	1	0.07022475	4827024	6259320	2118720
1/31/1990	0.24	1	0.012696	16014024	6215890	2236570
1/31/1990	1.24313668	1	0.06576193	4827023	6258900	2118180
1/31/1990	0.24	1	0.012696	17525004	6261580	2236540
1/31/1990	1.3275	1	0.07022475	4710015	6238760	2110190
1/31/1990	0.24	1	0.012696	18801011	6238520	2215330
1/31/1990	1.3275	1	0.07022475	15625001	6209700	2180220
1/31/1990	0.24	1	0.012696	16017010	6210820	2234140
