single point
        finf_1                      0.4830353000000000    1.000000000000000   0.0000000000000000
       finf_10                      0.4725046550000000    1.000000000000000   0.0000000000000000
       finf_11                      0.4725046520000000    1.000000000000000   0.0000000000000000
       finf_12                      0.4725046520000000    1.000000000000000   0.0000000000000000
       finf_13                      0.4725046250000000    1.000000000000000   0.0000000000000000
       finf_14                      0.4830353020000000    1.000000000000000   0.0000000000000000
       finf_15                      0.4830353000000000    1.000000000000000   0.0000000000000000
       finf_16                      0.4830353000000000    1.000000000000000   0.0000000000000000
       finf_17                      0.4830352960000000    1.000000000000000   0.0000000000000000
       finf_18                      0.4830353000000000    1.000000000000000   0.0000000000000000
       finf_19                      0.4830353020000000    1.000000000000000   0.0000000000000000
        finf_2                      0.4830352990000000    1.000000000000000   0.0000000000000000
       finf_20                      0.5284619410000000    1.000000000000000   0.0000000000000000
       finf_21                      0.4830353010000000    1.000000000000000   0.0000000000000000
       finf_22                      0.4830353040000000    1.000000000000000   0.0000000000000000
        finf_3                      0.4830353050000000    1.000000000000000   0.0000000000000000
        finf_4                      0.4105800060000000    1.000000000000000   0.0000000000000000
        finf_5                      0.4105800060000000    1.000000000000000   0.0000000000000000
        finf_6                      0.4830352990000000    1.000000000000000   0.0000000000000000
        finf_7                      0.4725046530000000    1.000000000000000   0.0000000000000000
        finf_8                      0.4725046500000000    1.000000000000000   0.0000000000000000
        finf_9                      0.4725046480000000    1.000000000000000   0.0000000000000000
          ks_1                      0.8997253956000000    1.000000000000000   0.0000000000000000
         ks_10                      1.766652663400000    1.000000000000000   0.0000000000000000
        ks_100                      1.034086913000000e-05    1.000000000000000   0.0000000000000000
        ks_101                      0.0008433342025000000    1.000000000000000   0.0000000000000000
        ks_102                      7.959986385000000e-05    1.000000000000000   0.0000000000000000
        ks_103                      0.0004371182399000000    1.000000000000000   0.0000000000000000
        ks_104                      1.000000000000000e-05    1.000000000000000   0.0000000000000000
        ks_105                      1.010553580000000e-05    1.000000000000000   0.0000000000000000
        ks_106                      0.0001451336335000000    1.000000000000000   0.0000000000000000
        ks_107                      0.0003130623058000000    1.000000000000000   0.0000000000000000
        ks_108                      4.340141849577100    1.000000000000000   0.0000000000000000
        ks_109                      6.878756550406200    1.000000000000000   0.0000000000000000
         ks_11                      0.3218433963780000    1.000000000000000   0.0000000000000000
        ks_110                      3.930093468478500    1.000000000000000   0.0000000000000000
        ks_111                      4.822450000000000    1.000000000000000   0.0000000000000000
        ks_112                      3.137894473860100    1.000000000000000   0.0000000000000000
        ks_113                      1.060854481207600    1.000000000000000   0.0000000000000000
        ks_114                      7.822411942125500    1.000000000000000   0.0000000000000000
        ks_115                      6.426845436822300    1.000000000000000   0.0000000000000000
        ks_116                      0.3977450000000000    1.000000000000000   0.0000000000000000
        ks_117                      13.40585326229600    1.000000000000000   0.0000000000000000
        ks_118                      2.038077918060200    1.000000000000000   0.0000000000000000
        ks_119                      10.45499330289100    1.000000000000000   0.0000000000000000
         ks_12                      8.950788237668000    1.000000000000000   0.0000000000000000
        ks_120                      0.1597687510588000    1.000000000000000   0.0000000000000000
        ks_121                      2.150980156380300    1.000000000000000   0.0000000000000000
        ks_122                      38.49960939124200    1.000000000000000   0.0000000000000000
        ks_123                      11.21470678883300    1.000000000000000   0.0000000000000000
        ks_124                      2.007252220172600    1.000000000000000   0.0000000000000000
        ks_125                      500.0000000000000    1.000000000000000   0.0000000000000000
        ks_126                      500.0000000000000    1.000000000000000   0.0000000000000000
        ks_127                      1.948548057314100    1.000000000000000   0.0000000000000000
        ks_128                      3.365238957192400    1.000000000000000   0.0000000000000000
        ks_129                      5.988880493815000    1.000000000000000   0.0000000000000000
         ks_13                      1.726807171077000    1.000000000000000   0.0000000000000000
        ks_130                      14.21020817129500    1.000000000000000   0.0000000000000000
        ks_131                      0.0002011952952000000    1.000000000000000   0.0000000000000000
        ks_132                      0.0002001959607000000    1.000000000000000   0.0000000000000000
        ks_133                      0.0002019968322000000    1.000000000000000   0.0000000000000000
        ks_134                      0.02629175797210000    1.000000000000000   0.0000000000000000
        ks_135                      0.0001587078098000000    1.000000000000000   0.0000000000000000
        ks_136                      0.0002908451832000000    1.000000000000000   0.0000000000000000
        ks_137                      0.004186102200000000    1.000000000000000   0.0000000000000000
        ks_138                      6.300062318044600    1.000000000000000   0.0000000000000000
        ks_139                      0.0002288642086000000    1.000000000000000   0.0000000000000000
         ks_14                      4.539272365241000    1.000000000000000   0.0000000000000000
        ks_140                      14.53446698163200    1.000000000000000   0.0000000000000000
        ks_141                      0.0001978282476000000    1.000000000000000   0.0000000000000000
        ks_142                      0.0001998936714000000    1.000000000000000   0.0000000000000000
        ks_143                      0.001743832827000000    1.000000000000000   0.0000000000000000
        ks_144                      1.009919062070700    1.000000000000000   0.0000000000000000
        ks_145                      28.95670000000000    1.000000000000000   0.0000000000000000
        ks_146                      5.733486977930100    1.000000000000000   0.0000000000000000
        ks_147                      4.047866236064100    1.000000000000000   0.0000000000000000
        ks_148                      5.998338187652500    1.000000000000000   0.0000000000000000
        ks_149                      0.0002640843695000000    1.000000000000000   0.0000000000000000
         ks_15                      2.718203845942000    1.000000000000000   0.0000000000000000
        ks_150                      7.222373461390600    1.000000000000000   0.0000000000000000
        ks_151                      6.005884690835400    1.000000000000000   0.0000000000000000
        ks_152                      0.09757580000000000    1.000000000000000   0.0000000000000000
        ks_153                      37.15255383065800    1.000000000000000   0.0000000000000000
        ks_154                      56.26500412684900    1.000000000000000   0.0000000000000000
        ks_155                      0.0001958167738000000    1.000000000000000   0.0000000000000000
        ks_156                      0.1849099288844000    1.000000000000000   0.0000000000000000
        ks_157                      0.1902270463522000    1.000000000000000   0.0000000000000000
        ks_158                      0.6248222142301000    1.000000000000000   0.0000000000000000
        ks_159                      0.02677743953690000    1.000000000000000   0.0000000000000000
         ks_16                      499.2863870000000    1.000000000000000   0.0000000000000000
        ks_160                      1.030872868885200    1.000000000000000   0.0000000000000000
        ks_161                      287.6682124000000    1.000000000000000   0.0000000000000000
        ks_162                      0.1866561769099000    1.000000000000000   0.0000000000000000
        ks_163                      0.06879494303280000    1.000000000000000   0.0000000000000000
        ks_164                      0.05453024267280000    1.000000000000000   0.0000000000000000
        ks_165                      6.217500000000000    1.000000000000000   0.0000000000000000
        ks_166                      0.01565069576460000    1.000000000000000   0.0000000000000000
        ks_167                      0.03793603633020000    1.000000000000000   0.0000000000000000
        ks_168                      0.1242154518205000    1.000000000000000   0.0000000000000000
        ks_169                      0.0002635119815000000    1.000000000000000   0.0000000000000000
         ks_17                      1.669760021026000    1.000000000000000   0.0000000000000000
        ks_170                      0.002034336906000000    1.000000000000000   0.0000000000000000
        ks_171                      1.082436434212300    1.000000000000000   0.0000000000000000
        ks_172                      0.01919783700000000    1.000000000000000   0.0000000000000000
        ks_173                      0.008033468877999999    1.000000000000000   0.0000000000000000
        ks_174                      5.844928264577900    1.000000000000000   0.0000000000000000
        ks_175                      0.1251749989996000    1.000000000000000   0.0000000000000000
        ks_176                      0.004514514823000000    1.000000000000000   0.0000000000000000
        ks_177                      1.108396434721400    1.000000000000000   0.0000000000000000
        ks_178                      0.0002008212899000000    1.000000000000000   0.0000000000000000
        ks_179                      2.060525542797100    1.000000000000000   0.0000000000000000
         ks_18                      2.527889251137000    1.000000000000000   0.0000000000000000
        ks_180                      1.910020000000000e-05    1.000000000000000   0.0000000000000000
        ks_181                      0.3133814985165000    1.000000000000000   0.0000000000000000
        ks_182                      4.852997327125100    1.000000000000000   0.0000000000000000
        ks_183                      0.9627773760000000    1.000000000000000   0.0000000000000000
        ks_184                      0.0004033707270000000    1.000000000000000   0.0000000000000000
        ks_185                      9.559926568000000e-05    1.000000000000000   0.0000000000000000
        ks_186                      9.830033854000001e-05    1.000000000000000   0.0000000000000000
        ks_187                      0.0001093910000000000    1.000000000000000   0.0000000000000000
        ks_188                      0.0003936710000000000    1.000000000000000   0.0000000000000000
        ks_189                      0.0001123282501000000    1.000000000000000   0.0000000000000000
         ks_19                      44.72371291626000    1.000000000000000   0.0000000000000000
        ks_190                      1.000000000000000e-05    1.000000000000000   0.0000000000000000
        ks_191                      0.0001009483577000000    1.000000000000000   0.0000000000000000
        ks_192                      0.0001287074855000000    1.000000000000000   0.0000000000000000
        ks_193                      1.012920000000000e-05    1.000000000000000   0.0000000000000000
        ks_194                      1.000000000000000e-05    1.000000000000000   0.0000000000000000
        ks_195                      0.0007756825876000000    1.000000000000000   0.0000000000000000
        ks_196                      1.000000000000000e-05    1.000000000000000   0.0000000000000000
        ks_197                      0.0001310973007000000    1.000000000000000   0.0000000000000000
        ks_198                      0.0001686681309000000    1.000000000000000   0.0000000000000000
        ks_199                      1.120000385000000e-05    1.000000000000000   0.0000000000000000
          ks_2                      0.03094915130000000    1.000000000000000   0.0000000000000000
         ks_20                      0.4847659462090000    1.000000000000000   0.0000000000000000
        ks_200                      1.020000000000000e-05    1.000000000000000   0.0000000000000000
        ks_201                      1.101430000000000e-05    1.000000000000000   0.0000000000000000
        ks_202                      0.0001015442421000000    1.000000000000000   0.0000000000000000
        ks_203                      0.0001137733667000000    1.000000000000000   0.0000000000000000
        ks_204                      9.900003637000000e-05    1.000000000000000   0.0000000000000000
        ks_205                      0.0001040062916000000    1.000000000000000   0.0000000000000000
        ks_206                      1.000000000000000e-05    1.000000000000000   0.0000000000000000
        ks_207                      0.0001021959527000000    1.000000000000000   0.0000000000000000
        ks_208                      1.387713830000000e-05    1.000000000000000   0.0000000000000000
        ks_209                      0.0002944302520000000    1.000000000000000   0.0000000000000000
         ks_21                      0.6674756186960000    1.000000000000000   0.0000000000000000
        ks_210                      8.680028655999999e-05    1.000000000000000   0.0000000000000000
        ks_211                      8.820022167000000e-05    1.000000000000000   0.0000000000000000
        ks_212                      0.0001026123142000000    1.000000000000000   0.0000000000000000
        ks_213                      9.570030989000000e-05    1.000000000000000   0.0000000000000000
        ks_214                      9.920028339000000e-05    1.000000000000000   0.0000000000000000
        ks_215                      9.820027749000000e-05    1.000000000000000   0.0000000000000000
        ks_216                      0.0001003174401000000    1.000000000000000   0.0000000000000000
        ks_217                      9.622018526000001e-05    1.000000000000000   0.0000000000000000
        ks_218                      5.250007761000000e-05    1.000000000000000   0.0000000000000000
        ks_219                      0.0001038903546000000    1.000000000000000   0.0000000000000000
         ks_22                      0.4498790453770000    1.000000000000000   0.0000000000000000
        ks_220                      9.250000000000000e-05    1.000000000000000   0.0000000000000000
        ks_221                      0.0001336165327000000    1.000000000000000   0.0000000000000000
        ks_222                      0.0001088413440000000    1.000000000000000   0.0000000000000000
        ks_223                      0.0001163851597000000    1.000000000000000   0.0000000000000000
        ks_224                      9.989916984000000e-05    1.000000000000000   0.0000000000000000
        ks_225                      1.009282923000000e-05    1.000000000000000   0.0000000000000000
        ks_226                      0.0001059502052000000    1.000000000000000   0.0000000000000000
        ks_227                      8.685397777000001e-05    1.000000000000000   0.0000000000000000
        ks_228                      8.867255930000000e-05    1.000000000000000   0.0000000000000000
        ks_229                      0.0004264885507000000    1.000000000000000   0.0000000000000000
         ks_23                      251.4640180000000    1.000000000000000   0.0000000000000000
        ks_230                      1.009183462000000e-05    1.000000000000000   0.0000000000000000
        ks_231                      3.149401262000000e-05    1.000000000000000   0.0000000000000000
        ks_232                      0.0003542652473000000    1.000000000000000   0.0000000000000000
        ks_233                      6.086823113000000e-05    1.000000000000000   0.0000000000000000
         ks_24                      0.04937757836600000    1.000000000000000   0.0000000000000000
         ks_25                      0.08709944638900000    1.000000000000000   0.0000000000000000
         ks_26                      500.0000000000000    1.000000000000000   0.0000000000000000
         ks_27                      0.7625209039070000    1.000000000000000   0.0000000000000000
         ks_28                      0.3953358038190000    1.000000000000000   0.0000000000000000
         ks_29                      3.271007393701000    1.000000000000000   0.0000000000000000
          ks_3                      0.7167753073699999    1.000000000000000   0.0000000000000000
         ks_30                      1.000722430000000e-05    1.000000000000000   0.0000000000000000
         ks_31                      2.631763970150000    1.000000000000000   0.0000000000000000
         ks_32                      0.0001997952750000000    1.000000000000000   0.0000000000000000
         ks_33                      0.09854103668899999    1.000000000000000   0.0000000000000000
         ks_34                      52.13660000000000    1.000000000000000   0.0000000000000000
         ks_35                      0.0001962670710000000    1.000000000000000   0.0000000000000000
         ks_36                      0.0006027314920000000    1.000000000000000   0.0000000000000000
         ks_37                      0.0002254500730000000    1.000000000000000   0.0000000000000000
         ks_38                      0.2144934223130000    1.000000000000000   0.0000000000000000
         ks_39                      0.0001958366140000000    1.000000000000000   0.0000000000000000
          ks_4                      12.01592288210000    1.000000000000000   0.0000000000000000
         ks_40                      0.6488449395250000    1.000000000000000   0.0000000000000000
         ks_41                      1.142787514313000    1.000000000000000   0.0000000000000000
         ks_42                      2.256742628584000    1.000000000000000   0.0000000000000000
         ks_43                      0.2678480041150000    1.000000000000000   0.0000000000000000
         ks_44                      0.4926477500930000    1.000000000000000   0.0000000000000000
         ks_45                      0.01608574655600000    1.000000000000000   0.0000000000000000
         ks_46                      1.637268906068000    1.000000000000000   0.0000000000000000
         ks_47                      5.374129889249000    1.000000000000000   0.0000000000000000
         ks_48                      8.427294032889000    1.000000000000000   0.0000000000000000
         ks_49                      0.0002077456620000000    1.000000000000000   0.0000000000000000
          ks_5                      59.66142915250000    1.000000000000000   0.0000000000000000
         ks_50                      2.956656184431000    1.000000000000000   0.0000000000000000
         ks_51                      4.593195780000000e-05    1.000000000000000   0.0000000000000000
         ks_52                      0.03441543102300000    1.000000000000000   0.0000000000000000
         ks_53                      4.945604791214000    1.000000000000000   0.0000000000000000
         ks_54                      0.01773851452000000    1.000000000000000   0.0000000000000000
         ks_55                      20.81528355523000    1.000000000000000   0.0000000000000000
         ks_56                      72.83846081423000    1.000000000000000   0.0000000000000000
         ks_57                      5.893831033791000    1.000000000000000   0.0000000000000000
         ks_58                      0.3098237416700000    1.000000000000000   0.0000000000000000
         ks_59                      0.006356540050000000    1.000000000000000   0.0000000000000000
          ks_6                      227.9571600000000    1.000000000000000   0.0000000000000000
         ks_60                      5.045202168647000    1.000000000000000   0.0000000000000000
         ks_61                      0.02843318528500000    1.000000000000000   0.0000000000000000
         ks_62                      0.2774328612050000    1.000000000000000   0.0000000000000000
         ks_63                      10.57311265862000    1.000000000000000   0.0000000000000000
         ks_64                      0.0006173166670000000    1.000000000000000   0.0000000000000000
         ks_65                      0.001891259240000000    1.000000000000000   0.0000000000000000
         ks_66                      5.526676326580000    1.000000000000000   0.0000000000000000
         ks_67                      8.818703140308999    1.000000000000000   0.0000000000000000
         ks_68                      0.009232015590000000    1.000000000000000   0.0000000000000000
         ks_69                      0.7379558767740000    1.000000000000000   0.0000000000000000
          ks_7                      1.020496100000000e-05    1.000000000000000   0.0000000000000000
         ks_70                      3.770354000527000    1.000000000000000   0.0000000000000000
         ks_71                      1.007391850000000e-05    1.000000000000000   0.0000000000000000
         ks_72                      8.769106330000001e-05    1.000000000000000   0.0000000000000000
         ks_73                      0.0001127768920000000    1.000000000000000   0.0000000000000000
         ks_74                      9.330000000000000e-05    1.000000000000000   0.0000000000000000
         ks_75                      1.419760000000000e-05    1.000000000000000   0.0000000000000000
         ks_76                      0.0001919611770000000    1.000000000000000   0.0000000000000000
         ks_77                      0.0001022773020000000    1.000000000000000   0.0000000000000000
         ks_78                      1.619515550000000e-05    1.000000000000000   0.0000000000000000
         ks_79                      1.000000000000000e-05    1.000000000000000   0.0000000000000000
          ks_8                      1.000000000000000e-05    1.000000000000000   0.0000000000000000
         ks_80                      261.1858570000000    1.000000000000000   0.0000000000000000
         ks_81                      9.040559220000000e-05    1.000000000000000   0.0000000000000000
         ks_82                      23.27875600943000    1.000000000000000   0.0000000000000000
         ks_83                      6.573200000000000    1.000000000000000   0.0000000000000000
         ks_84                      9.050040869999999e-05    1.000000000000000   0.0000000000000000
         ks_85                      1.289640000000000e-05    1.000000000000000   0.0000000000000000
         ks_86                      0.0001322775210000000    1.000000000000000   0.0000000000000000
         ks_87                      495.7439290000000    1.000000000000000   0.0000000000000000
         ks_88                      16.47430000000000    1.000000000000000   0.0000000000000000
         ks_89                      8.020018180000001e-05    1.000000000000000   0.0000000000000000
          ks_9                      8.213382885300000    1.000000000000000   0.0000000000000000
         ks_90                      4.484005450997000    1.000000000000000   0.0000000000000000
         ks_91                      14.46303055697000    1.000000000000000   0.0000000000000000
         ks_92                      0.0001139844060000000    1.000000000000000   0.0000000000000000
         ks_93                      0.04192901615700000    1.000000000000000   0.0000000000000000
         ks_94                      3.196131110000000e-05    1.000000000000000   0.0000000000000000
         ks_95                      0.0001000123050000000    1.000000000000000   0.0000000000000000
         ks_96                      0.0001729419300000000    1.000000000000000   0.0000000000000000
         ks_97                      5.514991780000000e-05    1.000000000000000   0.0000000000000000
         ks_98                      0.0001145903840000000    1.000000000000000   0.0000000000000000
         ks_99                      0.0001065573290000000    1.000000000000000   0.0000000000000000
    lak_cond_1                      1.000000000000000    1.000000000000000   0.0000000000000000
   lak_cond_12                      0.9999999999999991    1.000000000000000   0.0000000000000000
    lak_cond_2                      1.000000000000000    1.000000000000000   0.0000000000000000
         pet_1                      9.500000000000001e-05    1.000000000000000   0.0000000000000000
 pond_recharge                      11331.71547415736    1.000000000000000   0.0000000000000000
       sfr_k_1                      0.09934598050479999    1.000000000000000   0.0000000000000000
      sfr_k_10                      0.09983618141597600    1.000000000000000   0.0000000000000000
      sfr_k_11                      0.09963817570740600    1.000000000000000   0.0000000000000000
      sfr_k_12                      0.1015925810516780    1.000000000000000   0.0000000000000000
      sfr_k_13                      0.1000000009276370    1.000000000000000   0.0000000000000000
      sfr_k_14                      0.09885620000000001    1.000000000000000   0.0000000000000000
      sfr_k_15                      0.09935507578835499    1.000000000000000   0.0000000000000000
      sfr_k_16                      0.09925807188227601    1.000000000000000   0.0000000000000000
      sfr_k_17                      0.09833634468435000    1.000000000000000   0.0000000000000000
      sfr_k_18                      0.09973777406930000    1.000000000000000   0.0000000000000000
      sfr_k_19                      0.09990122752128000    1.000000000000000   0.0000000000000000
       sfr_k_2                      0.09989117389990000    1.000000000000000   0.0000000000000000
      sfr_k_20                      0.1000003652510390    1.000000000000000   0.0000000000000000
      sfr_k_21                      0.1005907868615040    1.000000000000000   0.0000000000000000
      sfr_k_22                      0.09896430000000001    1.000000000000000   0.0000000000000000
       sfr_k_3                      0.09182159083065999    1.000000000000000   0.0000000000000000
       sfr_k_4                      0.09978302444827999    1.000000000000000   0.0000000000000000
       sfr_k_5                      0.1000730316409100    1.000000000000000   0.0000000000000000
       sfr_k_6                      0.1029626374278500    1.000000000000000   0.0000000000000000
       sfr_k_7                      0.09913349350727001    1.000000000000000   0.0000000000000000
       sfr_k_8                      0.1003037775513300    1.000000000000000   0.0000000000000000
       sfr_k_9                      0.09998871409989001    1.000000000000000   0.0000000000000000
     spill_447                      185.0599976000000    1.000000000000000   0.0000000000000000
     spill_449                      146.6000061000000    1.000000000000000   0.0000000000000000
     spill_688                      8.230510081687257    1.000000000000000   0.0000000000000000
     surfk_1_1                      0.0002509164649061000    1.000000000000000   0.0000000000000000
    surfk_1_10                      0.0002513091213466400    1.000000000000000   0.0000000000000000
    surfk_1_11                      0.0002511910992256700    1.000000000000000   0.0000000000000000
    surfk_1_12                      0.0002512590586596100    1.000000000000000   0.0000000000000000
    surfk_1_13                      0.0002511914851497200    1.000000000000000   0.0000000000000000
    surfk_1_14                      0.0002511914882110200    1.000000000000000   0.0000000000000000
    surfk_1_15                      0.0002511934459889100    1.000000000000000   0.0000000000000000
    surfk_1_16                      0.0002510131158952300    1.000000000000000   0.0000000000000000
    surfk_1_17                      0.0002511915024624300    1.000000000000000   0.0000000000000000
    surfk_1_18                      0.0002510279693208000    1.000000000000000   0.0000000000000000
    surfk_1_19                      0.0002511910235637500    1.000000000000000   0.0000000000000000
     surfk_1_2                      0.0002510698776708000    1.000000000000000   0.0000000000000000
    surfk_1_21                      0.0002511950325729800    1.000000000000000   0.0000000000000000
     surfk_1_3                      0.0002511915709455000    1.000000000000000   0.0000000000000000
     surfk_1_4                      0.0003978374257655000    1.000000000000000   0.0000000000000000
     surfk_1_5                      0.0003978076064914000    1.000000000000000   0.0000000000000000
     surfk_1_6                      0.0002510161728363000    1.000000000000000   0.0000000000000000
     surfk_1_8                      0.0002511911202494000    1.000000000000000   0.0000000000000000
     surfk_1_9                      0.0002510153337061000    1.000000000000000   0.0000000000000000
     surfk_2_1                      0.0002510948373781000    1.000000000000000   0.0000000000000000
    surfk_2_10                      0.0002511911501969900    1.000000000000000   0.0000000000000000
    surfk_2_11                      0.0002511924621078200    1.000000000000000   0.0000000000000000
    surfk_2_12                      0.0002508877740232000    1.000000000000000   0.0000000000000000
    surfk_2_14                      0.0001584898029818600    1.000000000000000   0.0000000000000000
    surfk_2_15                      0.0001584900220707700    1.000000000000000   0.0000000000000000
    surfk_2_16                      0.0001582928691960100    1.000000000000000   0.0000000000000000
    surfk_2_17                      0.0001584900313001100    1.000000000000000   0.0000000000000000
    surfk_2_18                      0.0001582729620278800    1.000000000000000   0.0000000000000000
    surfk_2_19                      0.0001584897731036300    1.000000000000000   0.0000000000000000
     surfk_2_2                      9.993622042617999e-05    1.000000000000000   0.0000000000000000
    surfk_2_20                      0.0006309798559244500    1.000000000000000   0.0000000000000000
    surfk_2_21                      0.0001584901586079300    1.000000000000000   0.0000000000000000
    surfk_2_22                      0.0001584890000000000    1.000000000000000   0.0000000000000000
     surfk_2_3                      0.0001000000000000000    1.000000000000000   0.0000000000000000
     surfk_2_4                      0.0002512128697450000    1.000000000000000   0.0000000000000000
     surfk_2_5                      0.0002513674718910000    1.000000000000000   0.0000000000000000
     surfk_2_6                      0.0001583772825572000    1.000000000000000   0.0000000000000000
     surfk_2_7                      0.0002511911203634000    1.000000000000000   0.0000000000000000
     surfk_2_8                      0.0002511917977663000    1.000000000000000   0.0000000000000000
     surfk_2_9                      0.0002512452869663000    1.000000000000000   0.0000000000000000
     surfk_3_1                      3.020000018315000e-08    1.000000000000000   0.0000000000000000
    surfk_3_10                      3.090000015804200e-08    1.000000000000000   0.0000000000000000
    surfk_3_11                      3.090000001583800e-08    1.000000000000000   0.0000000000000000
    surfk_3_12                      3.089243267020400e-08    1.000000000000000   0.0000000000000000
    surfk_3_13                      3.089999976066900e-08    1.000000000000000   0.0000000000000000
    surfk_3_14                      3.090000032676800e-08    1.000000000000000   0.0000000000000000
    surfk_3_15                      3.089999987198200e-08    1.000000000000000   0.0000000000000000
    surfk_3_16                      1.000000000000000e-07    1.000000000000000   0.0000000000000000
    surfk_3_17                      3.090000032111700e-08    1.000000000000000   0.0000000000000000
    surfk_3_18                      3.090000022649200e-08    1.000000000000000   0.0000000000000000
    surfk_3_19                      3.089992422080800e-08    1.000000000000000   0.0000000000000000
     surfk_3_2                      3.090000007674000e-08    1.000000000000000   0.0000000000000000
    surfk_3_20                      1.150000000000000e-07    1.000000000000000   0.0000000000000000
    surfk_3_21                      3.090000062759200e-08    1.000000000000000   0.0000000000000000
    surfk_3_22                      3.089990000000000e-08    1.000000000000000   0.0000000000000000
     surfk_3_3                      3.090000026465000e-08    1.000000000000000   0.0000000000000000
     surfk_3_4                      3.090000029801000e-08    1.000000000000000   0.0000000000000000
     surfk_3_5                      3.089999983712000e-08    1.000000000000000   0.0000000000000000
     surfk_3_6                      1.000000000000000e-07    1.000000000000000   0.0000000000000000
     surfk_3_7                      3.089999977422000e-08    1.000000000000000   0.0000000000000000
     surfk_3_8                      3.090000005553000e-08    1.000000000000000   0.0000000000000000
     surfk_3_9                      3.090000021998000e-08    1.000000000000000   0.0000000000000000
   vka_ratio_1                      0.09330942395202563    1.000000000000000   0.0000000000000000
   vka_ratio_2                      0.1001325978515808    1.000000000000000   0.0000000000000000
   vka_ratio_3                      0.09999930000000000    1.000000000000000   0.0000000000000000
       vks_1_1                      0.0002511890000000000    1.000000000000000   0.0000000000000000
      vks_1_10                      0.0002511890000000000    1.000000000000000   0.0000000000000000
      vks_1_11                      0.0002511890000000000    1.000000000000000   0.0000000000000000
      vks_1_12                      0.0002511890000000000    1.000000000000000   0.0000000000000000
      vks_1_13                      0.0002511890000000000    1.000000000000000   0.0000000000000000
      vks_1_14                      0.0002511890000000000    1.000000000000000   0.0000000000000000
      vks_1_15                      0.0002511890000000000    1.000000000000000   0.0000000000000000
      vks_1_16                      0.0002511890000000000    1.000000000000000   0.0000000000000000
      vks_1_17                      0.0002511890000000000    1.000000000000000   0.0000000000000000
      vks_1_18                      0.0002511890000000000    1.000000000000000   0.0000000000000000
      vks_1_19                      0.0002511890000000000    1.000000000000000   0.0000000000000000
       vks_1_2                      0.0002511890000000000    1.000000000000000   0.0000000000000000
      vks_1_21                      0.0002511890000000000    1.000000000000000   0.0000000000000000
       vks_1_3                      0.0002511890000000000    1.000000000000000   0.0000000000000000
       vks_1_4                      0.0003981070000000000    1.000000000000000   0.0000000000000000
       vks_1_5                      0.0003981070000000000    1.000000000000000   0.0000000000000000
       vks_1_6                      0.0002511890000000000    1.000000000000000   0.0000000000000000
       vks_1_8                      0.0002511890000000000    1.000000000000000   0.0000000000000000
       vks_1_9                      0.0002511890000000000    1.000000000000000   0.0000000000000000
       vks_2_1                      0.0002511890000000000    1.000000000000000   0.0000000000000000
      vks_2_10                      0.0002511890000000000    1.000000000000000   0.0000000000000000
      vks_2_11                      0.0002511890000000000    1.000000000000000   0.0000000000000000
      vks_2_12                      0.0002511890000000000    1.000000000000000   0.0000000000000000
      vks_2_14                      0.0001584890000000000    1.000000000000000   0.0000000000000000
      vks_2_15                      0.0001584890000000000    1.000000000000000   0.0000000000000000
      vks_2_16                      0.0001584890000000000    1.000000000000000   0.0000000000000000
      vks_2_17                      0.0001584890000000000    1.000000000000000   0.0000000000000000
      vks_2_18                      0.0001584890000000000    1.000000000000000   0.0000000000000000
      vks_2_19                      0.0001584890000000000    1.000000000000000   0.0000000000000000
       vks_2_2                      0.0001000000000000000    1.000000000000000   0.0000000000000000
      vks_2_20                      0.0006309570000000000    1.000000000000000   0.0000000000000000
      vks_2_21                      0.0001584890000000000    1.000000000000000   0.0000000000000000
      vks_2_22                      0.0001584890000000000    1.000000000000000   0.0000000000000000
       vks_2_3                      0.0001000000000000000    1.000000000000000   0.0000000000000000
       vks_2_4                      0.0002511890000000000    1.000000000000000   0.0000000000000000
       vks_2_5                      0.0002511890000000000    1.000000000000000   0.0000000000000000
       vks_2_6                      0.0001584890000000000    1.000000000000000   0.0000000000000000
       vks_2_7                      0.0002511890000000000    1.000000000000000   0.0000000000000000
       vks_2_8                      0.0002511890000000000    1.000000000000000   0.0000000000000000
       vks_2_9                      0.0002511890000000000    1.000000000000000   0.0000000000000000
       vks_3_1                      3.020000000000000e-08    1.000000000000000   0.0000000000000000
      vks_3_10                      3.090000000000000e-08    1.000000000000000   0.0000000000000000
      vks_3_11                      3.090000000000000e-08    1.000000000000000   0.0000000000000000
      vks_3_12                      3.090000000000000e-08    1.000000000000000   0.0000000000000000
      vks_3_13                      3.090000000000000e-08    1.000000000000000   0.0000000000000000
      vks_3_14                      3.090000000000000e-08    1.000000000000000   0.0000000000000000
      vks_3_15                      3.090000000000000e-08    1.000000000000000   0.0000000000000000
      vks_3_16                      1.000000000000000e-07    1.000000000000000   0.0000000000000000
      vks_3_17                      3.090000000000000e-08    1.000000000000000   0.0000000000000000
      vks_3_18                      3.090000000000000e-08    1.000000000000000   0.0000000000000000
      vks_3_19                      3.090000000000000e-08    1.000000000000000   0.0000000000000000
       vks_3_2                      3.090000000000000e-08    1.000000000000000   0.0000000000000000
      vks_3_20                      1.150000000000000e-07    1.000000000000000   0.0000000000000000
      vks_3_21                      3.090000000000000e-08    1.000000000000000   0.0000000000000000
      vks_3_22                      3.090000000000000e-08    1.000000000000000   0.0000000000000000
       vks_3_3                      3.090000000000000e-08    1.000000000000000   0.0000000000000000
       vks_3_4                      3.090000000000000e-08    1.000000000000000   0.0000000000000000
       vks_3_5                      3.090000000000000e-08    1.000000000000000   0.0000000000000000
       vks_3_6                      1.000000000000000e-07    1.000000000000000   0.0000000000000000
       vks_3_7                      3.090000000000000e-08    1.000000000000000   0.0000000000000000
       vks_3_8                      3.090000000000000e-08    1.000000000000000   0.0000000000000000
       vks_3_9                      3.090000000000000e-08    1.000000000000000   0.0000000000000000
