single point
        finf_1                      0.4830353000000000    1.000000000000000   0.0000000000000000
       finf_10                      0.4725046550000000    1.000000000000000   0.0000000000000000
       finf_11                      0.4725046520000000    1.000000000000000   0.0000000000000000
       finf_12                      0.4725046520000000    1.000000000000000   0.0000000000000000
       finf_13                      0.4725046250000000    1.000000000000000   0.0000000000000000
       finf_14                      0.4830353020000000    1.000000000000000   0.0000000000000000
       finf_15                      0.4830353000000000    1.000000000000000   0.0000000000000000
       finf_16                      0.4830353000000000    1.000000000000000   0.0000000000000000
       finf_17                      0.4830352960000000    1.000000000000000   0.0000000000000000
       finf_18                      0.4830353000000000    1.000000000000000   0.0000000000000000
       finf_19                      0.4830353020000000    1.000000000000000   0.0000000000000000
        finf_2                      0.4830352990000000    1.000000000000000   0.0000000000000000
       finf_20                      0.5284619410000000    1.000000000000000   0.0000000000000000
       finf_21                      0.4830353010000000    1.000000000000000   0.0000000000000000
       finf_22                      0.4830353040000000    1.000000000000000   0.0000000000000000
        finf_3                      0.4830353050000000    1.000000000000000   0.0000000000000000
        finf_4                      0.4105800060000000    1.000000000000000   0.0000000000000000
        finf_5                      0.4105800060000000    1.000000000000000   0.0000000000000000
        finf_6                      0.4830352990000000    1.000000000000000   0.0000000000000000
        finf_7                      0.4725046530000000    1.000000000000000   0.0000000000000000
        finf_8                      0.4725046500000000    1.000000000000000   0.0000000000000000
        finf_9                      0.4725046480000000    1.000000000000000   0.0000000000000000
          ks_1                      0.8127657941000000    1.000000000000000   0.0000000000000000
         ks_10                      1.766558202009000    1.000000000000000   0.0000000000000000
        ks_100                      1.000000000000000e-05    1.000000000000000   0.0000000000000000
        ks_101                      0.0008432949427000000    1.000000000000000   0.0000000000000000
        ks_102                      7.959972141000000e-05    1.000000000000000   0.0000000000000000
        ks_103                      0.0004375527850000000    1.000000000000000   0.0000000000000000
        ks_104                      1.000000000000000e-05    1.000000000000000   0.0000000000000000
        ks_105                      1.010011260000000e-05    1.000000000000000   0.0000000000000000
        ks_106                      0.0001451330000000000    1.000000000000000   0.0000000000000000
        ks_107                      0.0003132513765000000    1.000000000000000   0.0000000000000000
        ks_108                      4.340239587856000    1.000000000000000   0.0000000000000000
        ks_109                      6.886370084495600    1.000000000000000   0.0000000000000000
         ks_11                      0.3223520605430000    1.000000000000000   0.0000000000000000
        ks_110                      3.930997223431500    1.000000000000000   0.0000000000000000
        ks_111                      4.822454459889600    1.000000000000000   0.0000000000000000
        ks_112                      3.139185432774200    1.000000000000000   0.0000000000000000
        ks_113                      1.061635311460700    1.000000000000000   0.0000000000000000
        ks_114                      7.758078661987500    1.000000000000000   0.0000000000000000
        ks_115                      6.425377915888800    1.000000000000000   0.0000000000000000
        ks_116                      0.3977447806768000    1.000000000000000   0.0000000000000000
        ks_117                      13.40997894691800    1.000000000000000   0.0000000000000000
        ks_118                      2.038077958722100    1.000000000000000   0.0000000000000000
        ks_119                      10.45587376734100    1.000000000000000   0.0000000000000000
         ks_12                      8.950788202730999    1.000000000000000   0.0000000000000000
        ks_120                      0.1599355863606000    1.000000000000000   0.0000000000000000
        ks_121                      2.147105941511000    1.000000000000000   0.0000000000000000
        ks_122                      38.49436499087900    1.000000000000000   0.0000000000000000
        ks_123                      11.21980677078700    1.000000000000000   0.0000000000000000
        ks_124                      2.007252216047000    1.000000000000000   0.0000000000000000
        ks_125                      500.0000000000000    1.000000000000000   0.0000000000000000
        ks_126                      500.0000000000000    1.000000000000000   0.0000000000000000
        ks_127                      1.950480870016500    1.000000000000000   0.0000000000000000
        ks_128                      3.356709549134500    1.000000000000000   0.0000000000000000
        ks_129                      5.993637330300300    1.000000000000000   0.0000000000000000
         ks_13                      1.729487181414000    1.000000000000000   0.0000000000000000
        ks_130                      14.23094197800700    1.000000000000000   0.0000000000000000
        ks_131                      0.0002011940000000000    1.000000000000000   0.0000000000000000
        ks_132                      0.0002001799904000000    1.000000000000000   0.0000000000000000
        ks_133                      0.0002019930001000000    1.000000000000000   0.0000000000000000
        ks_134                      0.02629175795790000    1.000000000000000   0.0000000000000000
        ks_135                      0.0001587070000000000    1.000000000000000   0.0000000000000000
        ks_136                      0.0002910465026000000    1.000000000000000   0.0000000000000000
        ks_137                      0.004190698789000000    1.000000000000000   0.0000000000000000
        ks_138                      6.305327278791400    1.000000000000000   0.0000000000000000
        ks_139                      0.0002288620000000000    1.000000000000000   0.0000000000000000
         ks_14                      4.541001723406000    1.000000000000000   0.0000000000000000
        ks_140                      14.53039039296600    1.000000000000000   0.0000000000000000
        ks_141                      0.0001978270000000000    1.000000000000000   0.0000000000000000
        ks_142                      0.0001998920000000000    1.000000000000000   0.0000000000000000
        ks_143                      0.001743417999000000    1.000000000000000   0.0000000000000000
        ks_144                      1.009863933573100    1.000000000000000   0.0000000000000000
        ks_145                      28.95670412518100    1.000000000000000   0.0000000000000000
        ks_146                      5.733816008098000    1.000000000000000   0.0000000000000000
        ks_147                      4.051044206669300    1.000000000000000   0.0000000000000000
        ks_148                      5.998400351910400    1.000000000000000   0.0000000000000000
        ks_149                      0.0002640820000000000    1.000000000000000   0.0000000000000000
         ks_15                      2.722058200943000    1.000000000000000   0.0000000000000000
        ks_150                      7.222373486071700    1.000000000000000   0.0000000000000000
        ks_151                      6.005884644997900    1.000000000000000   0.0000000000000000
        ks_152                      0.09757580946780001    1.000000000000000   0.0000000000000000
        ks_153                      37.14121161090500    1.000000000000000   0.0000000000000000
        ks_154                      56.28153001375900    1.000000000000000   0.0000000000000000
        ks_155                      0.0001957620000000000    1.000000000000000   0.0000000000000000
        ks_156                      0.1850232327449000    1.000000000000000   0.0000000000000000
        ks_157                      0.1904128105230000    1.000000000000000   0.0000000000000000
        ks_158                      0.6248810219561000    1.000000000000000   0.0000000000000000
        ks_159                      0.02677874423570000    1.000000000000000   0.0000000000000000
         ks_16                      500.0000000000000    1.000000000000000   0.0000000000000000
        ks_160                      1.030696945205600    1.000000000000000   0.0000000000000000
        ks_161                      280.8558448000000    1.000000000000000   0.0000000000000000
        ks_162                      0.1866620919775000    1.000000000000000   0.0000000000000000
        ks_163                      0.06879495810400001    1.000000000000000   0.0000000000000000
        ks_164                      0.05453025041230000    1.000000000000000   0.0000000000000000
        ks_165                      6.217499827646600    1.000000000000000   0.0000000000000000
        ks_166                      0.01565065546490000    1.000000000000000   0.0000000000000000
        ks_167                      0.03796014991880000    1.000000000000000   0.0000000000000000
        ks_168                      0.1243982506392000    1.000000000000000   0.0000000000000000
        ks_169                      0.0002633531460000000    1.000000000000000   0.0000000000000000
         ks_17                      1.669585197518000    1.000000000000000   0.0000000000000000
        ks_170                      0.002033872000000000    1.000000000000000   0.0000000000000000
        ks_171                      1.083380835887800    1.000000000000000   0.0000000000000000
        ks_172                      0.01919783699790000    1.000000000000000   0.0000000000000000
        ks_173                      0.008000695085999999    1.000000000000000   0.0000000000000000
        ks_174                      5.844928265000000    1.000000000000000   0.0000000000000000
        ks_175                      0.1251749989996000    1.000000000000000   0.0000000000000000
        ks_176                      0.004519917267000000    1.000000000000000   0.0000000000000000
        ks_177                      1.108396436988000    1.000000000000000   0.0000000000000000
        ks_178                      0.0002008200000000000    1.000000000000000   0.0000000000000000
        ks_179                      2.063667693950200    1.000000000000000   0.0000000000000000
         ks_18                      2.526859037890000    1.000000000000000   0.0000000000000000
        ks_180                      1.910023116000000e-05    1.000000000000000   0.0000000000000000
        ks_181                      0.3138640198702000    1.000000000000000   0.0000000000000000
        ks_182                      4.853006281287900    1.000000000000000   0.0000000000000000
        ks_183                      0.9627773760000000    1.000000000000000   0.0000000000000000
        ks_184                      0.0004035458201000000    1.000000000000000   0.0000000000000000
        ks_185                      9.559890803000000e-05    1.000000000000000   0.0000000000000000
        ks_186                      9.830000000000000e-05    1.000000000000000   0.0000000000000000
        ks_187                      0.0001093907309000000    1.000000000000000   0.0000000000000000
        ks_188                      0.0003936711625000000    1.000000000000000   0.0000000000000000
        ks_189                      0.0001123280000000000    1.000000000000000   0.0000000000000000
         ks_19                      44.72255789387000    1.000000000000000   0.0000000000000000
        ks_190                      1.000000000000000e-05    1.000000000000000   0.0000000000000000
        ks_191                      0.0001009480000000000    1.000000000000000   0.0000000000000000
        ks_192                      0.0001287070000000000    1.000000000000000   0.0000000000000000
        ks_193                      1.012920801000000e-05    1.000000000000000   0.0000000000000000
        ks_194                      1.001584059000000e-05    1.000000000000000   0.0000000000000000
        ks_195                      0.0007756510000000000    1.000000000000000   0.0000000000000000
        ks_196                      1.000000000000000e-05    1.000000000000000   0.0000000000000000
        ks_197                      0.0001310960000000000    1.000000000000000   0.0000000000000000
        ks_198                      0.0001686124860000000    1.000000000000000   0.0000000000000000
        ks_199                      1.120000000000000e-05    1.000000000000000   0.0000000000000000
          ks_2                      0.03096627430000000    1.000000000000000   0.0000000000000000
         ks_20                      0.3380212767330000    1.000000000000000   0.0000000000000000
        ks_200                      1.020000055000000e-05    1.000000000000000   0.0000000000000000
        ks_201                      1.101434666000000e-05    1.000000000000000   0.0000000000000000
        ks_202                      0.0001015440000000000    1.000000000000000   0.0000000000000000
        ks_203                      0.0001137730000000000    1.000000000000000   0.0000000000000000
        ks_204                      9.899999999999999e-05    1.000000000000000   0.0000000000000000
        ks_205                      0.0001040672314000000    1.000000000000000   0.0000000000000000
        ks_206                      1.000000000000000e-05    1.000000000000000   0.0000000000000000
        ks_207                      0.0001022594400000000    1.000000000000000   0.0000000000000000
        ks_208                      1.389855169000000e-05    1.000000000000000   0.0000000000000000
        ks_209                      0.0002947002534000000    1.000000000000000   0.0000000000000000
         ks_21                      0.6679577284629999    1.000000000000000   0.0000000000000000
        ks_210                      8.680000000000000e-05    1.000000000000000   0.0000000000000000
        ks_211                      8.820000000000000e-05    1.000000000000000   0.0000000000000000
        ks_212                      0.0001026120000000000    1.000000000000000   0.0000000000000000
        ks_213                      9.570000000000000e-05    1.000000000000000   0.0000000000000000
        ks_214                      9.920000000000000e-05    1.000000000000000   0.0000000000000000
        ks_215                      9.820000000000000e-05    1.000000000000000   0.0000000000000000
        ks_216                      0.0001003170000000000    1.000000000000000   0.0000000000000000
        ks_217                      9.635462357000000e-05    1.000000000000000   0.0000000000000000
        ks_218                      5.250000000000000e-05    1.000000000000000   0.0000000000000000
        ks_219                      0.0001038900000000000    1.000000000000000   0.0000000000000000
         ks_22                      0.4504960416330000    1.000000000000000   0.0000000000000000
        ks_220                      9.250000000000000e-05    1.000000000000000   0.0000000000000000
        ks_221                      0.0001336160000000000    1.000000000000000   0.0000000000000000
        ks_222                      0.0001088410000000000    1.000000000000000   0.0000000000000000
        ks_223                      0.0001164790939000000    1.000000000000000   0.0000000000000000
        ks_224                      9.989872756000000e-05    1.000000000000000   0.0000000000000000
        ks_225                      1.010000000000000e-05    1.000000000000000   0.0000000000000000
        ks_226                      0.0001059500000000000    1.000000000000000   0.0000000000000000
        ks_227                      8.690084120000000e-05    1.000000000000000   0.0000000000000000
        ks_228                      8.877776155000000e-05    1.000000000000000   0.0000000000000000
        ks_229                      0.0004267564346000000    1.000000000000000   0.0000000000000000
         ks_23                      249.9306270000000    1.000000000000000   0.0000000000000000
        ks_230                      1.010781413000000e-05    1.000000000000000   0.0000000000000000
        ks_231                      2.976200759000000e-05    1.000000000000000   0.0000000000000000
        ks_232                      0.0003542601613000000    1.000000000000000   0.0000000000000000
        ks_233                      6.089985234000000e-05    1.000000000000000   0.0000000000000000
         ks_24                      0.04938773906500000    1.000000000000000   0.0000000000000000
         ks_25                      0.08711484630000001    1.000000000000000   0.0000000000000000
         ks_26                      500.0000000000000    1.000000000000000   0.0000000000000000
         ks_27                      0.7636734970830000    1.000000000000000   0.0000000000000000
         ks_28                      0.3948479752710000    1.000000000000000   0.0000000000000000
         ks_29                      3.272363786960000    1.000000000000000   0.0000000000000000
          ks_3                      0.7163700381800000    1.000000000000000   0.0000000000000000
         ks_30                      1.000022830000000e-05    1.000000000000000   0.0000000000000000
         ks_31                      2.631763918601000    1.000000000000000   0.0000000000000000
         ks_32                      0.0001997940000000000    1.000000000000000   0.0000000000000000
         ks_33                      0.09852768287700001    1.000000000000000   0.0000000000000000
         ks_34                      52.13662985027000    1.000000000000000   0.0000000000000000
         ks_35                      0.0001963927980000000    1.000000000000000   0.0000000000000000
         ks_36                      0.0006031586530000000    1.000000000000000   0.0000000000000000
         ks_37                      0.0002255991550000000    1.000000000000000   0.0000000000000000
         ks_38                      0.2134200122210000    1.000000000000000   0.0000000000000000
         ks_39                      0.0001958350000000000    1.000000000000000   0.0000000000000000
          ks_4                      5.973533044090000    1.000000000000000   0.0000000000000000
         ks_40                      0.6493802492180000    1.000000000000000   0.0000000000000000
         ks_41                      1.142719093743000    1.000000000000000   0.0000000000000000
         ks_42                      2.255632941200000    1.000000000000000   0.0000000000000000
         ks_43                      0.2680219691850000    1.000000000000000   0.0000000000000000
         ks_44                      0.4891961970740000    1.000000000000000   0.0000000000000000
         ks_45                      0.01610019324500000    1.000000000000000   0.0000000000000000
         ks_46                      1.636294686084000    1.000000000000000   0.0000000000000000
         ks_47                      5.376899724803000    1.000000000000000   0.0000000000000000
         ks_48                      8.416214002189999    1.000000000000000   0.0000000000000000
         ks_49                      0.0002077410000000000    1.000000000000000   0.0000000000000000
          ks_5                      44.71330407730000    1.000000000000000   0.0000000000000000
         ks_50                      2.957765978012000    1.000000000000000   0.0000000000000000
         ks_51                      4.590157980000000e-05    1.000000000000000   0.0000000000000000
         ks_52                      0.03440795909400000    1.000000000000000   0.0000000000000000
         ks_53                      4.945605203127000    1.000000000000000   0.0000000000000000
         ks_54                      0.01773882369700000    1.000000000000000   0.0000000000000000
         ks_55                      20.80271211240000    1.000000000000000   0.0000000000000000
         ks_56                      72.83678052149000    1.000000000000000   0.0000000000000000
         ks_57                      5.903167209831000    1.000000000000000   0.0000000000000000
         ks_58                      0.3098303590770000    1.000000000000000   0.0000000000000000
         ks_59                      0.006256793340000000    1.000000000000000   0.0000000000000000
          ks_6                      228.1690400000000    1.000000000000000   0.0000000000000000
         ks_60                      5.045202185504000    1.000000000000000   0.0000000000000000
         ks_61                      0.02843684151600000    1.000000000000000   0.0000000000000000
         ks_62                      0.2776243609960000    1.000000000000000   0.0000000000000000
         ks_63                      10.57300661410000    1.000000000000000   0.0000000000000000
         ks_64                      0.0006178138580000000    1.000000000000000   0.0000000000000000
         ks_65                      0.001893248520000000    1.000000000000000   0.0000000000000000
         ks_66                      5.526679993201000    1.000000000000000   0.0000000000000000
         ks_67                      8.776994375257001    1.000000000000000   0.0000000000000000
         ks_68                      0.009243891030000000    1.000000000000000   0.0000000000000000
         ks_69                      0.7379970303890000    1.000000000000000   0.0000000000000000
          ks_7                      1.019998400000000e-05    1.000000000000000   0.0000000000000000
         ks_70                      3.770356118031000    1.000000000000000   0.0000000000000000
         ks_71                      1.008681640000000e-05    1.000000000000000   0.0000000000000000
         ks_72                      8.771244320000000e-05    1.000000000000000   0.0000000000000000
         ks_73                      0.0001127750000000000    1.000000000000000   0.0000000000000000
         ks_74                      9.330000000000000e-05    1.000000000000000   0.0000000000000000
         ks_75                      1.419756020000000e-05    1.000000000000000   0.0000000000000000
         ks_76                      0.0001921053370000000    1.000000000000000   0.0000000000000000
         ks_77                      0.0001022770000000000    1.000000000000000   0.0000000000000000
         ks_78                      1.619999870000000e-05    1.000000000000000   0.0000000000000000
         ks_79                      1.000000000000000e-05    1.000000000000000   0.0000000000000000
          ks_8                      1.000000000000000e-05    1.000000000000000   0.0000000000000000
         ks_80                      261.4384050000000    1.000000000000000   0.0000000000000000
         ks_81                      9.040001390000000e-05    1.000000000000000   0.0000000000000000
         ks_82                      23.24217268388000    1.000000000000000   0.0000000000000000
         ks_83                      6.573204997533000    1.000000000000000   0.0000000000000000
         ks_84                      9.050000000000000e-05    1.000000000000000   0.0000000000000000
         ks_85                      1.289644480000000e-05    1.000000000000000   0.0000000000000000
         ks_86                      0.0001322770000000000    1.000000000000000   0.0000000000000000
         ks_87                      494.8574920000000    1.000000000000000   0.0000000000000000
         ks_88                      16.47430000000000    1.000000000000000   0.0000000000000000
         ks_89                      8.020000000000000e-05    1.000000000000000   0.0000000000000000
          ks_9                      8.213791703389999    1.000000000000000   0.0000000000000000
         ks_90                      4.484005450997000    1.000000000000000   0.0000000000000000
         ks_91                      14.46301783422000    1.000000000000000   0.0000000000000000
         ks_92                      0.0001139840000000000    1.000000000000000   0.0000000000000000
         ks_93                      0.04148968043600000    1.000000000000000   0.0000000000000000
         ks_94                      3.199987520000000e-05    1.000000000000000   0.0000000000000000
         ks_95                      0.0001000120000000000    1.000000000000000   0.0000000000000000
         ks_96                      0.0001729410000000000    1.000000000000000   0.0000000000000000
         ks_97                      5.519998840000000e-05    1.000000000000000   0.0000000000000000
         ks_98                      0.0001145900000000000    1.000000000000000   0.0000000000000000
         ks_99                      0.0001065570000000000    1.000000000000000   0.0000000000000000
    lak_cond_1                      1.000000000000000    1.000000000000000   0.0000000000000000
   lak_cond_12                      1.000000000000000    1.000000000000000   0.0000000000000000
    lak_cond_2                      1.000000000000000    1.000000000000000   0.0000000000000000
         pet_1                      9.500000000000001e-05    1.000000000000000   0.0000000000000000
 pond_recharge                      1132.395522348128    1.000000000000000   0.0000000000000000
       sfr_k_1                      0.09949352282660000    1.000000000000000   0.0000000000000000
      sfr_k_10                      0.09972758301629300    1.000000000000000   0.0000000000000000
      sfr_k_11                      0.09972170209646400    1.000000000000000   0.0000000000000000
      sfr_k_12                      0.1000000000000000    1.000000000000000   0.0000000000000000
      sfr_k_13                      0.1000000009925910    1.000000000000000   0.0000000000000000
      sfr_k_14                      0.09885623436621700    1.000000000000000   0.0000000000000000
      sfr_k_15                      0.09947841558556400    1.000000000000000   0.0000000000000000
      sfr_k_16                      0.09941388959719800    1.000000000000000   0.0000000000000000
      sfr_k_17                      0.09849176280142100    1.000000000000000   0.0000000000000000
      sfr_k_18                      0.09988819880765200    1.000000000000000   0.0000000000000000
      sfr_k_19                      0.09999999311191000    1.000000000000000   0.0000000000000000
       sfr_k_2                      0.09962990631842999    1.000000000000000   0.0000000000000000
      sfr_k_20                      0.1000000239444030    1.000000000000000   0.0000000000000000
      sfr_k_21                      0.1000023738047030    1.000000000000000   0.0000000000000000
      sfr_k_22                      0.09896432791602300    1.000000000000000   0.0000000000000000
       sfr_k_3                      0.09176892201764000    1.000000000000000   0.0000000000000000
       sfr_k_4                      0.09986622000451000    1.000000000000000   0.0000000000000000
       sfr_k_5                      0.09975563964331000    1.000000000000000   0.0000000000000000
       sfr_k_6                      0.1000754682102100    1.000000000000000   0.0000000000000000
       sfr_k_7                      0.09910110234760000    1.000000000000000   0.0000000000000000
       sfr_k_8                      0.09999961976635000    1.000000000000000   0.0000000000000000
       sfr_k_9                      0.1000051975261400    1.000000000000000   0.0000000000000000
     spill_447                      185.0599976000000    1.000000000000000   0.0000000000000000
     spill_449                      146.6000061000000    1.000000000000000   0.0000000000000000
     spill_688                      8.229600000000000    1.000000000000000   0.0000000000000000
     surfk_1_1                      0.0002511803036370000    1.000000000000000   0.0000000000000000
    surfk_1_10                      0.0002511890000025100    1.000000000000000   0.0000000000000000
    surfk_1_11                      0.0002511890000000000    1.000000000000000   0.0000000000000000
    surfk_1_12                      0.0002511889999980900    1.000000000000000   0.0000000000000000
    surfk_1_13                      0.0002511890000000000    1.000000000000000   0.0000000000000000
    surfk_1_14                      0.0002511890000000000    1.000000000000000   0.0000000000000000
    surfk_1_15                      0.0002511889998971600    1.000000000000000   0.0000000000000000
    surfk_1_16                      0.0002511858048131500    1.000000000000000   0.0000000000000000
    surfk_1_17                      0.0002511890000004600    1.000000000000000   0.0000000000000000
    surfk_1_18                      0.0002512124541592700    1.000000000000000   0.0000000000000000
    surfk_1_19                      0.0002511890000000000    1.000000000000000   0.0000000000000000
     surfk_1_2                      0.0002512059381861000    1.000000000000000   0.0000000000000000
    surfk_1_21                      0.0002511889999882800    1.000000000000000   0.0000000000000000
     surfk_1_3                      0.0002511889408601000    1.000000000000000   0.0000000000000000
     surfk_1_4                      0.0003981086923894000    1.000000000000000   0.0000000000000000
     surfk_1_5                      0.0003980856249493000    1.000000000000000   0.0000000000000000
     surfk_1_6                      0.0002511886628677000    1.000000000000000   0.0000000000000000
     surfk_1_8                      0.0002511890000000000    1.000000000000000   0.0000000000000000
     surfk_1_9                      0.0002511866274282000    1.000000000000000   0.0000000000000000
     surfk_2_1                      0.0002511977916989000    1.000000000000000   0.0000000000000000
    surfk_2_10                      0.0002511889999946000    1.000000000000000   0.0000000000000000
    surfk_2_11                      0.0002511881640855400    1.000000000000000   0.0000000000000000
    surfk_2_12                      0.0002511890346191200    1.000000000000000   0.0000000000000000
    surfk_2_14                      0.0001584890000000000    1.000000000000000   0.0000000000000000
    surfk_2_15                      0.0001584890000000000    1.000000000000000   0.0000000000000000
    surfk_2_16                      0.0001584889999831900    1.000000000000000   0.0000000000000000
    surfk_2_17                      0.0001584890000000000    1.000000000000000   0.0000000000000000
    surfk_2_18                      0.0001584693565925900    1.000000000000000   0.0000000000000000
    surfk_2_19                      0.0001584890000000000    1.000000000000000   0.0000000000000000
     surfk_2_2                      0.0001000000858733000    1.000000000000000   0.0000000000000000
    surfk_2_20                      0.0006309569999901500    1.000000000000000   0.0000000000000000
    surfk_2_21                      0.0001584889997873100    1.000000000000000   0.0000000000000000
    surfk_2_22                      0.0001584890002367900    1.000000000000000   0.0000000000000000
     surfk_2_3                      0.0001000000000000000    1.000000000000000   0.0000000000000000
     surfk_2_4                      0.0002511913898993000    1.000000000000000   0.0000000000000000
     surfk_2_5                      0.0002512120459489000    1.000000000000000   0.0000000000000000
     surfk_2_6                      0.0001584883496798000    1.000000000000000   0.0000000000000000
     surfk_2_7                      0.0002511890000000000    1.000000000000000   0.0000000000000000
     surfk_2_8                      0.0002511889999454000    1.000000000000000   0.0000000000000000
     surfk_2_9                      0.0002511889779581000    1.000000000000000   0.0000000000000000
     surfk_3_1                      3.020000000000000e-08    1.000000000000000   0.0000000000000000
    surfk_3_10                      3.090000000000000e-08    1.000000000000000   0.0000000000000000
    surfk_3_11                      3.090000000000000e-08    1.000000000000000   0.0000000000000000
    surfk_3_12                      3.089243247516600e-08    1.000000000000000   0.0000000000000000
    surfk_3_13                      3.090000000000000e-08    1.000000000000000   0.0000000000000000
    surfk_3_14                      3.090000000000000e-08    1.000000000000000   0.0000000000000000
    surfk_3_15                      3.090000000000000e-08    1.000000000000000   0.0000000000000000
    surfk_3_16                      1.000000000000000e-07    1.000000000000000   0.0000000000000000
    surfk_3_17                      3.089999999992200e-08    1.000000000000000   0.0000000000000000
    surfk_3_18                      3.090000000000100e-08    1.000000000000000   0.0000000000000000
    surfk_3_19                      3.089992397104200e-08    1.000000000000000   0.0000000000000000
     surfk_3_2                      3.090000000000000e-08    1.000000000000000   0.0000000000000000
    surfk_3_20                      1.149999999938300e-07    1.000000000000000   0.0000000000000000
    surfk_3_21                      3.089999999986500e-08    1.000000000000000   0.0000000000000000
    surfk_3_22                      3.089991769839900e-08    1.000000000000000   0.0000000000000000
     surfk_3_3                      3.090000000000000e-08    1.000000000000000   0.0000000000000000
     surfk_3_4                      3.090000000000000e-08    1.000000000000000   0.0000000000000000
     surfk_3_5                      3.090000000000000e-08    1.000000000000000   0.0000000000000000
     surfk_3_6                      1.000000000000000e-07    1.000000000000000   0.0000000000000000
     surfk_3_7                      3.090000000000000e-08    1.000000000000000   0.0000000000000000
     surfk_3_8                      3.090000000000000e-08    1.000000000000000   0.0000000000000000
     surfk_3_9                      3.090000000000000e-08    1.000000000000000   0.0000000000000000
   vka_ratio_1                      0.09250470189279000    1.000000000000000   0.0000000000000000
   vka_ratio_2                      0.09999447132599622    1.000000000000000   0.0000000000000000
   vka_ratio_3                      0.09999927577670280    1.000000000000000   0.0000000000000000
       vks_1_1                      0.0002511890000000000    1.000000000000000   0.0000000000000000
      vks_1_10                      0.0002511890000000000    1.000000000000000   0.0000000000000000
      vks_1_11                      0.0002511890000000000    1.000000000000000   0.0000000000000000
      vks_1_12                      0.0002511890000000000    1.000000000000000   0.0000000000000000
      vks_1_13                      0.0002511890000000000    1.000000000000000   0.0000000000000000
      vks_1_14                      0.0002511890000000000    1.000000000000000   0.0000000000000000
      vks_1_15                      0.0002511890000000000    1.000000000000000   0.0000000000000000
      vks_1_16                      0.0002511890000000000    1.000000000000000   0.0000000000000000
      vks_1_17                      0.0002511890000000000    1.000000000000000   0.0000000000000000
      vks_1_18                      0.0002511890000000000    1.000000000000000   0.0000000000000000
      vks_1_19                      0.0002511890000000000    1.000000000000000   0.0000000000000000
       vks_1_2                      0.0002511890000000000    1.000000000000000   0.0000000000000000
      vks_1_21                      0.0002511890000000000    1.000000000000000   0.0000000000000000
       vks_1_3                      0.0002511890000000000    1.000000000000000   0.0000000000000000
       vks_1_4                      0.0003981070000000000    1.000000000000000   0.0000000000000000
       vks_1_5                      0.0003981070000000000    1.000000000000000   0.0000000000000000
       vks_1_6                      0.0002511890000000000    1.000000000000000   0.0000000000000000
       vks_1_8                      0.0002511890000000000    1.000000000000000   0.0000000000000000
       vks_1_9                      0.0002511890000000000    1.000000000000000   0.0000000000000000
       vks_2_1                      0.0002511890000000000    1.000000000000000   0.0000000000000000
      vks_2_10                      0.0002511890000000000    1.000000000000000   0.0000000000000000
      vks_2_11                      0.0002511890000000000    1.000000000000000   0.0000000000000000
      vks_2_12                      0.0002511890000000000    1.000000000000000   0.0000000000000000
      vks_2_14                      0.0001584890000000000    1.000000000000000   0.0000000000000000
      vks_2_15                      0.0001584890000000000    1.000000000000000   0.0000000000000000
      vks_2_16                      0.0001584890000000000    1.000000000000000   0.0000000000000000
      vks_2_17                      0.0001584890000000000    1.000000000000000   0.0000000000000000
      vks_2_18                      0.0001584890000000000    1.000000000000000   0.0000000000000000
      vks_2_19                      0.0001584890000000000    1.000000000000000   0.0000000000000000
       vks_2_2                      0.0001000000000000000    1.000000000000000   0.0000000000000000
      vks_2_20                      0.0006309570000000000    1.000000000000000   0.0000000000000000
      vks_2_21                      0.0001584890000000000    1.000000000000000   0.0000000000000000
      vks_2_22                      0.0001584890000000000    1.000000000000000   0.0000000000000000
       vks_2_3                      0.0001000000000000000    1.000000000000000   0.0000000000000000
       vks_2_4                      0.0002511890000000000    1.000000000000000   0.0000000000000000
       vks_2_5                      0.0002511890000000000    1.000000000000000   0.0000000000000000
       vks_2_6                      0.0001584890000000000    1.000000000000000   0.0000000000000000
       vks_2_7                      0.0002511890000000000    1.000000000000000   0.0000000000000000
       vks_2_8                      0.0002511890000000000    1.000000000000000   0.0000000000000000
       vks_2_9                      0.0002511890000000000    1.000000000000000   0.0000000000000000
       vks_3_1                      3.020000000000000e-08    1.000000000000000   0.0000000000000000
      vks_3_10                      3.090000000000000e-08    1.000000000000000   0.0000000000000000
      vks_3_11                      3.090000000000000e-08    1.000000000000000   0.0000000000000000
      vks_3_12                      3.090000000000000e-08    1.000000000000000   0.0000000000000000
      vks_3_13                      3.090000000000000e-08    1.000000000000000   0.0000000000000000
      vks_3_14                      3.090000000000000e-08    1.000000000000000   0.0000000000000000
      vks_3_15                      3.090000000000000e-08    1.000000000000000   0.0000000000000000
      vks_3_16                      1.000000000000000e-07    1.000000000000000   0.0000000000000000
      vks_3_17                      3.090000000000000e-08    1.000000000000000   0.0000000000000000
      vks_3_18                      3.090000000000000e-08    1.000000000000000   0.0000000000000000
      vks_3_19                      3.090000000000000e-08    1.000000000000000   0.0000000000000000
       vks_3_2                      3.090000000000000e-08    1.000000000000000   0.0000000000000000
      vks_3_20                      1.150000000000000e-07    1.000000000000000   0.0000000000000000
      vks_3_21                      3.090000000000000e-08    1.000000000000000   0.0000000000000000
      vks_3_22                      3.090000000000000e-08    1.000000000000000   0.0000000000000000
       vks_3_3                      3.090000000000000e-08    1.000000000000000   0.0000000000000000
       vks_3_4                      3.090000000000000e-08    1.000000000000000   0.0000000000000000
       vks_3_5                      3.090000000000000e-08    1.000000000000000   0.0000000000000000
       vks_3_6                      1.000000000000000e-07    1.000000000000000   0.0000000000000000
       vks_3_7                      3.090000000000000e-08    1.000000000000000   0.0000000000000000
       vks_3_8                      3.090000000000000e-08    1.000000000000000   0.0000000000000000
       vks_3_9                      3.090000000000000e-08    1.000000000000000   0.0000000000000000
